8.751655883789062500e+02 2.675672607421875000e+02 7.971984148025512695e-01
6.079909667968750000e+02 3.829258422851562500e+02 5.877946019172668457e-01
5.660780029296875000e+02 3.776250915527343750e+02 6.299505233764648438e-01
3.096889038085937500e+02 5.504952392578125000e+02 7.912811040878295898e-01
5.240803222656250000e+02 2.729839477539062500e+02 8.540144562721252441e-01
6.656970825195312500e+02 3.932109985351562500e+02 4.525158405303955078e-01
0.000000000000000000e+00 0.000000000000000000e+00 0.000000000000000000e+00
0.000000000000000000e+00 0.000000000000000000e+00 0.000000000000000000e+00
3.827812194824218750e+02 8.490728759765625000e+02 5.321243405342102051e-01
3.147085571289062500e+02 8.596561889648437500e+02 5.380441546440124512e-01
6.551543579101562500e+02 1.069268920898437500e+03 7.828313708305358887e-01
4.402988586425781250e+02 1.535151855468750000e+03 7.453146576881408691e-01
4.509586181640625000e+02 8.280784301757812500e+02 4.226039946079254150e-01
7.391929931640625000e+02 9.851657104492187500e+02 7.878538966178894043e-01
5.715694580078125000e+02 1.283805664062500000e+03 1.538473367691040039e-01
8.594160156250000000e+02 2.204342803955078125e+02 8.915023803710937500e-01
0.000000000000000000e+00 0.000000000000000000e+00 0.000000000000000000e+00
7.442683715820312500e+02 1.892697143554687500e+02 8.411186933517456055e-01
0.000000000000000000e+00 0.000000000000000000e+00 0.000000000000000000e+00
6.448034667968750000e+02 1.330953247070312500e+03 4.265420138835906982e-01
6.444994506835937500e+02 1.325602661132812500e+03 4.268892109394073486e-01
5.923919677734375000e+02 1.325706909179687500e+03 7.457592338323593140e-02
5.608367309570312500e+02 1.660911987304687500e+03 6.472551822662353516e-01
5.189599609375000000e+02 1.660888549804687500e+03 5.775663256645202637e-01
3.931583862304687500e+02 1.561346923828125000e+03 6.950916051864624023e-01
