1.208879852294921875e+02 6.916554565429687500e+02 8.964587450027465820e-01
3.148216552734375000e+02 7.811185913085937500e+02 6.602835655212402344e-01
3.096046752929687500e+02 7.756960449218750000e+02 4.790543913841247559e-01
4.405216674804687500e+02 8.595089721679687500e+02 7.249407470226287842e-02
0.000000000000000000e+00 0.000000000000000000e+00 0.000000000000000000e+00
3.304635314941406250e+02 7.967393188476562500e+02 7.366128563880920410e-01
5.086338806152343750e+02 9.747890014648437500e+02 8.609909415245056152e-01
2.833037414550781250e+02 8.596384277343750000e+02 8.681454658508300781e-01
5.662086181640625000e+02 1.121394531250000000e+03 5.997158885002136230e-01
5.243361816406250000e+02 1.110760253906250000e+03 4.595412909984588623e-01
3.150304260253906250e+02 1.158204101562500000e+03 8.290063738822937012e-01
4.875549316406250000e+02 1.430505493164062500e+03 7.723550796508789062e-01
6.030032348632812500e+02 1.147384155273437500e+03 6.796640753746032715e-01
3.252780456542968750e+02 1.372960083007812500e+03 8.057054877281188965e-01
5.190568847656250000e+02 1.608628295898437500e+03 8.535782098770141602e-01
0.000000000000000000e+00 0.000000000000000000e+00 0.000000000000000000e+00
1.469866790771484375e+02 6.710119628906250000e+02 8.946788907051086426e-01
0.000000000000000000e+00 0.000000000000000000e+00 0.000000000000000000e+00
2.258761749267578125e+02 6.971348266601562500e+02 8.967584967613220215e-01
4.090944824218750000e+02 1.723757934570312500e+03 7.829076647758483887e-01
4.614528198242187500e+02 1.718594848632812500e+03 6.940152049064636230e-01
5.609108276367187500e+02 1.613935546875000000e+03 8.136914968490600586e-01
5.085727233886718750e+02 1.482715087890625000e+03 2.544486224651336670e-01
0.000000000000000000e+00 0.000000000000000000e+00 0.000000000000000000e+00
5.190776977539062500e+02 1.445968383789062500e+03 8.459639549255371094e-01
