8.700692749023437500e+02 3.146199951171875000e+02 8.043417930603027344e-01
6.028266601562500000e+02 4.350499267578125000e+02 5.715549588203430176e-01
5.608295288085937500e+02 4.300779418945312500e+02 5.856128931045532227e-01
3.147119445800781250e+02 6.079746093750000000e+02 8.197309374809265137e-01
5.244442749023437500e+02 3.461876831054687500e+02 8.041821122169494629e-01
6.604753417968750000e+02 4.352229614257812500e+02 4.350010454654693604e-01
0.000000000000000000e+00 0.000000000000000000e+00 0.000000000000000000e+00
0.000000000000000000e+00 0.000000000000000000e+00 0.000000000000000000e+00
3.827979125976562500e+02 8.805139770507812500e+02 5.043597221374511719e-01
3.146797485351562500e+02 9.013018188476562500e+02 5.450388789176940918e-01
6.762618408203125000e+02 1.105579467773437500e+03 7.987930774688720703e-01
4.350345153808593750e+02 1.535313842773437500e+03 7.484679222106933594e-01
4.562331237792968750e+02 8.595335083007812500e+02 4.182183146476745605e-01
7.495816650390625000e+02 9.905228881835937500e+02 7.674813270568847656e-01
6.027764282226562500e+02 1.257551757812500000e+03 6.927031278610229492e-02
8.594335327148437500e+02 2.624722595214843750e+02 8.952568769454956055e-01
0.000000000000000000e+00 0.000000000000000000e+00 0.000000000000000000e+00
7.442392578125000000e+02 2.311074829101562500e+02 8.551448583602905273e-01
0.000000000000000000e+00 0.000000000000000000e+00 0.000000000000000000e+00
6.498873901367187500e+02 1.325635986328125000e+03 1.399637758731842041e-01
6.449314575195312500e+02 1.320622680664062500e+03 1.344624161720275879e-01
0.000000000000000000e+00 0.000000000000000000e+00 0.000000000000000000e+00
5.348102416992187500e+02 1.666134399414062500e+03 6.645263433456420898e-01
4.876045837402343750e+02 1.661010009765625000e+03 5.787560939788818359e-01
3.828740539550781250e+02 1.561414794921875000e+03 6.838097572326660156e-01
