1.313662261962890625e+02 6.554290161132812500e+02 8.393321037292480469e-01
3.200364074707031250e+02 7.652127075195312500e+02 6.877038478851318359e-01
3.201038513183593750e+02 7.494468383789062500e+02 5.070936083793640137e-01
4.561402893066406250e+02 8.230096435546875000e+02 1.434759199619293213e-01
0.000000000000000000e+00 0.000000000000000000e+00 0.000000000000000000e+00
3.304759826660156250e+02 7.704680786132812500e+02 8.040566444396972656e-01
5.086177978515625000e+02 9.431583862304687500e+02 8.940308690071105957e-01
2.886699523925781250e+02 8.385607910156250000e+02 8.120267391204833984e-01
5.715376586914062500e+02 1.105800781250000000e+03 6.182916164398193359e-01
5.348012695312500000e+02 1.100407104492187500e+03 4.598178565502166748e-01
3.304960021972656250e+02 1.157991210937500000e+03 7.966648340225219727e-01
4.927905578613281250e+02 1.430507812500000000e+03 7.889795303344726562e-01
6.080828857421875000e+02 1.116181884765625000e+03 6.719854474067687988e-01
3.410249938964843750e+02 1.362501464843750000e+03 8.661077618598937988e-01
5.190953369140625000e+02 1.608467407226562500e+03 8.563961982727050781e-01
0.000000000000000000e+00 0.000000000000000000e+00 0.000000000000000000e+00
1.523067321777343750e+02 6.445647583007812500e+02 8.807857036590576172e-01
0.000000000000000000e+00 0.000000000000000000e+00 0.000000000000000000e+00
2.310035858154296875e+02 6.812618408203125000e+02 8.830047845840454102e-01
4.089969787597656250e+02 1.718600708007812500e+03 7.711087465286254883e-01
4.613657836914062500e+02 1.718502563476562500e+03 6.901112198829650879e-01
5.608688354492187500e+02 1.613863647460937500e+03 8.010159730911254883e-01
5.033328247070312500e+02 1.487922119140625000e+03 2.492098659276962280e-01
0.000000000000000000e+00 0.000000000000000000e+00 0.000000000000000000e+00
5.191396484375000000e+02 1.441012451171875000e+03 8.558474183082580566e-01
