1.419154815673828125e+02 6.813517456054687500e+02 9.186993241310119629e-01
3.201656188964843750e+02 7.704651489257812500e+02 6.734812259674072266e-01
3.095720825195312500e+02 7.651330566406250000e+02 4.902375638484954834e-01
0.000000000000000000e+00 0.000000000000000000e+00 0.000000000000000000e+00
0.000000000000000000e+00 0.000000000000000000e+00 0.000000000000000000e+00
3.512647399902343750e+02 7.756598510742187500e+02 8.421204686164855957e-01
5.241409301757812500e+02 9.589554443359375000e+02 8.801797628402709961e-01
3.094117126464843750e+02 8.593143920898437500e+02 9.204719066619873047e-01
5.976471557617187500e+02 1.105565307617187500e+03 6.130226254463195801e-01
5.608483276367187500e+02 1.084775146484375000e+03 4.482837319374084473e-01
3.512119445800781250e+02 1.147574340820312500e+03 8.212753534317016602e-01
5.137902832031250000e+02 1.404476806640625000e+03 7.947571873664855957e-01
6.290447387695312500e+02 1.111124145507812500e+03 6.545569300651550293e-01
3.564876403808593750e+02 1.351870849609375000e+03 8.731203675270080566e-01
5.347258911132812500e+02 1.582410644531250000e+03 7.805771231651306152e-01
0.000000000000000000e+00 0.000000000000000000e+00 0.000000000000000000e+00
1.628685150146484375e+02 6.500080566406250000e+02 8.731307983398437500e-01
0.000000000000000000e+00 0.000000000000000000e+00 0.000000000000000000e+00
2.413458404541015625e+02 6.814033813476562500e+02 8.496248722076416016e-01
4.352343750000000000e+02 1.702968750000000000e+03 7.746828794479370117e-01
4.772660217285156250e+02 1.702858398437500000e+03 6.925303339958190918e-01
5.716166992187500000e+02 1.598044799804687500e+03 7.999820709228515625e-01
5.190449218750000000e+02 1.456632568359375000e+03 9.478189051151275635e-02
0.000000000000000000e+00 0.000000000000000000e+00 0.000000000000000000e+00
5.348342895507812500e+02 1.425224243164062500e+03 7.641341686248779297e-01
