8.700078125000000000e+02 3.202001342773437500e+02 7.974155545234680176e-01
6.079813232421875000e+02 4.665667724609375000e+02 5.899757146835327148e-01
5.607698364257812500e+02 4.510035705566406250e+02 5.471630096435546875e-01
3.199352416992187500e+02 6.446997070312500000e+02 7.971934080123901367e-01
5.191632080078125000e+02 3.777024841308593750e+02 8.040195107460021973e-01
6.761345825195312500e+02 4.770606994628906250e+02 4.655683040618896484e-01
0.000000000000000000e+00 0.000000000000000000e+00 0.000000000000000000e+00
0.000000000000000000e+00 0.000000000000000000e+00 0.000000000000000000e+00
3.933722534179687500e+02 9.015264892578125000e+02 5.292394161224365234e-01
3.200400695800781250e+02 9.327443847656250000e+02 5.140950679779052734e-01
6.921413574218750000e+02 1.110786621093750000e+03 8.345697522163391113e-01
4.405430908203125000e+02 1.545681884765625000e+03 7.108216285705566406e-01
4.770513610839843750e+02 8.908160400390625000e+02 4.163002669811248779e-01
7.703231811523437500e+02 1.001025390625000000e+03 7.753649353981018066e-01
6.083050537109375000e+02 1.194761596679687500e+03 7.153940200805664062e-02
8.594470214843750000e+02 2.731389160156250000e+02 8.944438099861145020e-01
0.000000000000000000e+00 0.000000000000000000e+00 0.000000000000000000e+00
7.391593017578125000e+02 2.675040283203125000e+02 8.582187891006469727e-01
0.000000000000000000e+00 0.000000000000000000e+00 0.000000000000000000e+00
0.000000000000000000e+00 0.000000000000000000e+00 0.000000000000000000e+00
0.000000000000000000e+00 0.000000000000000000e+00 0.000000000000000000e+00
0.000000000000000000e+00 0.000000000000000000e+00 0.000000000000000000e+00
5.504650878906250000e+02 1.681777465820312500e+03 6.073930859565734863e-01
5.085932617187500000e+02 1.676572387695312500e+03 5.227755904197692871e-01
3.983960266113281250e+02 1.566725708007812500e+03 6.657164692878723145e-01
