4.038568115234375000e+02 8.962423095703125000e+02 9.133237600326538086e-01
5.975743408203125000e+02 9.486249389648437500e+02 7.813780903816223145e-01
5.244654541015625000e+02 9.486748657226562500e+02 6.552180647850036621e-01
5.609947509765625000e+02 1.121326538085937500e+03 6.699517369270324707e-02
0.000000000000000000e+00 0.000000000000000000e+00 0.000000000000000000e+00
6.502145996093750000e+02 9.486926269531250000e+02 7.663928270339965820e-01
7.703683471679687500e+02 1.173690429687500000e+03 8.244170546531677246e-01
6.341496582031250000e+02 1.063954589843750000e+03 8.113076686859130859e-01
7.023987426757812500e+02 1.273331787109375000e+03 6.004126667976379395e-01
6.448070068359375000e+02 1.231502319335937500e+03 5.654518008232116699e-01
4.297893066406250000e+02 1.189341186523437500e+03 8.363348245620727539e-01
5.663272094726562500e+02 1.461871582031250000e+03 2.514663934707641602e-01
7.702769165039062500e+02 1.315062377929687500e+03 6.265990734100341797e-01
3.986625976562500000e+02 1.314995239257812500e+03 9.055052995681762695e-01
6.395721435546875000e+02 1.613771972656250000e+03 7.510207891464233398e-01
3.934057922363281250e+02 8.598157958984375000e+02 1.093399077653884888e-01
4.195961303710937500e+02 8.647178955078125000e+02 8.544268608093261719e-01
0.000000000000000000e+00 0.000000000000000000e+00 0.000000000000000000e+00
4.928771362304687500e+02 8.488819580078125000e+02 8.302611112594604492e-01
5.610169677734375000e+02 1.713346801757812500e+03 6.619282364845275879e-01
6.027626953125000000e+02 1.713381103515625000e+03 6.704427003860473633e-01
6.867124633789062500e+02 1.619055297851562500e+03 7.285113334655761719e-01
0.000000000000000000e+00 0.000000000000000000e+00 0.000000000000000000e+00
0.000000000000000000e+00 0.000000000000000000e+00 0.000000000000000000e+00
6.500542602539062500e+02 1.561382690429687500e+03 9.029408544301986694e-02
