7.862514038085937500e+02 9.537897338867187500e+02 8.155688047409057617e-01
6.082906494140625000e+02 1.063902954101562500e+03 8.358106017112731934e-01
5.660588989257812500e+02 1.063715576171875000e+03 8.379539251327514648e-01
4.717425537109375000e+02 1.299523437500000000e+03 8.214322328567504883e-01
5.924574584960937500e+02 1.121336425781250000e+03 8.042822480201721191e-01
6.605812988281250000e+02 1.068943969726562500e+03 6.731887459754943848e-01
0.000000000000000000e+00 0.000000000000000000e+00 0.000000000000000000e+00
0.000000000000000000e+00 0.000000000000000000e+00 0.000000000000000000e+00
4.404696350097656250e+02 1.446258056640625000e+03 6.571044325828552246e-01
3.931700134277343750e+02 1.482821899414062500e+03 6.713691353797912598e-01
7.339404907226562500e+02 1.514156372070312500e+03 8.326607346534729004e-01
5.607507934570312500e+02 1.781427734375000000e+03 8.191680908203125000e-01
4.980234680175781250e+02 1.414698364257812500e+03 5.411551594734191895e-01
7.076638183593750000e+02 1.425228637695312500e+03 7.651273608207702637e-01
5.241450805664062500e+02 1.692514892578125000e+03 7.707096338272094727e-01
7.706329956054687500e+02 9.378254394531250000e+02 9.241786003112792969e-01
0.000000000000000000e+00 0.000000000000000000e+00 0.000000000000000000e+00
6.868800659179687500e+02 9.434803466796875000e+02 9.205893278121948242e-01
0.000000000000000000e+00 0.000000000000000000e+00 0.000000000000000000e+00
5.872559204101562500e+02 1.739414062500000000e+03 5.862046405673027039e-02
0.000000000000000000e+00 0.000000000000000000e+00 0.000000000000000000e+00
4.824242248535156250e+02 1.707950805664062500e+03 6.760269999504089355e-01
6.918341674804687500e+02 1.838986450195312500e+03 7.072546482086181641e-01
6.501848144531250000e+02 1.859672241210937500e+03 7.174131870269775391e-01
5.188332519531250000e+02 1.802349365234375000e+03 8.073554635047912598e-01
