7.914418945312500000e+02 7.650808715820312500e+02 8.445180654525756836e-01
6.133306274414062500e+02 8.229268798828125000e+02 6.796700954437255859e-01
6.132506713867187500e+02 8.542482299804687500e+02 8.684228658676147461e-01
5.084656677246093750e+02 1.027189208984375000e+03 9.012601375579833984e-01
6.502111816406250000e+02 8.961207275390625000e+02 8.915303945541381836e-01
6.237585449218750000e+02 8.071737670898437500e+02 5.742554068565368652e-01
0.000000000000000000e+00 0.000000000000000000e+00 0.000000000000000000e+00
0.000000000000000000e+00 0.000000000000000000e+00 0.000000000000000000e+00
3.200762939453125000e+02 1.027352905273437500e+03 6.121319532394409180e-01
3.096303405761718750e+02 1.058349365234375000e+03 7.096526622772216797e-01
6.030360107421875000e+02 1.199956787109375000e+03 9.158568978309631348e-01
4.717694091796875000e+02 1.482569335937500000e+03 8.261761665344238281e-01
3.461437988281250000e+02 1.016715576171875000e+03 4.331933259963989258e-01
5.871678466796875000e+02 1.110865234375000000e+03 8.606855869293212891e-01
4.562516784667968750e+02 1.362558715820312500e+03 7.905625104904174805e-01
7.758349609375000000e+02 7.337567138671875000e+02 9.543532133102416992e-01
0.000000000000000000e+00 0.000000000000000000e+00 0.000000000000000000e+00
7.181013793945312500e+02 7.340125122070312500e+02 9.085841774940490723e-01
0.000000000000000000e+00 0.000000000000000000e+00 0.000000000000000000e+00
5.663600463867187500e+02 1.393827270507812500e+03 7.159811258316040039e-01
5.661456298828125000e+02 1.388425903320312500e+03 6.931077241897583008e-01
4.299395141601562500e+02 1.388613769531250000e+03 8.664656877517700195e-01
5.870871582031250000e+02 1.524463134765625000e+03 7.818825840950012207e-01
5.607668457031250000e+02 1.529868041992187500e+03 8.508695960044860840e-01
4.352617797851562500e+02 1.493233032226562500e+03 8.428961038589477539e-01
