3.829273986816406250e+02 8.488608398437500000e+02 8.397098779678344727e-01
5.607998046875000000e+02 8.751911621093750000e+02 7.162237167358398438e-01
5.243956298828125000e+02 8.699556884765625000e+02 5.516045093536376953e-01
5.556966552734375000e+02 1.063970581054687500e+03 2.152172476053237915e-01
0.000000000000000000e+00 0.000000000000000000e+00 0.000000000000000000e+00
5.662151489257812500e+02 8.909096069335937500e+02 6.184019446372985840e-01
5.451806030273437500e+02 1.110897338867187500e+03 7.685139179229736328e-01
3.671554870605468750e+02 1.116234863281250000e+03 2.846987843513488770e-01
7.024373168945312500e+02 1.200108154296875000e+03 5.617711544036865234e-01
6.395512084960937500e+02 1.152896606445312500e+03 4.903322458267211914e-01
3.987615966796875000e+02 1.173713378906250000e+03 5.111984610557556152e-01
3.933314819335937500e+02 1.262744628906250000e+03 2.865902185440063477e-01
7.599952392578125000e+02 1.247177368164062500e+03 6.064577698707580566e-01
3.985632934570312500e+02 1.315108642578125000e+03 8.752607107162475586e-01
6.289671020507812500e+02 1.613963745117187500e+03 7.687650918960571289e-01
0.000000000000000000e+00 0.000000000000000000e+00 0.000000000000000000e+00
3.879855957031250000e+02 8.124344482421875000e+02 9.077170491218566895e-01
0.000000000000000000e+00 0.000000000000000000e+00 0.000000000000000000e+00
4.510784606933593750e+02 7.756407470703125000e+02 9.073805212974548340e-01
5.400252685546875000e+02 1.708043212890625000e+03 6.642531752586364746e-01
5.819827880859375000e+02 1.713324829101562500e+03 7.029161453247070312e-01
6.761831665039062500e+02 1.629505249023437500e+03 6.979461312294006348e-01
3.096804504394531250e+02 1.283945678710937500e+03 4.155570268630981445e-01
3.146727294921875000e+02 1.278506591796875000e+03 3.831633329391479492e-01
3.880195312500000000e+02 1.268058959960937500e+03 7.397930324077606201e-02
