2.258339080810546875e+02 7.758975219726562500e+02 9.296679496765136719e-01
3.934024658203125000e+02 9.013512573242187500e+02 7.372716665267944336e-01
3.934383544921875000e+02 8.909559936523437500e+02 5.707696676254272461e-01
0.000000000000000000e+00 0.000000000000000000e+00 0.000000000000000000e+00
0.000000000000000000e+00 0.000000000000000000e+00 0.000000000000000000e+00
3.933106384277343750e+02 9.068495483398437500e+02 8.404597043991088867e-01
4.143073730468750000e+02 1.152730346679687500e+03 8.789893388748168945e-01
3.149782104492187500e+02 9.435294799804687500e+02 8.854156136512756348e-01
5.818976440429687500e+02 1.231427246093750000e+03 6.226047277450561523e-01
5.975058593750000000e+02 1.200011596679687500e+03 4.824514091014862061e-01
3.462958068847656250e+02 1.315074096679687500e+03 9.006715416908264160e-01
4.771655273437500000e+02 1.530188354492187500e+03 8.389231562614440918e-01
5.715493164062500000e+02 1.262886962890625000e+03 6.217776536941528320e-01
3.150317382812500000e+02 1.482902832031250000e+03 9.231905937194824219e-01
4.928529357910156250e+02 1.692107299804687500e+03 8.239152431488037109e-01
0.000000000000000000e+00 0.000000000000000000e+00 0.000000000000000000e+00
2.518702850341796875e+02 7.651315307617187500e+02 8.677152991294860840e-01
0.000000000000000000e+00 0.000000000000000000e+00 0.000000000000000000e+00
3.251889343261718750e+02 7.759213256835937500e+02 8.966889381408691406e-01
3.879381103515625000e+02 1.749917968750000000e+03 7.649868726730346680e-01
4.195196838378906250e+02 1.760423706054687500e+03 7.525981664657592773e-01
5.244960937500000000e+02 1.697402709960937500e+03 9.048720002174377441e-01
4.403884582519531250e+02 1.598105957031250000e+03 9.573276340961456299e-02
4.404906616210937500e+02 1.603121582031250000e+03 7.744579017162322998e-02
5.086431884765625000e+02 1.561342529296875000e+03 8.718224763870239258e-01
