7.862927856445312500e+02 7.340077514648437500e+02 8.879914879798889160e-01
6.290157470703125000e+02 8.856872558593750000e+02 7.436869144439697266e-01
6.027558593750000000e+02 8.908881225585937500e+02 7.959918975830078125e-01
4.824716491699218750e+02 1.173853515625000000e+03 8.838019371032714844e-01
5.664658813476562500e+02 9.797681274414062500e+02 7.261937260627746582e-01
6.552574462890625000e+02 8.700825195312500000e+02 7.357922196388244629e-01
6.447695312500000000e+02 1.021886352539062500e+03 1.828329861164093018e-01
6.133516235351562500e+02 1.105533447265625000e+03 5.583663582801818848e-01
4.194572448730468750e+02 1.226032836914062500e+03 5.913186669349670410e-01
3.776900024414062500e+02 1.241890747070312500e+03 6.593771576881408691e-01
7.283991699218750000e+02 1.404178833007812500e+03 8.986270427703857422e-01
5.138991699218750000e+02 1.655636108398437500e+03 8.504459261894226074e-01
4.562163085937500000e+02 1.194585571289062500e+03 4.790033400058746338e-01
6.918601074218750000e+02 1.236617553710937500e+03 8.842850923538208008e-01
5.240659790039062500e+02 1.482680297851562500e+03 8.446602225303649902e-01
7.706099243164062500e+02 7.075811157226562500e+02 8.848304152488708496e-01
0.000000000000000000e+00 0.000000000000000000e+00 0.000000000000000000e+00
6.917423095703125000e+02 7.282808227539062500e+02 8.015424013137817383e-01
0.000000000000000000e+00 0.000000000000000000e+00 0.000000000000000000e+00
5.714324951171875000e+02 1.514162109375000000e+03 2.002977281808853149e-01
5.663093872070312500e+02 1.488014160156250000e+03 1.884819269180297852e-01
4.825817871093750000e+02 1.493447265625000000e+03 8.884650468826293945e-01
6.341819458007812500e+02 1.733983764648437500e+03 7.214936017990112305e-01
5.924202270507812500e+02 1.734353637695312500e+03 7.485249638557434082e-01
4.769818725585937500e+02 1.666053344726562500e+03 8.159578442573547363e-01
