1.472378234863281250e+02 6.499755859375000000e+02 9.251150488853454590e-01
3.514526672363281250e+02 7.598939208984375000e+02 6.651301980018615723e-01
3.512647705078125000e+02 7.390708007812500000e+02 4.955261051654815674e-01
0.000000000000000000e+00 0.000000000000000000e+00 0.000000000000000000e+00
0.000000000000000000e+00 0.000000000000000000e+00 0.000000000000000000e+00
3.566237182617187500e+02 7.653046875000000000e+02 8.419089913368225098e-01
5.245101928710937500e+02 9.434483642578125000e+02 8.961871862411499023e-01
3.145978393554687500e+02 8.542850341796875000e+02 9.347214102745056152e-01
6.079769287109375000e+02 1.079533447265625000e+03 6.298322081565856934e-01
5.662581787109375000e+02 1.069057250976562500e+03 5.169528722763061523e-01
3.568704528808593750e+02 1.126723999023437500e+03 8.010638952255249023e-01
5.241638183593750000e+02 1.393740234375000000e+03 8.056296110153198242e-01
6.446017456054687500e+02 1.100388183593750000e+03 6.754003763198852539e-01
3.620072326660156250e+02 1.325738769531250000e+03 8.422712087631225586e-01
5.555109252929687500e+02 1.566765991210937500e+03 8.354605436325073242e-01
0.000000000000000000e+00 0.000000000000000000e+00 0.000000000000000000e+00
1.835051879882812500e+02 6.290678100585937500e+02 8.618612885475158691e-01
0.000000000000000000e+00 0.000000000000000000e+00 0.000000000000000000e+00
2.623417053222656250e+02 6.604910888671875000e+02 8.575487136840820312e-01
4.405351257324218750e+02 1.686983032226562500e+03 7.942448854446411133e-01
4.876998901367187500e+02 1.686917358398437500e+03 6.818209290504455566e-01
5.872327880859375000e+02 1.571967895507812500e+03 7.780800461769104004e-01
5.296611938476562500e+02 1.440989013671875000e+03 2.440843582153320312e-01
5.348242187500000000e+02 1.440746826171875000e+03 2.281040996313095093e-01
5.555860595703125000e+02 1.404083129882812500e+03 7.981047630310058594e-01
