7.861296386718750000e+02 1.037527832031250000e+03 8.705230951309204102e-01
6.132544555664062500e+02 1.011325439453125000e+03 7.727774977684020996e-01
6.132910156250000000e+02 1.042781494140625000e+03 8.074182868003845215e-01
4.823259582519531250e+02 1.226208496093750000e+03 8.598616123199462891e-01
6.186758422851562500e+02 1.147417480468750000e+03 8.230853080749511719e-01
6.082506103515625000e+02 9.694855957031250000e+02 6.982342004776000977e-01
5.138464355468750000e+02 1.137136840820312500e+03 9.080541878938674927e-02
6.290580444335937500e+02 1.116284545898437500e+03 2.162568867206573486e-01
2.937520446777343750e+02 1.231524047851562500e+03 6.000960469245910645e-01
3.042586975097656250e+02 1.252315429687500000e+03 6.793540120124816895e-01
6.342575073242187500e+02 1.252350341796875000e+03 8.314675092697143555e-01
4.823836364746093750e+02 1.519340576171875000e+03 8.302605748176574707e-01
2.780374450683593750e+02 1.205261718750000000e+03 4.382536411285400391e-01
5.818151855468750000e+02 1.205220336914062500e+03 5.242764949798583984e-01
4.824781494140625000e+02 1.414673095703125000e+03 7.935273051261901855e-01
7.862000732421875000e+02 1.021709960937500000e+03 8.971886038780212402e-01
0.000000000000000000e+00 0.000000000000000000e+00 0.000000000000000000e+00
7.336356811523437500e+02 9.854995117187500000e+02 9.362310767173767090e-01
0.000000000000000000e+00 0.000000000000000000e+00 0.000000000000000000e+00
5.976943969726562500e+02 1.435526733398437500e+03 6.593586802482604980e-01
5.976748657226562500e+02 1.430312988281250000e+03 6.518239378929138184e-01
4.406445007324218750e+02 1.435495605468750000e+03 7.723202705383300781e-01
6.030107421875000000e+02 1.571808593750000000e+03 7.949280738830566406e-01
5.661449584960937500e+02 1.577158081054687500e+03 8.182168602943420410e-01
4.457637329101562500e+02 1.530020385742187500e+03 8.524349331855773926e-01
