1.786458587646484375e+02 9.642377929687500000e+02 8.521237969398498535e-01
3.934586791992187500e+02 1.000949462890625000e+03 6.376755237579345703e-01
3.987224121093750000e+02 9.850249633789062500e+02 5.233293175697326660e-01
0.000000000000000000e+00 0.000000000000000000e+00 0.000000000000000000e+00
0.000000000000000000e+00 0.000000000000000000e+00 0.000000000000000000e+00
3.932591247558593750e+02 1.021910583496093750e+03 8.173831701278686523e-01
5.451291503906250000e+02 1.189261596679687500e+03 8.717758655548095703e-01
3.149808349609375000e+02 1.105864135742187500e+03 9.020059704780578613e-01
6.501265869140625000e+02 1.320375488281250000e+03 5.021803975105285645e-01
6.499654541015625000e+02 1.309929687500000000e+03 3.319022655487060547e-01
3.724349670410156250e+02 1.351896606445312500e+03 1.826038509607315063e-01
5.609558715820312500e+02 1.577047729492187500e+03 7.882306724786758423e-02
6.605012207031250000e+02 1.341374145507812500e+03 6.301227807998657227e-01
3.513478088378906250e+02 1.393868041992187500e+03 8.196926712989807129e-01
5.713441162109375000e+02 1.598069091796875000e+03 7.656466960906982422e-01
0.000000000000000000e+00 0.000000000000000000e+00 0.000000000000000000e+00
1.893475189208984375e+02 9.382656250000000000e+02 9.019216895103454590e-01
0.000000000000000000e+00 0.000000000000000000e+00 0.000000000000000000e+00
2.729003601074218750e+02 9.641890258789062500e+02 8.497779369354248047e-01
4.770044860839843750e+02 1.708137695312500000e+03 7.262257337570190430e-01
5.190597534179687500e+02 1.707965942382812500e+03 6.850160360336303711e-01
6.134417724609375000e+02 1.603380004882812500e+03 7.306342124938964844e-01
0.000000000000000000e+00 0.000000000000000000e+00 0.000000000000000000e+00
0.000000000000000000e+00 0.000000000000000000e+00 0.000000000000000000e+00
0.000000000000000000e+00 0.000000000000000000e+00 0.000000000000000000e+00
