7.233083496093750000e+02 6.343141479492187500e+02 8.701360225677490234e-01
5.715955200195312500e+02 8.018782348632812500e+02 7.773761749267578125e-01
5.659819946289062500e+02 8.230228271484375000e+02 7.659817934036254883e-01
4.459310302734375000e+02 1.042778930664062500e+03 8.165028691291809082e-01
5.610479736328125000e+02 9.328319091796875000e+02 7.927274107933044434e-01
5.975996093750000000e+02 7.652135009765625000e+02 5.470448732376098633e-01
4.456913757324218750e+02 8.648405761718750000e+02 4.829423725605010986e-01
0.000000000000000000e+00 0.000000000000000000e+00 0.000000000000000000e+00
3.671950378417968750e+02 1.184310546875000000e+03 5.646851062774658203e-01
3.253392333984375000e+02 1.194910766601562500e+03 5.914294719696044922e-01
6.186840820312500000e+02 1.472226440429687500e+03 7.833836674690246582e-01
4.457137145996093750e+02 1.765608520507812500e+03 7.816912531852722168e-01
4.194633178710937500e+02 1.163322875976562500e+03 4.460433423519134521e-01
5.924319458007812500e+02 1.278692626953125000e+03 8.475071191787719727e-01
4.406856994628906250e+02 1.561444824218750000e+03 7.771133184432983398e-01
6.918514404296875000e+02 6.030643920898437500e+02 9.757652282714843750e-01
0.000000000000000000e+00 0.000000000000000000e+00 0.000000000000000000e+00
6.083397216796875000e+02 6.394915771484375000e+02 8.914847373962402344e-01
0.000000000000000000e+00 0.000000000000000000e+00 0.000000000000000000e+00
5.189540405273437500e+02 1.603306030273437500e+03 5.841630697250366211e-02
0.000000000000000000e+00 0.000000000000000000e+00 0.000000000000000000e+00
4.141980285644531250e+02 1.587503906250000000e+03 7.967157959938049316e-01
6.027081298828125000e+02 1.823399780273437500e+03 7.350161671638488770e-01
5.556405639648437500e+02 1.838998046875000000e+03 6.251909732818603516e-01
4.089543762207031250e+02 1.776110961914062500e+03 7.590399980545043945e-01
