1.104972305297851562e+02 8.332578125000000000e+02 8.495388627052307129e-01
3.199450683593750000e+02 9.171434936523437500e+02 6.577189564704895020e-01
3.148829040527343750e+02 9.014183959960937500e+02 4.884549975395202637e-01
0.000000000000000000e+00 0.000000000000000000e+00 0.000000000000000000e+00
0.000000000000000000e+00 0.000000000000000000e+00 0.000000000000000000e+00
3.253034057617187500e+02 9.379035034179687500e+02 7.894432544708251953e-01
4.562285766601562500e+02 1.111194946289062500e+03 8.622419238090515137e-01
2.311817321777343750e+02 1.011298400878906250e+03 8.680372238159179688e-01
6.081817626953125000e+02 1.199960571289062500e+03 4.742938578128814697e-01
6.028657836914062500e+02 1.189556030273437500e+03 2.960054278373718262e-01
3.776771240234375000e+02 1.236570190429687500e+03 1.631287485361099243e-01
5.033956909179687500e+02 1.388535522460937500e+03 2.234441190958023071e-01
6.238463745117187500e+02 1.226073364257812500e+03 6.399682164192199707e-01
3.146357116699218750e+02 1.346589355468750000e+03 8.395706415176391602e-01
5.295463867187500000e+02 1.561434814453125000e+03 7.820563316345214844e-01
0.000000000000000000e+00 0.000000000000000000e+00 0.000000000000000000e+00
1.418110046386718750e+02 8.124833984375000000e+02 9.382643699645996094e-01
0.000000000000000000e+00 0.000000000000000000e+00 0.000000000000000000e+00
2.205502319335937500e+02 8.490131225585937500e+02 8.884961009025573730e-01
4.351318969726562500e+02 1.686917602539062500e+03 7.647937536239624023e-01
4.770794067382812500e+02 1.681862792968750000e+03 6.792346835136413574e-01
5.715042114257812500e+02 1.566723632812500000e+03 7.830876111984252930e-01
5.295192260742187500e+02 1.404247192382812500e+03 1.264782547950744629e-01
5.295117187500000000e+02 1.404030151367187500e+03 1.321680694818496704e-01
5.242691650390625000e+02 1.388557128906250000e+03 2.355365008115768433e-01
