8.855772705078125000e+02 2.938199768066406250e+02 7.440540194511413574e-01
6.081209716796875000e+02 4.194585876464843750e+02 5.702245831489562988e-01
5.662030029296875000e+02 4.299093933105468750e+02 5.665464997291564941e-01
3.200035705566406250e+02 5.662415771484375000e+02 7.792267203330993652e-01
5.295990600585937500e+02 3.094926757812500000e+02 8.178164958953857422e-01
6.605227050781250000e+02 4.091160583496093750e+02 4.045276641845703125e-01
0.000000000000000000e+00 0.000000000000000000e+00 0.000000000000000000e+00
0.000000000000000000e+00 0.000000000000000000e+00 0.000000000000000000e+00
3.880582580566406250e+02 8.646622314453125000e+02 5.247238278388977051e-01
3.199452819824218750e+02 8.908346557617187500e+02 5.038223266601562500e-01
6.709908447265625000e+02 1.089967895507812500e+03 7.374847531318664551e-01
4.403144531250000000e+02 1.540360717773437500e+03 7.324974536895751953e-01
4.614137573242187500e+02 8.490831298828125000e+02 4.149381518363952637e-01
7.547313232421875000e+02 9.853914184570312500e+02 7.952793240547180176e-01
5.976141967773437500e+02 1.273337524414062500e+03 1.907873153686523438e-01
8.597995605468750000e+02 2.414042205810546875e+02 8.142071366310119629e-01
0.000000000000000000e+00 0.000000000000000000e+00 0.000000000000000000e+00
7.547857666015625000e+02 2.254914398193359375e+02 8.143850564956665039e-01
0.000000000000000000e+00 0.000000000000000000e+00 0.000000000000000000e+00
6.499695434570312500e+02 1.341388916015625000e+03 3.734448552131652832e-01
6.449126586914062500e+02 1.325837524414062500e+03 3.856014311313629150e-01
6.027814331054687500e+02 1.320314941406250000e+03 1.090676337480545044e-01
5.347617187500000000e+02 1.686926513671875000e+03 5.675135850906372070e-01
4.876336975097656250e+02 1.681716064453125000e+03 4.576373994350433350e-01
3.932401428222656250e+02 1.566470336914062500e+03 6.637318134307861328e-01
