8.699385375976562500e+02 3.356340942382812500e+02 7.776701450347900391e-01
6.029492187500000000e+02 4.719510498046875000e+02 5.657727122306823730e-01
5.660983886718750000e+02 4.876133728027343750e+02 4.820396900177001953e-01
3.201517028808593750e+02 6.448377075195312500e+02 7.799196243286132812e-01
5.241326293945312500e+02 3.879332885742187500e+02 7.977975606918334961e-01
6.552243652343750000e+02 4.614349975585937500e+02 3.623230755329132080e-01
0.000000000000000000e+00 0.000000000000000000e+00 0.000000000000000000e+00
0.000000000000000000e+00 0.000000000000000000e+00 0.000000000000000000e+00
3.985734252929687500e+02 9.067276611328125000e+02 5.250672101974487305e-01
3.304665222167968750e+02 9.379077148437500000e+02 5.175501108169555664e-01
7.075615844726562500e+02 1.111007568359375000e+03 7.996137738227844238e-01
4.457596740722656250e+02 1.561386840820312500e+03 7.346403598785400391e-01
4.771457824707031250e+02 8.910192260742187500e+02 4.216912388801574707e-01
7.705280151367187500e+02 1.011402343750000000e+03 7.986103296279907227e-01
6.237831420898437500e+02 1.194846191406250000e+03 8.032379299402236938e-02
8.592692260742187500e+02 2.833300781250000000e+02 8.679463863372802734e-01
0.000000000000000000e+00 0.000000000000000000e+00 0.000000000000000000e+00
7.392177124023437500e+02 2.674203796386718750e+02 8.606371879577636719e-01
0.000000000000000000e+00 0.000000000000000000e+00 0.000000000000000000e+00
0.000000000000000000e+00 0.000000000000000000e+00 0.000000000000000000e+00
0.000000000000000000e+00 0.000000000000000000e+00 0.000000000000000000e+00
0.000000000000000000e+00 0.000000000000000000e+00 0.000000000000000000e+00
5.610673217773437500e+02 1.692151733398437500e+03 6.119766235351562500e-01
5.137754516601562500e+02 1.687166259765625000e+03 5.127521753311157227e-01
3.986948242187500000e+02 1.571881469726562500e+03 7.182465195655822754e-01
