8.752683715820312500e+02 3.145605163574218750e+02 8.042593002319335938e-01
6.029913940429687500e+02 4.300761413574218750e+02 5.800486803054809570e-01
5.557549438476562500e+02 4.142967224121093750e+02 5.662930011749267578e-01
3.150039062500000000e+02 6.080172729492187500e+02 7.960008382797241211e-01
5.294666137695312500e+02 3.512481384277343750e+02 8.102890849113464355e-01
6.709673461914062500e+02 4.457084960937500000e+02 4.591211676597595215e-01
0.000000000000000000e+00 0.000000000000000000e+00 0.000000000000000000e+00
0.000000000000000000e+00 0.000000000000000000e+00 0.000000000000000000e+00
3.881555175781250000e+02 8.856926879882812500e+02 5.086135268211364746e-01
3.199472961425781250e+02 9.014582519531250000e+02 5.323832035064697266e-01
6.814091186523437500e+02 1.105493408203125000e+03 8.123060464859008789e-01
4.352979431152343750e+02 1.535221679687500000e+03 7.424048781394958496e-01
4.667030334472656250e+02 8.595856323242187500e+02 4.187905192375183105e-01
7.547805786132812500e+02 9.905012207031250000e+02 7.714056968688964844e-01
6.028699340820312500e+02 1.247092529296875000e+03 7.228646427392959595e-02
8.594432983398437500e+02 2.674299621582031250e+02 8.796885013580322266e-01
8.908352050781250000e+02 2.727706909179687500e+02 5.486955121159553528e-02
7.495939941406250000e+02 2.312415008544921875e+02 7.920136451721191406e-01
0.000000000000000000e+00 0.000000000000000000e+00 0.000000000000000000e+00
6.499163208007812500e+02 1.325901245117187500e+03 1.256581842899322510e-01
6.449798583984375000e+02 1.325720092773437500e+03 1.245196238160133362e-01
0.000000000000000000e+00 0.000000000000000000e+00 0.000000000000000000e+00
5.348082275390625000e+02 1.666230468750000000e+03 6.163067817687988281e-01
4.980871582031250000e+02 1.661008666992187500e+03 5.246773362159729004e-01
3.881216430664062500e+02 1.561220703125000000e+03 6.136341094970703125e-01
