8.700078735351562500e+02 3.200656738281250000e+02 7.890032529830932617e-01
6.028583374023437500e+02 4.352472229003906250e+02 5.844743251800537109e-01
5.505408325195312500e+02 4.247326965332031250e+02 5.675143003463745117e-01
3.147803649902343750e+02 6.080789184570312500e+02 7.929477691650390625e-01
5.243661499023437500e+02 3.462680053710937500e+02 7.978655695915222168e-01
6.709298095703125000e+02 4.458059997558593750e+02 4.631544351577758789e-01
0.000000000000000000e+00 0.000000000000000000e+00 0.000000000000000000e+00
0.000000000000000000e+00 0.000000000000000000e+00 0.000000000000000000e+00
3.879822998046875000e+02 8.908191528320312500e+02 5.235397815704345703e-01
3.147377319335937500e+02 9.014765014648437500e+02 5.466759800910949707e-01
6.708652954101562500e+02 1.105418579101562500e+03 7.827676534652709961e-01
4.402971496582031250e+02 1.545588989257812500e+03 7.082859277725219727e-01
4.665794677734375000e+02 8.647067871093750000e+02 4.340494871139526367e-01
7.443619995117187500e+02 9.956607055664062500e+02 7.538530230522155762e-01
6.026517333984375000e+02 1.268026733398437500e+03 8.654574304819107056e-02
8.595921630859375000e+02 2.678156127929687500e+02 8.768059015274047852e-01
0.000000000000000000e+00 0.000000000000000000e+00 0.000000000000000000e+00
7.391882934570312500e+02 2.362165374755859375e+02 8.488372564315795898e-01
0.000000000000000000e+00 0.000000000000000000e+00 0.000000000000000000e+00
6.498248291015625000e+02 1.331043945312500000e+03 1.998864114284515381e-01
6.447299194335937500e+02 1.325818115234375000e+03 1.951990425586700439e-01
0.000000000000000000e+00 0.000000000000000000e+00 0.000000000000000000e+00
5.244245605468750000e+02 1.676671020507812500e+03 5.995745658874511719e-01
4.771719360351562500e+02 1.666187255859375000e+03 4.862577617168426514e-01
3.931719970703125000e+02 1.566598632812500000e+03 6.311744451522827148e-01
