8.432031250000000000e+01 8.804968872070312500e+02 8.215268850326538086e-01
3.043706359863281250e+02 9.486143798828125000e+02 6.994091272354125977e-01
3.096861267089843750e+02 9.172044677734375000e+02 5.381817817687988281e-01
0.000000000000000000e+00 0.000000000000000000e+00 0.000000000000000000e+00
0.000000000000000000e+00 0.000000000000000000e+00 0.000000000000000000e+00
3.041342468261718750e+02 9.851179809570312500e+02 7.712889909744262695e-01
4.195801086425781250e+02 1.163225097656250000e+03 8.297440409660339355e-01
1.942671203613281250e+02 1.063575195312500000e+03 8.910168409347534180e-01
6.028374023437500000e+02 1.210483520507812500e+03 5.075327754020690918e-01
5.819343872070312500e+02 1.194645751953125000e+03 3.116669952869415283e-01
3.096648864746093750e+02 1.289134643554687500e+03 2.452884316444396973e-01
0.000000000000000000e+00 0.000000000000000000e+00 0.000000000000000000e+00
6.134922485351562500e+02 1.231583129882812500e+03 6.960871219635009766e-01
3.096003417968750000e+02 1.356821777343750000e+03 8.758349418640136719e-01
5.347098388671875000e+02 1.535407104492187500e+03 7.606275081634521484e-01
0.000000000000000000e+00 0.000000000000000000e+00 0.000000000000000000e+00
1.052595672607421875e+02 8.592800292968750000e+02 9.398223161697387695e-01
0.000000000000000000e+00 0.000000000000000000e+00 0.000000000000000000e+00
1.889269714355468750e+02 8.959303588867187500e+02 9.001350998878479004e-01
4.353246459960937500e+02 1.660872070312500000e+03 7.743318676948547363e-01
4.822944641113281250e+02 1.655774047851562500e+03 7.052313685417175293e-01
5.767675781250000000e+02 1.545710205078125000e+03 7.374055981636047363e-01
0.000000000000000000e+00 0.000000000000000000e+00 0.000000000000000000e+00
0.000000000000000000e+00 0.000000000000000000e+00 0.000000000000000000e+00
0.000000000000000000e+00 0.000000000000000000e+00 0.000000000000000000e+00
