7.913500976562500000e+02 7.441878662109375000e+02 8.518785238265991211e-01
6.237930908203125000e+02 8.959974975585937500e+02 7.394338846206665039e-01
6.026549682617187500e+02 8.909890136718750000e+02 7.752080559730529785e-01
4.826119995117187500e+02 1.184140136718750000e+03 8.892910480499267578e-01
5.819055175781250000e+02 9.799243164062500000e+02 7.667397856712341309e-01
6.552587890625000000e+02 8.959357910156250000e+02 7.360473871231079102e-01
6.448161621093750000e+02 1.063834106445312500e+03 1.185692697763442993e-01
6.080449829101562500e+02 1.116238525390625000e+03 4.235839545726776123e-01
4.090999145507812500e+02 1.231283325195312500e+03 5.969676375389099121e-01
3.776692810058593750e+02 1.252345214843750000e+03 6.364435553550720215e-01
7.283405761718750000e+02 1.404188842773437500e+03 8.798689842224121094e-01
5.138694458007812500e+02 1.655782958984375000e+03 8.435989022254943848e-01
4.457212524414062500e+02 1.194826904296875000e+03 4.555906653404235840e-01
6.918653564453125000e+02 1.236630493164062500e+03 8.792352676391601562e-01
5.190269165039062500e+02 1.482812133789062500e+03 8.541129231452941895e-01
7.705400390625000000e+02 7.233817138671875000e+02 9.180463552474975586e-01
0.000000000000000000e+00 0.000000000000000000e+00 0.000000000000000000e+00
6.867951660156250000e+02 7.338009033203125000e+02 8.079417943954467773e-01
0.000000000000000000e+00 0.000000000000000000e+00 0.000000000000000000e+00
5.714473876953125000e+02 1.503688476562500000e+03 2.934757471084594727e-01
5.662999877929687500e+02 1.487877441406250000e+03 2.976296544075012207e-01
4.823634643554687500e+02 1.498538085937500000e+03 8.989025354385375977e-01
6.446400146484375000e+02 1.723826782226562500e+03 7.162626981735229492e-01
6.028209838867187500e+02 1.734211547851562500e+03 7.472556829452514648e-01
4.769656372070312500e+02 1.666144897460937500e+03 8.142586946487426758e-01
