7.913274536132812500e+02 7.651224365234375000e+02 8.635923862457275391e-01
6.186782226562500000e+02 9.013489990234375000e+02 7.550491690635681152e-01
6.026399536132812500e+02 9.014394531250000000e+02 7.827219367027282715e-01
4.826732177734375000e+02 1.194603759765625000e+03 9.071090221405029297e-01
5.922459716796875000e+02 9.957412109375000000e+02 7.308473587036132812e-01
6.502794189453125000e+02 9.012219848632812500e+02 7.503254413604736328e-01
6.498544921875000000e+02 1.084734008789062500e+03 5.184771865606307983e-02
0.000000000000000000e+00 0.000000000000000000e+00 0.000000000000000000e+00
4.090663452148437500e+02 1.236493896484375000e+03 5.814511179924011230e-01
3.775700988769531250e+02 1.267972412109375000e+03 6.431974768638610840e-01
7.285255126953125000e+02 1.404213867187500000e+03 8.927659988403320312e-01
5.137091674804687500e+02 1.655591674804687500e+03 8.352573513984680176e-01
4.457589721679687500e+02 1.200050170898437500e+03 4.205087423324584961e-01
6.918777465820312500e+02 1.236531982421875000e+03 8.755157589912414551e-01
5.191155395507812500e+02 1.482625122070312500e+03 8.319102525711059570e-01
7.705088500976562500e+02 7.337678833007812500e+02 9.590427279472351074e-01
0.000000000000000000e+00 0.000000000000000000e+00 0.000000000000000000e+00
6.917075805664062500e+02 7.443345336914062500e+02 7.263498306274414062e-01
0.000000000000000000e+00 0.000000000000000000e+00 0.000000000000000000e+00
5.714511108398437500e+02 1.488168945312500000e+03 2.881424427032470703e-01
5.660985717773437500e+02 1.477662841796875000e+03 2.872971594333648682e-01
4.825144042968750000e+02 1.493401733398437500e+03 8.546063303947448730e-01
6.237871704101562500e+02 1.728794311523437500e+03 6.912363171577453613e-01
5.870964355468750000e+02 1.734067260742187500e+03 7.173659205436706543e-01
4.768407897949218750e+02 1.660967773437500000e+03 7.872418165206909180e-01
