8.699331054687500000e+02 3.619411621093750000e+02 8.149991631507873535e-01
6.133098754882812500e+02 4.824077758789062500e+02 5.988143086433410645e-01
5.609171752929687500e+02 4.719149475097656250e+02 5.894460678100585938e-01
3.253651733398437500e+02 6.813641967773437500e+02 7.530558109283447266e-01
5.244906005859375000e+02 3.986885681152343750e+02 8.231643438339233398e-01
6.864758911132812500e+02 4.980699157714843750e+02 4.842114448547363281e-01
0.000000000000000000e+00 0.000000000000000000e+00 0.000000000000000000e+00
0.000000000000000000e+00 0.000000000000000000e+00 0.000000000000000000e+00
4.090903320312500000e+02 9.327149047851562500e+02 5.162925720214843750e-01
3.409732055664062500e+02 9.485132446289062500e+02 5.127490162849426270e-01
6.972847900390625000e+02 1.137143554687500000e+03 7.682797312736511230e-01
4.407426757812500000e+02 1.571868530273437500e+03 7.467367053031921387e-01
4.980572509765625000e+02 9.015628051757812500e+02 4.318122565746307373e-01
7.704978027343750000e+02 1.022092102050781250e+03 8.238131999969482422e-01
6.237803955078125000e+02 1.210529541015625000e+03 8.861567825078964233e-02
8.592714233398437500e+02 3.145963439941406250e+02 9.164614081382751465e-01
0.000000000000000000e+00 0.000000000000000000e+00 0.000000000000000000e+00
7.391997680664062500e+02 2.783178710937500000e+02 8.392605781555175781e-01
0.000000000000000000e+00 0.000000000000000000e+00 0.000000000000000000e+00
0.000000000000000000e+00 0.000000000000000000e+00 0.000000000000000000e+00
0.000000000000000000e+00 0.000000000000000000e+00 0.000000000000000000e+00
0.000000000000000000e+00 0.000000000000000000e+00 0.000000000000000000e+00
5.662597045898437500e+02 1.702891479492187500e+03 6.552872061729431152e-01
5.190344848632812500e+02 1.702788574218750000e+03 5.590205192565917969e-01
3.986546020507812500e+02 1.582375732421875000e+03 7.068337202072143555e-01
