8.752119140625000000e+02 2.675320129394531250e+02 7.958146333694458008e-01
6.028989257812500000e+02 3.879799804687500000e+02 5.895102024078369141e-01
5.609504394531250000e+02 3.828580932617187500e+02 6.282507777214050293e-01
3.097064819335937500e+02 5.504349975585937500e+02 7.600041627883911133e-01
5.192041625976562500e+02 2.729371948242187500e+02 8.648462891578674316e-01
6.604686889648437500e+02 3.932423706054687500e+02 4.474673271179199219e-01
0.000000000000000000e+00 0.000000000000000000e+00 0.000000000000000000e+00
0.000000000000000000e+00 0.000000000000000000e+00 0.000000000000000000e+00
3.827680969238281250e+02 8.490459594726562500e+02 5.166098475456237793e-01
3.147255554199218750e+02 8.596707153320312500e+02 5.221906304359436035e-01
6.501662597656250000e+02 1.074261718750000000e+03 7.821759581565856934e-01
4.353176574707031250e+02 1.535177734375000000e+03 7.475302219390869141e-01
4.509115905761718750e+02 8.229876098632812500e+02 4.072796404361724854e-01
7.390480346679687500e+02 9.850818481445312500e+02 7.950243949890136719e-01
5.767464599609375000e+02 1.278500854492187500e+03 1.548731923103332520e-01
8.595108032226562500e+02 2.202966308593750000e+02 8.730002641677856445e-01
0.000000000000000000e+00 0.000000000000000000e+00 0.000000000000000000e+00
7.442014770507812500e+02 1.890526580810546875e+02 8.700752854347229004e-01
0.000000000000000000e+00 0.000000000000000000e+00 0.000000000000000000e+00
6.446839599609375000e+02 1.336168334960937500e+03 3.701421916484832764e-01
6.395436401367187500e+02 1.325754882812500000e+03 3.702161908149719238e-01
5.974328002929687500e+02 1.320570678710937500e+03 7.783617824316024780e-02
5.556876831054687500e+02 1.660898437500000000e+03 6.685993075370788574e-01
5.137966308593750000e+02 1.660902221679687500e+03 5.553464889526367188e-01
3.881166076660156250e+02 1.561239257812500000e+03 7.051411867141723633e-01
