1.628565673828125000e+02 9.747935180664062500e+02 8.334588408470153809e-01
3.932574157714843750e+02 1.016650817871093750e+03 7.040374875068664551e-01
3.987070617675781250e+02 9.851234130859375000e+02 5.899043083190917969e-01
0.000000000000000000e+00 0.000000000000000000e+00 0.000000000000000000e+00
0.000000000000000000e+00 0.000000000000000000e+00 0.000000000000000000e+00
3.879641418457031250e+02 1.037583862304687500e+03 7.456182241439819336e-01
5.348983764648437500e+02 1.200122680664062500e+03 8.515068888664245605e-01
3.148607482910156250e+02 1.142199096679687500e+03 8.865736722946166992e-01
6.552188110351562500e+02 1.309887695312500000e+03 4.525103271007537842e-01
6.499660644531250000e+02 1.288987304687500000e+03 2.631321251392364502e-01
4.091192932128906250e+02 1.320334350585937500e+03 1.749856024980545044e-01
0.000000000000000000e+00 0.000000000000000000e+00 0.000000000000000000e+00
6.709987182617187500e+02 1.325675292968750000e+03 6.519856452941894531e-01
3.567206420898437500e+02 1.393821533203125000e+03 8.362558484077453613e-01
5.715686645507812500e+02 1.592820068359375000e+03 7.634433507919311523e-01
0.000000000000000000e+00 0.000000000000000000e+00 0.000000000000000000e+00
1.838447418212890625e+02 9.433730468750000000e+02 9.147935509681701660e-01
0.000000000000000000e+00 0.000000000000000000e+00 0.000000000000000000e+00
2.674890747070312500e+02 9.745447387695312500e+02 8.641302585601806641e-01
4.718964233398437500e+02 1.707962890625000000e+03 7.331266403198242188e-01
5.138642578125000000e+02 1.702849243164062500e+03 6.807801127433776855e-01
6.135267333984375000e+02 1.603167968750000000e+03 7.594296932220458984e-01
0.000000000000000000e+00 0.000000000000000000e+00 0.000000000000000000e+00
0.000000000000000000e+00 0.000000000000000000e+00 0.000000000000000000e+00
0.000000000000000000e+00 0.000000000000000000e+00 0.000000000000000000e+00
