8.752593994140625000e+02 3.566206054687500000e+02 7.848747968673706055e-01
6.080377197265625000e+02 4.824152526855468750e+02 6.018075346946716309e-01
5.610267333984375000e+02 4.876759033203125000e+02 5.557460188865661621e-01
3.251572265625000000e+02 6.603948974609375000e+02 7.580952644348144531e-01
5.191246337890625000e+02 3.985160522460937500e+02 8.284305334091186523e-01
6.709378051757812500e+02 4.824143676757812500e+02 4.385726749897003174e-01
0.000000000000000000e+00 0.000000000000000000e+00 0.000000000000000000e+00
0.000000000000000000e+00 0.000000000000000000e+00 0.000000000000000000e+00
3.985523681640625000e+02 9.276049804687500000e+02 5.080012083053588867e-01
3.357399902343750000e+02 9.433557128906250000e+02 5.212987065315246582e-01
7.128254394531250000e+02 1.126609130859375000e+03 7.555013895034790039e-01
4.457492980957031250e+02 1.566703369140625000e+03 7.133736610412597656e-01
4.771008605957031250e+02 9.015031738281250000e+02 4.176795482635498047e-01
7.705057373046875000e+02 1.022108398437500000e+03 8.047786951065063477e-01
6.237202758789062500e+02 1.194824218750000000e+03 8.876232057809829712e-02
8.595751342773437500e+02 3.093323059082031250e+02 8.780723810195922852e-01
0.000000000000000000e+00 0.000000000000000000e+00 0.000000000000000000e+00
7.391913452148437500e+02 2.730124206542968750e+02 8.668793439865112305e-01
0.000000000000000000e+00 0.000000000000000000e+00 0.000000000000000000e+00
0.000000000000000000e+00 0.000000000000000000e+00 0.000000000000000000e+00
0.000000000000000000e+00 0.000000000000000000e+00 0.000000000000000000e+00
0.000000000000000000e+00 0.000000000000000000e+00 0.000000000000000000e+00
5.662858886718750000e+02 1.702805175781250000e+03 6.391423940658569336e-01
5.242733764648437500e+02 1.702743896484375000e+03 5.602811574935913086e-01
3.987737121582031250e+02 1.577238403320312500e+03 7.150172591209411621e-01
