7.966565551757812500e+02 7.701815795898437500e+02 8.845959901809692383e-01
6.289521484375000000e+02 9.014406127929687500e+02 7.571604251861572266e-01
5.976712646484375000e+02 9.016431884765625000e+02 7.902519702911376953e-01
4.875635681152343750e+02 1.194590698242187500e+03 9.095494747161865234e-01
5.975005493164062500e+02 9.904061889648437500e+02 7.891018390655517578e-01
6.604559936523437500e+02 8.963381347656250000e+02 7.359670400619506836e-01
6.501785278320312500e+02 1.084696655273437500e+03 1.045851260423660278e-01
0.000000000000000000e+00 0.000000000000000000e+00 0.000000000000000000e+00
4.090437927246093750e+02 1.236568603515625000e+03 5.802318453788757324e-01
3.724567871093750000e+02 1.268067260742187500e+03 6.461346149444580078e-01
7.285690307617187500e+02 1.404309204101562500e+03 8.865291476249694824e-01
5.188518676757812500e+02 1.655604614257812500e+03 8.501006960868835449e-01
4.457316284179687500e+02 1.200096679687500000e+03 4.104803800582885742e-01
6.867061157226562500e+02 1.236444213867187500e+03 8.703063726425170898e-01
5.190407714843750000e+02 1.482665161132812500e+03 8.508296012878417969e-01
7.706872558593750000e+02 7.338218994140625000e+02 9.527426958084106445e-01
0.000000000000000000e+00 0.000000000000000000e+00 0.000000000000000000e+00
6.918950195312500000e+02 7.443717041015625000e+02 7.456674575805664062e-01
0.000000000000000000e+00 0.000000000000000000e+00 0.000000000000000000e+00
5.819323730468750000e+02 1.488201660156250000e+03 3.591170608997344971e-01
5.715375976562500000e+02 1.482710693359375000e+03 3.642331957817077637e-01
4.823139953613281250e+02 1.493435791015625000e+03 9.020689129829406738e-01
6.343045043945312500e+02 1.728841186523437500e+03 7.404159307479858398e-01
5.975162963867187500e+02 1.734142211914062500e+03 7.692445516586303711e-01
4.770309448242187500e+02 1.661029174804687500e+03 8.159202337265014648e-01
