3.985628662109375000e+02 8.962012939453125000e+02 9.240915179252624512e-01
5.976738891601562500e+02 9.694693603515625000e+02 7.692578434944152832e-01
5.347962036132812500e+02 9.642484130859375000e+02 6.090052723884582520e-01
5.660332641601562500e+02 1.158174926757812500e+03 1.888740956783294678e-01
5.608351440429687500e+02 1.257623291015625000e+03 5.568535253405570984e-02
6.449209594726562500e+02 9.747614135742187500e+02 7.657953500747680664e-01
7.652242431640625000e+02 1.163317993164062500e+03 8.037520051002502441e-01
6.081680297851562500e+02 1.074183837890625000e+03 8.443610072135925293e-01
7.129113159179687500e+02 1.289065551757812500e+03 5.588338375091552734e-01
6.499968872070312500e+02 1.247063476562500000e+03 5.022594332695007324e-01
4.246884765625000000e+02 1.189371215820312500e+03 8.297449350357055664e-01
5.610048217773437500e+02 1.440993530273437500e+03 2.038715481758117676e-01
7.704005737304687500e+02 1.325792236328125000e+03 6.545019745826721191e-01
3.934963684082031250e+02 1.315057739257812500e+03 9.139067530632019043e-01
6.446790771484375000e+02 1.613701416015625000e+03 7.998592853546142578e-01
3.933815612792968750e+02 8.596900024414062500e+02 1.569965332746505737e-01
4.143728942871093750e+02 8.646661376953125000e+02 8.366571664810180664e-01
0.000000000000000000e+00 0.000000000000000000e+00 0.000000000000000000e+00
4.929145202636718750e+02 8.545002441406250000e+02 8.682696819305419922e-01
5.610765380859375000e+02 1.713270141601562500e+03 6.911187767982482910e-01
6.079598388671875000e+02 1.713286499023437500e+03 6.956128478050231934e-01
6.867266845703125000e+02 1.613968627929687500e+03 7.209393978118896484e-01
0.000000000000000000e+00 0.000000000000000000e+00 0.000000000000000000e+00
0.000000000000000000e+00 0.000000000000000000e+00 0.000000000000000000e+00
0.000000000000000000e+00 0.000000000000000000e+00 0.000000000000000000e+00
