7.863006591796875000e+02 7.703043823242187500e+02 8.895058631896972656e-01
6.289523925781250000e+02 9.016801147460937500e+02 7.427314519882202148e-01
6.027167968750000000e+02 9.066600952148437500e+02 7.813004851341247559e-01
4.826191711425781250e+02 1.194825927734375000e+03 8.947690129280090332e-01
5.975373535156250000e+02 9.905798339843750000e+02 7.720220088958740234e-01
6.552967529296875000e+02 9.013850097656250000e+02 7.493016719818115234e-01
6.499075927734375000e+02 1.048157226562500000e+03 6.164546310901641846e-02
0.000000000000000000e+00 0.000000000000000000e+00 0.000000000000000000e+00
4.038994140625000000e+02 1.236470947265625000e+03 5.953788161277770996e-01
3.724163513183593750e+02 1.267956420898437500e+03 6.489512920379638672e-01
7.284151611328125000e+02 1.404181518554687500e+03 8.851079344749450684e-01
5.187999877929687500e+02 1.655556762695312500e+03 8.438170552253723145e-01
4.405569152832031250e+02 1.199976318359375000e+03 4.463189840316772461e-01
6.917476196289062500e+02 1.236556884765625000e+03 8.744971752166748047e-01
5.190781250000000000e+02 1.482696899414062500e+03 8.481478095054626465e-01
7.704711303710937500e+02 7.340246582031250000e+02 9.248576760292053223e-01
7.759768066406250000e+02 7.339334106445312500e+02 7.728346437215805054e-02
6.867708129882812500e+02 7.496082153320312500e+02 7.415605187416076660e-01
0.000000000000000000e+00 0.000000000000000000e+00 0.000000000000000000e+00
5.767272338867187500e+02 1.493321166992187500e+03 2.797993719577789307e-01
5.663856811523437500e+02 1.482736450195312500e+03 2.818317413330078125e-01
4.823836975097656250e+02 1.493411621093750000e+03 8.764804601669311523e-01
6.395100097656250000e+02 1.723808715820312500e+03 7.205764651298522949e-01
5.976701049804687500e+02 1.734144287109375000e+03 7.519497871398925781e-01
4.769612731933593750e+02 1.661013671875000000e+03 8.082152009010314941e-01
