8.701126098632812500e+02 3.252283020019531250e+02 8.091863393783569336e-01
6.132585449218750000e+02 4.457608032226562500e+02 5.934849381446838379e-01
5.660850830078125000e+02 4.353808288574218750e+02 6.695888638496398926e-01
3.199740600585937500e+02 6.343267211914062500e+02 7.750252485275268555e-01
5.296699829101562500e+02 3.567673950195312500e+02 8.129793405532836914e-01
6.813293457031250000e+02 4.717894287109375000e+02 4.748094379901885986e-01
0.000000000000000000e+00 0.000000000000000000e+00 0.000000000000000000e+00
0.000000000000000000e+00 0.000000000000000000e+00 0.000000000000000000e+00
3.932599182128906250e+02 8.962911987304687500e+02 5.400102138519287109e-01
3.199830017089843750e+02 9.223292846679687500e+02 5.205499529838562012e-01
6.919573364257812500e+02 1.105916503906250000e+03 8.411985635757446289e-01
4.354364929199218750e+02 1.540555541992187500e+03 7.367532849311828613e-01
4.719193115234375000e+02 8.804473876953125000e+02 4.217219650745391846e-01
7.702717285156250000e+02 1.000934326171875000e+03 7.922388911247253418e-01
6.080925903320312500e+02 1.194691040039062500e+03 8.001806586980819702e-02
8.593229370117187500e+02 2.729599914550781250e+02 9.166759252548217773e-01
0.000000000000000000e+00 0.000000000000000000e+00 0.000000000000000000e+00
7.442296752929687500e+02 2.571076049804687500e+02 8.423932790756225586e-01
0.000000000000000000e+00 0.000000000000000000e+00 0.000000000000000000e+00
0.000000000000000000e+00 0.000000000000000000e+00 0.000000000000000000e+00
0.000000000000000000e+00 0.000000000000000000e+00 0.000000000000000000e+00
0.000000000000000000e+00 0.000000000000000000e+00 0.000000000000000000e+00
5.400518798828125000e+02 1.676520263671875000e+03 6.162996292114257812e-01
4.928459777832031250e+02 1.666210937500000000e+03 5.311102271080017090e-01
3.931715698242187500e+02 1.566449218750000000e+03 6.925044655799865723e-01
