1.156938934326171875e+02 8.282175292968750000e+02 8.306542634963989258e-01
3.199981994628906250e+02 9.119409179687500000e+02 6.382900476455688477e-01
3.148755493164062500e+02 9.015133056640625000e+02 4.729165434837341309e-01
0.000000000000000000e+00 0.000000000000000000e+00 0.000000000000000000e+00
0.000000000000000000e+00 0.000000000000000000e+00 0.000000000000000000e+00
3.304577331542968750e+02 9.326539916992187500e+02 7.587112188339233398e-01
4.718156127929687500e+02 1.110750854492187500e+03 9.157807826995849609e-01
2.414724121093750000e+02 1.000881652832031250e+03 8.106626868247985840e-01
6.185484619140625000e+02 1.200078613281250000e+03 4.690211415290832520e-01
6.185123291015625000e+02 1.189490844726562500e+03 2.965504229068756104e-01
3.723392333984375000e+02 1.184290649414062500e+03 2.462819367647171021e-01
4.980161132812500000e+02 1.393651733398437500e+03 6.246023774147033691e-01
6.290863037109375000e+02 1.231257446289062500e+03 6.414002180099487305e-01
3.149243164062500000e+02 1.330962524414062500e+03 8.359779119491577148e-01
5.295062866210937500e+02 1.561293212890625000e+03 7.925135493278503418e-01
0.000000000000000000e+00 0.000000000000000000e+00 0.000000000000000000e+00
1.419752807617187500e+02 8.123414306640625000e+02 9.213275909423828125e-01
0.000000000000000000e+00 0.000000000000000000e+00 0.000000000000000000e+00
2.255034332275390625e+02 8.489689941406250000e+02 8.739993572235107422e-01
4.350702514648437500e+02 1.676620117187500000e+03 7.606663703918457031e-01
4.719752197265625000e+02 1.671446533203125000e+03 6.745105981826782227e-01
5.714627075195312500e+02 1.566598999023437500e+03 7.946616411209106445e-01
5.242983398437500000e+02 1.409470336914062500e+03 2.591641247272491455e-01
5.243837280273437500e+02 1.409569702148437500e+03 2.794092297554016113e-01
5.244627685546875000e+02 1.393855102539062500e+03 5.793929696083068848e-01
