1.365868835449218750e+02 6.552866210937500000e+02 8.756455779075622559e-01
3.201084594726562500e+02 7.600223388671875000e+02 6.371697187423706055e-01
3.199482421875000000e+02 7.442592773437500000e+02 4.965883493423461914e-01
4.665340270996093750e+02 8.176100463867187500e+02 9.189901500940322876e-02
0.000000000000000000e+00 0.000000000000000000e+00 0.000000000000000000e+00
3.357713623046875000e+02 7.702583007812500000e+02 7.802752852439880371e-01
5.188403320312500000e+02 9.380145874023437500e+02 9.098855257034301758e-01
3.041113586425781250e+02 8.280327148437500000e+02 8.390629291534423828e-01
5.818300781250000000e+02 1.105676635742187500e+03 6.042676568031311035e-01
5.399936523437500000e+02 1.095140747070312500e+03 4.477001130580902100e-01
3.253941955566406250e+02 1.152811645507812500e+03 8.388395309448242188e-01
4.979928894042968750e+02 1.435676879882812500e+03 7.938670516014099121e-01
6.133201293945312500e+02 1.116166137695312500e+03 6.597784161567687988e-01
3.357279052734375000e+02 1.362356445312500000e+03 8.665862083435058594e-01
5.189945068359375000e+02 1.608589477539062500e+03 8.611710071563720703e-01
0.000000000000000000e+00 0.000000000000000000e+00 0.000000000000000000e+00
1.524988250732421875e+02 6.444722900390625000e+02 8.793627023696899414e-01
0.000000000000000000e+00 0.000000000000000000e+00 0.000000000000000000e+00
2.311921539306640625e+02 6.761495971679687500e+02 8.631472587585449219e-01
4.089990539550781250e+02 1.723710937500000000e+03 7.675332427024841309e-01
4.614352416992187500e+02 1.718515136718750000e+03 6.848673224449157715e-01
5.607205810546875000e+02 1.613965087890625000e+03 7.841762304306030273e-01
4.928841552734375000e+02 1.487925659179687500e+03 1.867194771766662598e-01
0.000000000000000000e+00 0.000000000000000000e+00 0.000000000000000000e+00
5.192693481445312500e+02 1.446049804687500000e+03 8.645409345626831055e-01
