8.542563476562500000e+02 5.190069580078125000e+02 9.507632851600646973e-01
6.499700317382812500e+02 6.500686645507812500e+02 6.407266855239868164e-01
6.289686889648437500e+02 6.551598510742187500e+02 7.309756278991699219e-01
4.772612609863281250e+02 9.016007690429687500e+02 8.906910419464111328e-01
6.446777343750000000e+02 7.076179809570312500e+02 8.188579678535461426e-01
6.865051879882812500e+02 6.498964843750000000e+02 5.445556640625000000e-01
0.000000000000000000e+00 0.000000000000000000e+00 0.000000000000000000e+00
0.000000000000000000e+00 0.000000000000000000e+00 0.000000000000000000e+00
3.514493103027343750e+02 9.434068603515625000e+02 6.394309997558593750e-01
3.042898254394531250e+02 9.487147827148437500e+02 6.286035180091857910e-01
5.662366943359375000e+02 1.236604248046875000e+03 8.112927079200744629e-01
4.876579589843750000e+02 1.582415039062500000e+03 7.842926979064941406e-01
3.987416381835937500e+02 9.381724243164062500e+02 5.489754080772399902e-01
5.663454589843750000e+02 1.116307006835937500e+03 8.145340681076049805e-01
5.190751342773437500e+02 1.398902709960937500e+03 7.068417072296142578e-01
8.281102294921875000e+02 4.824178161621093750e+02 8.750992417335510254e-01
0.000000000000000000e+00 0.000000000000000000e+00 0.000000000000000000e+00
7.494859619140625000e+02 4.928801269531250000e+02 6.862084269523620605e-01
0.000000000000000000e+00 0.000000000000000000e+00 0.000000000000000000e+00
6.133385009765625000e+02 1.435495117187500000e+03 7.426866888999938965e-01
6.080793457031250000e+02 1.414773803710937500e+03 7.390572428703308105e-01
4.615229797363281250e+02 1.425201049804687500e+03 2.725876271724700928e-01
6.342227783203125000e+02 1.650509277343750000e+03 8.150883913040161133e-01
5.870671386718750000e+02 1.660813354492187500e+03 7.540282011032104492e-01
4.562021484375000000e+02 1.608693969726562500e+03 7.537302374839782715e-01
