1.733397979736328125e+02 9.537351684570312500e+02 8.429706096649169922e-01
3.881445922851562500e+02 9.906452636718750000e+02 6.877396106719970703e-01
3.933775634765625000e+02 9.746400756835937500e+02 5.810285210609436035e-01
0.000000000000000000e+00 0.000000000000000000e+00 0.000000000000000000e+00
0.000000000000000000e+00 0.000000000000000000e+00 0.000000000000000000e+00
3.828368530273437500e+02 1.022042358398437500e+03 7.851735353469848633e-01
5.244976196289062500e+02 1.189351684570312500e+03 9.064584970474243164e-01
3.096964721679687500e+02 1.110697753906250000e+03 9.060640335083007812e-01
6.553692626953125000e+02 1.309893554687500000e+03 4.657799303531646729e-01
6.551834716796875000e+02 1.289006347656250000e+03 2.995985746383666992e-01
4.299625854492187500e+02 1.304763427734375000e+03 1.899188011884689331e-01
0.000000000000000000e+00 0.000000000000000000e+00 0.000000000000000000e+00
6.709768066406250000e+02 1.325638793945312500e+03 6.419859528541564941e-01
3.564597167968750000e+02 1.393693359375000000e+03 8.394510149955749512e-01
5.664785156250000000e+02 1.597934082031250000e+03 7.741023898124694824e-01
0.000000000000000000e+00 0.000000000000000000e+00 0.000000000000000000e+00
1.891403961181640625e+02 9.378001708984375000e+02 9.079337120056152344e-01
0.000000000000000000e+00 0.000000000000000000e+00 0.000000000000000000e+00
2.727696228027343750e+02 9.486326904296875000e+02 8.924465775489807129e-01
4.769885253906250000e+02 1.708170410156250000e+03 7.204932570457458496e-01
5.189915771484375000e+02 1.708016235351562500e+03 6.721358895301818848e-01
6.132821044921875000e+02 1.603310546875000000e+03 7.665724158287048340e-01
0.000000000000000000e+00 0.000000000000000000e+00 0.000000000000000000e+00
0.000000000000000000e+00 0.000000000000000000e+00 0.000000000000000000e+00
0.000000000000000000e+00 0.000000000000000000e+00 0.000000000000000000e+00
