6.876700592041015625e+01 8.804861450195312500e+02 8.331338763236999512e-01
3.041699829101562500e+02 9.434122924804687500e+02 7.107918262481689453e-01
3.095156860351562500e+02 9.066380615234375000e+02 5.842564702033996582e-01
0.000000000000000000e+00 0.000000000000000000e+00 0.000000000000000000e+00
0.000000000000000000e+00 0.000000000000000000e+00 0.000000000000000000e+00
3.041366577148437500e+02 9.800147705078125000e+02 7.751099467277526855e-01
4.037375183105468750e+02 1.158062011718750000e+03 8.822860717773437500e-01
1.889001007080078125e+02 1.058584594726562500e+03 9.025191068649291992e-01
6.081173706054687500e+02 1.200042480468750000e+03 4.951961934566497803e-01
6.080728759765625000e+02 1.189533569335937500e+03 3.000801801681518555e-01
3.252237548828125000e+02 1.315130859375000000e+03 2.131043970584869385e-01
0.000000000000000000e+00 0.000000000000000000e+00 0.000000000000000000e+00
6.134442749023437500e+02 1.226156005859375000e+03 6.689262986183166504e-01
3.146955261230468750e+02 1.346633422851562500e+03 8.404121398925781250e-01
5.348482666015625000e+02 1.535308349609375000e+03 7.609488964080810547e-01
0.000000000000000000e+00 0.000000000000000000e+00 0.000000000000000000e+00
9.999416351318359375e+01 8.543956909179687500e+02 9.307502508163452148e-01
0.000000000000000000e+00 0.000000000000000000e+00 0.000000000000000000e+00
1.835714874267578125e+02 8.959090576171875000e+02 8.988856077194213867e-01
4.403134155273437500e+02 1.660875366210937500e+03 7.817380428314208984e-01
4.822500305175781250e+02 1.655785888671875000e+03 6.922134757041931152e-01
5.768111572265625000e+02 1.540507690429687500e+03 7.378081679344177246e-01
0.000000000000000000e+00 0.000000000000000000e+00 0.000000000000000000e+00
0.000000000000000000e+00 0.000000000000000000e+00 0.000000000000000000e+00
0.000000000000000000e+00 0.000000000000000000e+00 0.000000000000000000e+00
