9.066092529296875000e+02 1.147433837890625000e+03 8.938621282577514648e-01
6.761178588867187500e+02 1.226091308593750000e+03 6.488372087478637695e-01
6.865462036132812500e+02 1.236528930664062500e+03 8.440407514572143555e-01
6.029041748046875000e+02 1.508921020507812500e+03 8.170672655105590820e-01
7.759406738281250000e+02 1.299400634765625000e+03 8.238536119461059570e-01
6.501491699218750000e+02 1.194692382812500000e+03 5.464394092559814453e-01
0.000000000000000000e+00 0.000000000000000000e+00 0.000000000000000000e+00
0.000000000000000000e+00 0.000000000000000000e+00 0.000000000000000000e+00
3.879661560058593750e+02 1.571879150390625000e+03 4.832262098789215088e-01
3.671885375976562500e+02 1.597939208984375000e+03 5.879514813423156738e-01
7.023693237304687500e+02 1.592802001953125000e+03 7.056668996810913086e-01
5.295926513671875000e+02 1.912363403320312500e+03 5.624112486839294434e-01
3.932780761718750000e+02 1.556202514648437500e+03 3.241535723209381104e-01
7.284277954101562500e+02 1.571751586914062500e+03 2.963963150978088379e-01
5.557655029296875000e+02 1.833709594726562500e+03 2.075977027416229248e-01
8.958836059570312500e+02 1.110733032226562500e+03 9.461486339569091797e-01
0.000000000000000000e+00 0.000000000000000000e+00 0.000000000000000000e+00
8.019558715820312500e+02 1.116192016601562500e+03 8.674749732017517090e-01
0.000000000000000000e+00 0.000000000000000000e+00 0.000000000000000000e+00
6.812207031250000000e+02 1.864988037109375000e+03 7.976736873388290405e-02
0.000000000000000000e+00 0.000000000000000000e+00 0.000000000000000000e+00
4.826620178222656250e+02 1.823224365234375000e+03 1.722669452428817749e-01
5.296197509765625000e+02 1.912496704101562500e+03 1.132810860872268677e-01
0.000000000000000000e+00 0.000000000000000000e+00 0.000000000000000000e+00
5.188475952148437500e+02 1.912394531250000000e+03 3.859400451183319092e-01
