7.810240478515625000e+02 6.553707275390625000e+02 8.536025285720825195e-01
6.289691162109375000e+02 7.389589843750000000e+02 5.739566087722778320e-01
6.133658447265625000e+02 7.547279663085937500e+02 8.292555809020996094e-01
5.190708007812500000e+02 9.487067871093750000e+02 8.894520401954650879e-01
6.501170654296875000e+02 8.122156372070312500e+02 8.841547966003417969e-01
6.447676391601562500e+02 7.335858154296875000e+02 4.963031113147735596e-01
0.000000000000000000e+00 0.000000000000000000e+00 0.000000000000000000e+00
0.000000000000000000e+00 0.000000000000000000e+00 0.000000000000000000e+00
3.568313293457031250e+02 9.852912597656250000e+02 6.433776021003723145e-01
3.461463623046875000e+02 1.001009094238281250e+03 6.818476319313049316e-01
6.081660766601562500e+02 1.199960205078125000e+03 9.066818356513977051e-01
4.719035339355468750e+02 1.477551391601562500e+03 8.319442272186279297e-01
3.932081298828125000e+02 9.798663330078125000e+02 4.888240694999694824e-01
5.924216918945312500e+02 1.105868286132812500e+03 8.624010682106018066e-01
4.717834167480468750e+02 1.362271972656250000e+03 7.892460823059082031e-01
7.755062255859375000e+02 6.444727783203125000e+02 9.351821541786193848e-01
0.000000000000000000e+00 0.000000000000000000e+00 0.000000000000000000e+00
7.076254882812500000e+02 6.448364257812500000e+02 9.247527122497558594e-01
0.000000000000000000e+00 0.000000000000000000e+00 0.000000000000000000e+00
5.713381958007812500e+02 1.393732543945312500e+03 7.153217792510986328e-01
5.662668457031250000e+02 1.383309082031250000e+03 7.016648650169372559e-01
4.350007019042968750e+02 1.388450805664062500e+03 8.528153896331787109e-01
5.872189331054687500e+02 1.519528564453125000e+03 8.069862723350524902e-01
5.609233398437500000e+02 1.529758666992187500e+03 9.063862562179565430e-01
4.353294067382812500e+02 1.488225097656250000e+03 8.744393587112426758e-01
