8.700109863281250000e+02 3.462351989746093750e+02 8.268538713455200195e-01
6.080391845703125000e+02 4.717940063476562500e+02 5.816886425018310547e-01
5.608338623046875000e+02 4.562742004394531250e+02 5.588902831077575684e-01
3.148963317871093750e+02 6.501314697265625000e+02 7.890638113021850586e-01
5.190688476562500000e+02 3.880546264648437500e+02 8.285440802574157715e-01
6.762055053710937500e+02 4.822731933593750000e+02 4.623022079467773438e-01
0.000000000000000000e+00 0.000000000000000000e+00 0.000000000000000000e+00
0.000000000000000000e+00 0.000000000000000000e+00 0.000000000000000000e+00
4.090012817382812500e+02 9.119367675781250000e+02 5.211170911788940430e-01
3.409627075195312500e+02 9.381296386718750000e+02 5.321882963180541992e-01
7.023967285156250000e+02 1.111202392578125000e+03 7.868114709854125977e-01
4.458637084960937500e+02 1.566437988281250000e+03 7.214545011520385742e-01
4.876424865722656250e+02 8.961987915039062500e+02 4.348687529563903809e-01
7.706015625000000000e+02 1.016625793457031250e+03 7.931659221649169922e-01
6.134871826171875000e+02 1.199981689453125000e+03 7.503932714462280273e-02
8.545014648437500000e+02 2.886241760253906250e+02 8.639671802520751953e-01
0.000000000000000000e+00 0.000000000000000000e+00 0.000000000000000000e+00
7.340378417968750000e+02 2.677919006347656250e+02 9.138919711112976074e-01
0.000000000000000000e+00 0.000000000000000000e+00 0.000000000000000000e+00
0.000000000000000000e+00 0.000000000000000000e+00 0.000000000000000000e+00
0.000000000000000000e+00 0.000000000000000000e+00 0.000000000000000000e+00
0.000000000000000000e+00 0.000000000000000000e+00 0.000000000000000000e+00
5.609736938476562500e+02 1.692376708984375000e+03 6.865109205245971680e-01
5.189782104492187500e+02 1.692337280273437500e+03 5.864883065223693848e-01
3.987870788574218750e+02 1.572061889648437500e+03 6.968453526496887207e-01
