1.473139953613281250e+02 6.497925415039062500e+02 9.246206283569335938e-01
3.515073547363281250e+02 7.392362670898437500e+02 6.467759013175964355e-01
3.462113037109375000e+02 7.337904663085937500e+02 4.811724424362182617e-01
0.000000000000000000e+00 0.000000000000000000e+00 0.000000000000000000e+00
0.000000000000000000e+00 0.000000000000000000e+00 0.000000000000000000e+00
3.568062133789062500e+02 7.495814819335937500e+02 7.970117330551147461e-01
5.297161254882812500e+02 9.381919555664062500e+02 8.944721817970275879e-01
3.147015991210937500e+02 8.437884521484375000e+02 8.843815326690673828e-01
6.080671997070312500e+02 1.074233642578125000e+03 6.229183077812194824e-01
5.663062133789062500e+02 1.063891967773437500e+03 4.898659586906433105e-01
3.618450012207031250e+02 1.126562011718750000e+03 8.024556636810302734e-01
5.240782470703125000e+02 1.399164062500000000e+03 8.061292767524719238e-01
6.446494140625000000e+02 1.095173583984375000e+03 6.530424356460571289e-01
3.671965637207031250e+02 1.336158813476562500e+03 8.002809882164001465e-01
5.555587158203125000e+02 1.571667968750000000e+03 8.458824753761291504e-01
0.000000000000000000e+00 0.000000000000000000e+00 0.000000000000000000e+00
1.835299835205078125e+02 6.237716064453125000e+02 8.627125024795532227e-01
0.000000000000000000e+00 0.000000000000000000e+00 0.000000000000000000e+00
2.622593994140625000e+02 6.501219482421875000e+02 9.086059331893920898e-01
4.405237121582031250e+02 1.687100830078125000e+03 7.924395799636840820e-01
4.825444030761718750e+02 1.687044921875000000e+03 6.904178261756896973e-01
5.923555297851562500e+02 1.577058349609375000e+03 7.940450310707092285e-01
5.346748046875000000e+02 1.446235961914062500e+03 1.563626378774642944e-01
5.400366210937500000e+02 1.441085571289062500e+03 1.500694751739501953e-01
5.505217285156250000e+02 1.409541259765625000e+03 7.467951178550720215e-01
