8.700963745117187500e+02 4.196134948730468750e+02 7.581567168235778809e-01
6.080339355468750000e+02 5.033232421875000000e+02 5.798400640487670898e-01
5.557635498046875000e+02 4.928350524902343750e+02 5.749824047088623047e-01
3.462095642089843750e+02 6.917752075195312500e+02 7.998216152191162109e-01
5.451861572265625000e+02 4.298926696777343750e+02 7.722864151000976562e-01
6.761755371093750000e+02 5.137284545898437500e+02 4.662024676799774170e-01
0.000000000000000000e+00 0.000000000000000000e+00 0.000000000000000000e+00
0.000000000000000000e+00 0.000000000000000000e+00 0.000000000000000000e+00
3.934125366210937500e+02 9.486596069335937500e+02 5.400065779685974121e-01
3.200379333496093750e+02 9.747553100585937500e+02 5.397813320159912109e-01
7.023295898437500000e+02 1.147525756835937500e+03 8.188485503196716309e-01
4.613969116210937500e+02 1.592830688476562500e+03 6.711677312850952148e-01
4.770465087890625000e+02 9.381362304687500000e+02 4.445924162864685059e-01
7.704765625000000000e+02 1.032545288085937500e+03 8.003302812576293945e-01
6.185189819335937500e+02 1.236666381835937500e+03 5.878041684627532959e-02
8.647245483398437500e+02 3.569676208496093750e+02 8.165627717971801758e-01
0.000000000000000000e+00 0.000000000000000000e+00 0.000000000000000000e+00
7.599645385742187500e+02 3.201557006835937500e+02 8.057325482368469238e-01
0.000000000000000000e+00 0.000000000000000000e+00 0.000000000000000000e+00
0.000000000000000000e+00 0.000000000000000000e+00 0.000000000000000000e+00
0.000000000000000000e+00 0.000000000000000000e+00 0.000000000000000000e+00
0.000000000000000000e+00 0.000000000000000000e+00 0.000000000000000000e+00
5.819130859375000000e+02 1.734017822265625000e+03 6.249768733978271484e-01
5.504511108398437500e+02 1.734044677734375000e+03 5.299375653266906738e-01
4.089829406738281250e+02 1.613621582031250000e+03 6.563723683357238770e-01
