1.365024566650390625e+02 6.553580932617187500e+02 8.688278198242187500e-01
3.201225585937500000e+02 7.650919799804687500e+02 6.780326366424560547e-01
3.200051269531250000e+02 7.495382690429687500e+02 5.088284015655517578e-01
4.613859252929687500e+02 8.229584350585937500e+02 1.220113411545753479e-01
0.000000000000000000e+00 0.000000000000000000e+00 0.000000000000000000e+00
3.357354125976562500e+02 7.702856445312500000e+02 7.830643653869628906e-01
5.137293090820312500e+02 9.381376953125000000e+02 9.026250839233398438e-01
2.989735412597656250e+02 8.332716064453125000e+02 8.166919350624084473e-01
5.715318603515625000e+02 1.105691650390625000e+03 6.148481369018554688e-01
5.296242675781250000e+02 1.095277954101562500e+03 4.704855084419250488e-01
3.253519897460937500e+02 1.152894653320312500e+03 8.288830518722534180e-01
4.928178710937500000e+02 1.435600097656250000e+03 7.844572067260742188e-01
6.082590332031250000e+02 1.116098754882812500e+03 6.620513796806335449e-01
3.357401123046875000e+02 1.362335815429687500e+03 8.683775067329406738e-01
5.190714111328125000e+02 1.608554199218750000e+03 8.583412170410156250e-01
0.000000000000000000e+00 0.000000000000000000e+00 0.000000000000000000e+00
1.524145507812500000e+02 6.444555664062500000e+02 8.843193054199218750e-01
0.000000000000000000e+00 0.000000000000000000e+00 0.000000000000000000e+00
2.310838470458984375e+02 6.762630004882812500e+02 8.675067424774169922e-01
4.090125122070312500e+02 1.723654052734375000e+03 7.671918869018554688e-01
4.614300842285156250e+02 1.718541992187500000e+03 6.928358078002929688e-01
5.608402709960937500e+02 1.613949462890625000e+03 7.962029576301574707e-01
5.032598571777343750e+02 1.487990234375000000e+03 2.219013720750808716e-01
0.000000000000000000e+00 0.000000000000000000e+00 0.000000000000000000e+00
5.191647338867187500e+02 1.446001220703125000e+03 8.339376449584960938e-01
