3.983867797851562500e+02 8.752118530273437500e+02 8.591754436492919922e-01
5.714815063476562500e+02 9.172022094726562500e+02 7.200496196746826172e-01
5.188747558593750000e+02 9.276456298828125000e+02 6.281675100326538086e-01
5.664308471679687500e+02 1.121347534179687500e+03 1.614526659250259399e-01
0.000000000000000000e+00 0.000000000000000000e+00 0.000000000000000000e+00
6.395433959960937500e+02 9.119613647460937500e+02 7.095401287078857422e-01
7.600579833984375000e+02 1.142441162109375000e+03 7.747049331665039062e-01
6.341405639648437500e+02 1.021896362304687500e+03 7.868783473968505859e-01
7.284669799804687500e+02 1.236793945312500000e+03 5.772301554679870605e-01
6.552140502929687500e+02 1.189612915039062500e+03 4.689580798149108887e-01
4.090270080566406250e+02 1.194540405273437500e+03 8.568702340126037598e-01
6.132922363281250000e+02 1.356979980468750000e+03 2.208850681781768799e-01
7.755710449218750000e+02 1.278598876953125000e+03 6.663407087326049805e-01
3.986848754882812500e+02 1.314955566406250000e+03 8.987915515899658203e-01
6.341813964843750000e+02 1.618917846679687500e+03 7.673273086547851562e-01
0.000000000000000000e+00 0.000000000000000000e+00 0.000000000000000000e+00
3.983923339843750000e+02 8.488718261718750000e+02 8.751906752586364746e-01
0.000000000000000000e+00 0.000000000000000000e+00 0.000000000000000000e+00
4.768682556152343750e+02 8.070265502929687500e+02 8.625487089157104492e-01
5.555639038085937500e+02 1.702723022460937500e+03 6.760386228561401367e-01
5.923519287109375000e+02 1.702911010742187500e+03 7.023884654045104980e-01
6.814087524414062500e+02 1.629431152343750000e+03 6.660416126251220703e-01
0.000000000000000000e+00 0.000000000000000000e+00 0.000000000000000000e+00
0.000000000000000000e+00 0.000000000000000000e+00 0.000000000000000000e+00
6.499825439453125000e+02 1.367603393554687500e+03 1.847177296876907349e-01
