1.158553009033203125e+02 6.864885253906250000e+02 8.903828859329223633e-01
3.149663696289062500e+02 7.758871459960937500e+02 6.738839745521545410e-01
3.147906188964843750e+02 7.706183471679687500e+02 5.298236608505249023e-01
4.457129821777343750e+02 8.386369018554687500e+02 5.807698890566825867e-02
0.000000000000000000e+00 0.000000000000000000e+00 0.000000000000000000e+00
3.253124084472656250e+02 7.810784301757812500e+02 7.384284734725952148e-01
5.137191772460937500e+02 9.693747558593750000e+02 8.357868194580078125e-01
2.886404724121093750e+02 8.593487548828125000e+02 8.610805273056030273e-01
5.661321411132812500e+02 1.116232299804687500e+03 6.035589575767517090e-01
5.242610473632812500e+02 1.105855957031250000e+03 4.758409559726715088e-01
3.199660339355468750e+02 1.163241821289062500e+03 8.023762106895446777e-01
4.823026733398437500e+02 1.425127441406250000e+03 7.602688074111938477e-01
6.029442749023437500e+02 1.137143066406250000e+03 6.527878046035766602e-01
3.305394592285156250e+02 1.367633178710937500e+03 8.195496797561645508e-01
5.191257324218750000e+02 1.608581054687500000e+03 8.476974964141845703e-01
0.000000000000000000e+00 0.000000000000000000e+00 0.000000000000000000e+00
1.470025482177734375e+02 6.553421630859375000e+02 9.155029654502868652e-01
0.000000000000000000e+00 0.000000000000000000e+00 0.000000000000000000e+00
2.258426208496093750e+02 6.917259521484375000e+02 9.248465299606323242e-01
4.038093872070312500e+02 1.723694946289062500e+03 7.744123935699462891e-01
4.510089721679687500e+02 1.723662353515625000e+03 6.862242221832275391e-01
5.609732055664062500e+02 1.618937133789062500e+03 8.059823513031005859e-01
5.138048095703125000e+02 1.472423217773437500e+03 1.594622433185577393e-01
0.000000000000000000e+00 0.000000000000000000e+00 0.000000000000000000e+00
5.138839111328125000e+02 1.440790039062500000e+03 7.955911159515380859e-01
