2.307982940673828125e+02 6.083056030273437500e+02 9.216120839118957520e-01
3.987223815917968750e+02 7.494832763671875000e+02 6.039414405822753906e-01
3.776440734863281250e+02 7.651174316406250000e+02 4.140602946281433105e-01
4.824940185546875000e+02 9.379943847656250000e+02 6.177593767642974854e-02
0.000000000000000000e+00 0.000000000000000000e+00 0.000000000000000000e+00
4.402814636230468750e+02 7.390446777343750000e+02 7.912696003913879395e-01
6.083435668945312500e+02 8.541604003906250000e+02 8.904747962951660156e-01
4.613813781738281250e+02 6.081868286132812500e+02 8.141013979911804199e-01
7.285045776367187500e+02 1.090034179687500000e+03 4.937471151351928711e-01
6.866871948242187500e+02 1.100302490234375000e+03 3.195137977600097656e-01
4.246906738281250000e+02 1.278609008789062500e+03 2.672207653522491455e-01
5.192269897460937500e+02 1.640011352539062500e+03 1.731698215007781982e-01
7.547581787109375000e+02 1.089911254882812500e+03 5.875767469406127930e-01
4.091281127929687500e+02 1.351796386718750000e+03 7.975904941558837891e-01
5.556329956054687500e+02 1.786573608398437500e+03 7.560938000679016113e-01
0.000000000000000000e+00 0.000000000000000000e+00 0.000000000000000000e+00
2.673613891601562500e+02 5.871954345703125000e+02 8.738861680030822754e-01
0.000000000000000000e+00 0.000000000000000000e+00 0.000000000000000000e+00
3.513645935058593750e+02 6.080960083007812500e+02 9.032965898513793945e-01
3.987555236816406250e+02 1.854619506835937500e+03 6.732746362686157227e-01
4.457860717773437500e+02 1.859961547851562500e+03 6.434720754623413086e-01
5.924094238281250000e+02 1.823118774414062500e+03 6.996818184852600098e-01
3.986963806152343750e+02 1.660884033203125000e+03 4.276666045188903809e-01
4.142752380371093750e+02 1.655610839843750000e+03 3.792657852172851562e-01
0.000000000000000000e+00 0.000000000000000000e+00 0.000000000000000000e+00
