8.855583496093750000e+02 2.675702514648437500e+02 7.613577842712402344e-01
6.029943237304687500e+02 3.881009521484375000e+02 6.020712256431579590e-01
5.609585571289062500e+02 3.879524841308593750e+02 6.302752494812011719e-01
3.146220397949218750e+02 5.555302734375000000e+02 7.757862806320190430e-01
5.191932983398437500e+02 2.780353698730468750e+02 8.439400792121887207e-01
6.605430908203125000e+02 3.932987670898437500e+02 4.634785354137420654e-01
0.000000000000000000e+00 0.000000000000000000e+00 0.000000000000000000e+00
0.000000000000000000e+00 0.000000000000000000e+00 0.000000000000000000e+00
3.827748413085937500e+02 8.542071533203125000e+02 5.350605845451354980e-01
3.147377929687500000e+02 8.647072143554687500e+02 5.285747051239013672e-01
6.502456054687500000e+02 1.069260620117187500e+03 7.874817252159118652e-01
4.403211059570312500e+02 1.530140380859375000e+03 7.358815670013427734e-01
4.509131164550781250e+02 8.385698242187500000e+02 4.232115745544433594e-01
7.392100219726562500e+02 9.850408325195312500e+02 7.840372323989868164e-01
5.871705322265625000e+02 1.247092895507812500e+03 1.082451120018959045e-01
8.595988159179687500e+02 2.204435577392578125e+02 8.533768653869628906e-01
0.000000000000000000e+00 0.000000000000000000e+00 0.000000000000000000e+00
7.495594482421875000e+02 1.892484436035156250e+02 8.208268284797668457e-01
0.000000000000000000e+00 0.000000000000000000e+00 0.000000000000000000e+00
6.446267089843750000e+02 1.325691162109375000e+03 2.828759551048278809e-01
6.394264526367187500e+02 1.320554687500000000e+03 2.735794186592102051e-01
6.027855224609375000e+02 1.315243652343750000e+03 5.527544766664505005e-02
5.607686157226562500e+02 1.666164428710937500e+03 5.945857167243957520e-01
5.190291748046875000e+02 1.661082885742187500e+03 5.022689104080200195e-01
3.932389831542968750e+02 1.556096679687500000e+03 6.335601806640625000e-01
