8.752915649414062500e+02 3.621085815429687500e+02 7.796815037727355957e-01
6.082760009765625000e+02 4.876042175292968750e+02 5.959965586662292480e-01
5.660330810546875000e+02 4.825849304199218750e+02 6.321257948875427246e-01
3.409297485351562500e+02 6.813287353515625000e+02 7.541722655296325684e-01
5.400396728515625000e+02 3.985278320312500000e+02 7.784320712089538574e-01
6.762361450195312500e+02 4.876592102050781250e+02 4.677082896232604980e-01
0.000000000000000000e+00 0.000000000000000000e+00 0.000000000000000000e+00
0.000000000000000000e+00 0.000000000000000000e+00 0.000000000000000000e+00
4.037528686523437500e+02 9.380429687500000000e+02 5.152551531791687012e-01
3.304745178222656250e+02 9.589493408203125000e+02 5.086659193038940430e-01
6.972304687500000000e+02 1.142291503906250000e+03 7.743860483169555664e-01
4.509049072265625000e+02 1.571903930664062500e+03 6.872408390045166016e-01
4.823961181640625000e+02 9.118756103515625000e+02 4.142544269561767578e-01
7.755354614257812500e+02 1.027288330078125000e+03 8.009069561958312988e-01
0.000000000000000000e+00 0.000000000000000000e+00 0.000000000000000000e+00
8.596428222656250000e+02 3.148652648925781250e+02 8.836134076118469238e-01
0.000000000000000000e+00 0.000000000000000000e+00 0.000000000000000000e+00
7.495842285156250000e+02 2.990388793945312500e+02 8.190987706184387207e-01
0.000000000000000000e+00 0.000000000000000000e+00 0.000000000000000000e+00
0.000000000000000000e+00 0.000000000000000000e+00 0.000000000000000000e+00
0.000000000000000000e+00 0.000000000000000000e+00 0.000000000000000000e+00
0.000000000000000000e+00 0.000000000000000000e+00 0.000000000000000000e+00
5.607958374023437500e+02 1.713220336914062500e+03 6.029068231582641602e-01
4.981367187500000000e+02 1.702844116210937500e+03 5.187309980392456055e-01
4.038683166503906250e+02 1.592730957031250000e+03 6.274616122245788574e-01
