1.106828460693359375e+02 8.124739990234375000e+02 9.111362099647521973e-01
3.094603576660156250e+02 9.015605468750000000e+02 7.027800679206848145e-01
2.781555175781250000e+02 9.015580444335937500e+02 5.314025878906250000e-01
3.304194946289062500e+02 1.063744262695312500e+03 1.656374931335449219e-01
3.461418762207031250e+02 1.142343627929687500e+03 2.369741201400756836e-01
3.356820068359375000e+02 9.016506347656250000e+02 7.697686553001403809e-01
4.666268615722656250e+02 1.095177001953125000e+03 8.432117700576782227e-01
2.363481597900390625e+02 9.802070922851562500e+02 8.693723678588867188e-01
6.133122558593750000e+02 1.189559204101562500e+03 4.925311505794525146e-01
6.028308105468750000e+02 1.179055419921875000e+03 3.132274150848388672e-01
3.827464599609375000e+02 1.200013916015625000e+03 2.881989181041717529e-01
4.981051940917968750e+02 1.393777221679687500e+03 7.261634469032287598e-01
6.342981567382812500e+02 1.205153808593750000e+03 6.258109211921691895e-01
3.252113952636718750e+02 1.331000854492187500e+03 7.879935503005981445e-01
5.295407104492187500e+02 1.561359863281250000e+03 7.995744943618774414e-01
0.000000000000000000e+00 0.000000000000000000e+00 0.000000000000000000e+00
1.419482421875000000e+02 7.915180664062500000e+02 8.938180804252624512e-01
0.000000000000000000e+00 0.000000000000000000e+00 0.000000000000000000e+00
2.254536590576171875e+02 8.177974853515625000e+02 9.125114679336547852e-01
4.351388244628906250e+02 1.676665771484375000e+03 7.729921936988830566e-01
4.771173400878906250e+02 1.676534667968750000e+03 6.847441792488098145e-01
5.714589233398437500e+02 1.566589721679687500e+03 7.875901460647583008e-01
0.000000000000000000e+00 0.000000000000000000e+00 0.000000000000000000e+00
0.000000000000000000e+00 0.000000000000000000e+00 0.000000000000000000e+00
5.244168090820312500e+02 1.399062500000000000e+03 7.659911513328552246e-01
