7.181378173828125000e+02 6.132839965820312500e+02 8.777661919593811035e-01
5.664270629882812500e+02 7.808496093750000000e+02 7.989811897277832031e-01
5.609758911132812500e+02 8.175560913085937500e+02 7.409535646438598633e-01
4.459281921386718750e+02 1.027307495117187500e+03 8.483147621154785156e-01
5.608591308593750000e+02 9.067769775390625000e+02 7.972714900970458984e-01
5.819204711914062500e+02 7.443435668945312500e+02 5.419230461120605469e-01
4.456367492675781250e+02 8.594250488281250000e+02 5.168379545211791992e-01
0.000000000000000000e+00 0.000000000000000000e+00 0.000000000000000000e+00
3.828453674316406250e+02 1.179009765625000000e+03 5.674178600311279297e-01
3.410104064941406250e+02 1.194596313476562500e+03 6.056479215621948242e-01
6.184970092773437500e+02 1.472293579101562500e+03 7.889119982719421387e-01
4.457498779296875000e+02 1.765617309570312500e+03 7.860730886459350586e-01
4.300030212402343750e+02 1.157999023437500000e+03 4.878016114234924316e-01
5.922558593750000000e+02 1.278684082031250000e+03 8.287467956542968750e-01
4.406647338867187500e+02 1.561432128906250000e+03 7.811406850814819336e-01
6.868161010742187500e+02 5.975918579101562500e+02 9.373317956924438477e-01
0.000000000000000000e+00 0.000000000000000000e+00 0.000000000000000000e+00
6.080678710937500000e+02 6.290394287109375000e+02 8.867698907852172852e-01
0.000000000000000000e+00 0.000000000000000000e+00 0.000000000000000000e+00
5.137482299804687500e+02 1.608624511718750000e+03 5.660606920719146729e-02
0.000000000000000000e+00 0.000000000000000000e+00 0.000000000000000000e+00
4.142218933105468750e+02 1.582458496093750000e+03 7.890169024467468262e-01
5.976354980468750000e+02 1.823347534179687500e+03 7.373894453048706055e-01
5.452983398437500000e+02 1.838959594726562500e+03 6.238811016082763672e-01
4.089767150878906250e+02 1.776092529296875000e+03 7.636690139770507812e-01
