2.676047363281250000e+02 7.706328125000000000e+02 9.374552965164184570e-01
4.300005493164062500e+02 9.012039184570312500e+02 6.442370414733886719e-01
4.195200500488281250e+02 8.909735717773437500e+02 4.800963401794433594e-01
0.000000000000000000e+00 0.000000000000000000e+00 0.000000000000000000e+00
0.000000000000000000e+00 0.000000000000000000e+00 0.000000000000000000e+00
4.350697937011718750e+02 9.016935424804687500e+02 8.379254341125488281e-01
4.457629089355468750e+02 1.147698486328125000e+03 9.148532152175903320e-01
3.568667602539062500e+02 9.432415771484375000e+02 9.040336608886718750e-01
5.872163085937500000e+02 1.231248046875000000e+03 6.120012998580932617e-01
5.713806762695312500e+02 1.199895141601562500e+03 4.600481688976287842e-01
3.515615234375000000e+02 1.315402832031250000e+03 9.294292926788330078e-01
4.825168762207031250e+02 1.545718505859375000e+03 7.982027530670166016e-01
6.027197265625000000e+02 1.252346069335937500e+03 6.259698867797851562e-01
3.408310852050781250e+02 1.482962768554687500e+03 8.807276487350463867e-01
5.033331909179687500e+02 1.692504272460937500e+03 8.326759338378906250e-01
0.000000000000000000e+00 0.000000000000000000e+00 0.000000000000000000e+00
2.833808593750000000e+02 7.495433349609375000e+02 8.372944593429565430e-01
0.000000000000000000e+00 0.000000000000000000e+00 0.000000000000000000e+00
3.670907897949218750e+02 7.707045288085937500e+02 9.150359034538269043e-01
3.881932067871093750e+02 1.755258911132812500e+03 7.624926567077636719e-01
4.247968444824218750e+02 1.770743408203125000e+03 7.641180753707885742e-01
5.295946044921875000e+02 1.697712158203125000e+03 9.044829010963439941e-01
4.718140258789062500e+02 1.613644042968750000e+03 1.185182929039001465e-01
0.000000000000000000e+00 0.000000000000000000e+00 0.000000000000000000e+00
5.189868164062500000e+02 1.566712158203125000e+03 8.833036422729492188e-01
