1.365186767578125000e+02 6.502058105468750000e+02 8.909526467323303223e-01
3.199653625488281250e+02 7.546560058593750000e+02 6.198773384094238281e-01
3.147419738769531250e+02 7.442236328125000000e+02 4.634842276573181152e-01
0.000000000000000000e+00 0.000000000000000000e+00 0.000000000000000000e+00
0.000000000000000000e+00 0.000000000000000000e+00 0.000000000000000000e+00
3.408812255859375000e+02 7.600587768554687500e+02 7.445345520973205566e-01
5.189118041992187500e+02 9.329122924804687500e+02 8.892019987106323242e-01
2.989637145996093750e+02 8.178348388671875000e+02 8.504782319068908691e-01
5.714298706054687500e+02 1.105569946289062500e+03 6.082881093025207520e-01
5.244324951171875000e+02 1.089951782226562500e+03 4.475119709968566895e-01
3.304461669921875000e+02 1.152805908203125000e+03 8.396766781806945801e-01
4.929646301269531250e+02 1.435586059570312500e+03 7.780952453613281250e-01
6.082044677734375000e+02 1.111160888671875000e+03 6.610236763954162598e-01
3.409006652832031250e+02 1.362321044921875000e+03 8.744694590568542480e-01
5.190566406250000000e+02 1.608651489257812500e+03 8.693778514862060547e-01
1.421766510009765625e+02 6.443904418945312500e+02 5.243371799588203430e-02
1.575508880615234375e+02 6.393195800781250000e+02 8.459599018096923828e-01
0.000000000000000000e+00 0.000000000000000000e+00 0.000000000000000000e+00
2.361250915527343750e+02 6.657084960937500000e+02 8.416709899902343750e-01
4.090432128906250000e+02 1.723752441406250000e+03 7.693409919738769531e-01
4.614616088867187500e+02 1.718580322265625000e+03 6.901389956474304199e-01
5.608054199218750000e+02 1.618897460937500000e+03 7.873483896255493164e-01
5.084647216796875000e+02 1.482849121093750000e+03 2.065590023994445801e-01
0.000000000000000000e+00 0.000000000000000000e+00 0.000000000000000000e+00
5.192111206054687500e+02 1.445991577148437500e+03 8.466094136238098145e-01
