7.862153930664062500e+02 7.443305053710937500e+02 8.543370366096496582e-01
6.238632812500000000e+02 8.909033813476562500e+02 7.488522529602050781e-01
6.029163818359375000e+02 8.959335327148437500e+02 8.201251029968261719e-01
4.824545288085937500e+02 1.179081054687500000e+03 8.961702585220336914e-01
5.818246459960937500e+02 9.801921997070312500e+02 7.647910118103027344e-01
6.502442016601562500e+02 8.857050781250000000e+02 7.524087429046630859e-01
6.499887695312500000e+02 1.058519165039062500e+03 1.605555415153503418e-01
6.030117187500000000e+02 1.110983520507812500e+03 5.603776574134826660e-01
4.090549621582031250e+02 1.226140625000000000e+03 5.833535790443420410e-01
3.827801513671875000e+02 1.242030639648437500e+03 6.547441482543945312e-01
7.284281005859375000e+02 1.404224121093750000e+03 8.907234072685241699e-01
5.188043212890625000e+02 1.655735473632812500e+03 8.514641523361206055e-01
4.405891113281250000e+02 1.194607543945312500e+03 4.625372290611267090e-01
6.918000488281250000e+02 1.236676147460937500e+03 8.743993043899536133e-01
5.189947509765625000e+02 1.482873046875000000e+03 8.507399559020996094e-01
7.705545043945312500e+02 7.233894042968750000e+02 9.201244711875915527e-01
0.000000000000000000e+00 0.000000000000000000e+00 0.000000000000000000e+00
6.918278808593750000e+02 7.335835571289062500e+02 8.018516302108764648e-01
0.000000000000000000e+00 0.000000000000000000e+00 0.000000000000000000e+00
5.714472656250000000e+02 1.503744140625000000e+03 3.306139409542083740e-01
5.662377929687500000e+02 1.488013916015625000e+03 3.267645835876464844e-01
4.823905334472656250e+02 1.498579589843750000e+03 8.983042240142822266e-01
6.395323486328125000e+02 1.728971313476562500e+03 7.140874862670898438e-01
6.026899414062500000e+02 1.734298095703125000e+03 7.473432421684265137e-01
4.770424499511718750e+02 1.666107666015625000e+03 8.269606232643127441e-01
