9.066269531250000000e+02 1.152721313476562500e+03 9.139953255653381348e-01
6.710206909179687500e+02 1.220921020507812500e+03 6.477996110916137695e-01
6.865159912109375000e+02 1.236503173828125000e+03 8.353644609451293945e-01
6.028214111328125000e+02 1.514203369140625000e+03 8.310624361038208008e-01
7.810700683593750000e+02 1.309768554687500000e+03 8.308361768722534180e-01
6.500775146484375000e+02 1.189635375976562500e+03 5.758286714553833008e-01
0.000000000000000000e+00 0.000000000000000000e+00 0.000000000000000000e+00
0.000000000000000000e+00 0.000000000000000000e+00 0.000000000000000000e+00
3.618518066406250000e+02 1.566617309570312500e+03 5.129686594009399414e-01
3.566531677246093750e+02 1.577175659179687500e+03 6.435815095901489258e-01
6.918245239257812500e+02 1.597984008789062500e+03 6.896796226501464844e-01
5.347573242187500000e+02 1.912386596679687500e+03 5.213317871093750000e-01
3.671305541992187500e+02 1.545631469726562500e+03 3.387521803379058838e-01
7.285906982421875000e+02 1.561455200195312500e+03 2.085508704185485840e-01
5.348812255859375000e+02 1.823355590820312500e+03 1.778729110956192017e-01
8.959403076171875000e+02 1.116056274414062500e+03 9.226945042610168457e-01
0.000000000000000000e+00 0.000000000000000000e+00 0.000000000000000000e+00
8.069257202148437500e+02 1.121361083984375000e+03 8.727167248725891113e-01
0.000000000000000000e+00 0.000000000000000000e+00 0.000000000000000000e+00
0.000000000000000000e+00 0.000000000000000000e+00 0.000000000000000000e+00
0.000000000000000000e+00 0.000000000000000000e+00 0.000000000000000000e+00
4.822734375000000000e+02 1.823290405273437500e+03 1.653348505496978760e-01
6.394832153320312500e+02 1.870373291015625000e+03 9.832816570997238159e-02
5.400211791992187500e+02 1.912489501953125000e+03 1.597376912832260132e-01
5.189503784179687500e+02 1.912423583984375000e+03 3.286048173904418945e-01
