8.855962524414062500e+02 3.200147705078125000e+02 7.985265851020812988e-01
6.079422607421875000e+02 4.458761596679687500e+02 6.082497239112854004e-01
5.609472656250000000e+02 4.509611816406250000e+02 5.261945724487304688e-01
3.304780883789062500e+02 6.083488769531250000e+02 7.539232969284057617e-01
5.399665527343750000e+02 3.564664001464843750e+02 7.836280465126037598e-01
6.709827880859375000e+02 4.561478576660156250e+02 4.532300531864166260e-01
0.000000000000000000e+00 0.000000000000000000e+00 0.000000000000000000e+00
0.000000000000000000e+00 0.000000000000000000e+00 0.000000000000000000e+00
3.933148193359375000e+02 8.962145385742187500e+02 5.150181055068969727e-01
3.251948852539062500e+02 9.119567260742187500e+02 4.886173605918884277e-01
6.868067016601562500e+02 1.105699340820312500e+03 8.448783159255981445e-01
4.403800048828125000e+02 1.535350830078125000e+03 7.233127951622009277e-01
4.718775634765625000e+02 8.752944335937500000e+02 4.056650698184967041e-01
7.652637939453125000e+02 9.957598876953125000e+02 7.655380964279174805e-01
0.000000000000000000e+00 0.000000000000000000e+00 0.000000000000000000e+00
8.596487426757812500e+02 2.726908874511718750e+02 8.816450238227844238e-01
8.960558471679687500e+02 2.732605895996093750e+02 6.200036779046058655e-02
7.495071411132812500e+02 2.518127593994140625e+02 8.159838914871215820e-01
0.000000000000000000e+00 0.000000000000000000e+00 0.000000000000000000e+00
0.000000000000000000e+00 0.000000000000000000e+00 0.000000000000000000e+00
0.000000000000000000e+00 0.000000000000000000e+00 0.000000000000000000e+00
0.000000000000000000e+00 0.000000000000000000e+00 0.000000000000000000e+00
5.452636108398437500e+02 1.671459228515625000e+03 5.935509204864501953e-01
5.084899291992187500e+02 1.666229980468750000e+03 5.207111835479736328e-01
3.931862182617187500e+02 1.561327026367187500e+03 6.329846978187561035e-01
