7.758304443359375000e+02 7.076893310546875000e+02 8.954200148582458496e-01
6.184959716796875000e+02 8.592987060546875000e+02 7.727657556533813477e-01
5.976179199218750000e+02 8.593862915039062500e+02 7.973099946975708008e-01
4.822474670410156250e+02 1.147589965820312500e+03 9.185506105422973633e-01
5.661686401367187500e+02 9.589910888671875000e+02 7.284305095672607422e-01
6.501346435546875000e+02 8.543526611328125000e+02 7.881044149398803711e-01
6.394366455078125000e+02 1.000939208984375000e+03 1.215105950832366943e-01
6.029703979492187500e+02 1.079542236328125000e+03 4.287739694118499756e-01
4.143259582519531250e+02 1.194856933593750000e+03 6.226320862770080566e-01
3.724508361816406250e+02 1.226095581054687500e+03 6.414760351181030273e-01
7.231976928710937500e+02 1.398962036132812500e+03 8.700989484786987305e-01
5.188062744140625000e+02 1.655817993164062500e+03 8.531017899513244629e-01
4.614195251464843750e+02 1.184108886718750000e+03 5.065150260925292969e-01
6.864304809570312500e+02 1.231573608398437500e+03 8.812713623046875000e-01
5.190414428710937500e+02 1.482756103515625000e+03 8.632786273956298828e-01
7.650471191406250000e+02 6.865200805664062500e+02 9.003537893295288086e-01
0.000000000000000000e+00 0.000000000000000000e+00 0.000000000000000000e+00
6.813121948242187500e+02 6.919833374023437500e+02 7.811729311943054199e-01
0.000000000000000000e+00 0.000000000000000000e+00 0.000000000000000000e+00
5.663358764648437500e+02 1.514142333984375000e+03 1.921148896217346191e-01
5.609580688476562500e+02 1.487955200195312500e+03 1.709005236625671387e-01
4.824663391113281250e+02 1.498600341796875000e+03 8.815656900405883789e-01
6.395659790039062500e+02 1.728910400390625000e+03 7.238484025001525879e-01
6.027371826171875000e+02 1.734304077148437500e+03 7.597969770431518555e-01
4.770486755371093750e+02 1.666221801757812500e+03 8.210106492042541504e-01
