8.751727905273437500e+02 3.148336486816406250e+02 7.945503592491149902e-01
6.029225463867187500e+02 4.351356506347656250e+02 5.713931918144226074e-01
5.610062255859375000e+02 4.299877319335937500e+02 5.859054923057556152e-01
3.146005554199218750e+02 6.080104370117187500e+02 8.204392790794372559e-01
5.244829101562500000e+02 3.462519836425781250e+02 8.086341023445129395e-01
6.604696655273437500e+02 4.404796142578125000e+02 4.393833875656127930e-01
0.000000000000000000e+00 0.000000000000000000e+00 0.000000000000000000e+00
0.000000000000000000e+00 0.000000000000000000e+00 0.000000000000000000e+00
3.880432434082031250e+02 8.803806152343750000e+02 5.179123878479003906e-01
3.147620849609375000e+02 8.962357177734375000e+02 5.445248484611511230e-01
6.813228759765625000e+02 1.100540649414062500e+03 7.958767414093017578e-01
4.352073974609375000e+02 1.535374023437500000e+03 7.179889082908630371e-01
4.666111450195312500e+02 8.595101928710937500e+02 4.343416690826416016e-01
7.495771484375000000e+02 9.905588378906250000e+02 7.563269734382629395e-01
6.028738403320312500e+02 1.252359497070312500e+03 5.028980597853660583e-02
8.596071777343750000e+02 2.675430603027343750e+02 8.841996192932128906e-01
0.000000000000000000e+00 0.000000000000000000e+00 0.000000000000000000e+00
7.390722656250000000e+02 2.310804443359375000e+02 8.773767352104187012e-01
0.000000000000000000e+00 0.000000000000000000e+00 0.000000000000000000e+00
6.499506835937500000e+02 1.325611694335937500e+03 1.150370016694068909e-01
6.450391235351562500e+02 1.320668823242187500e+03 1.093384176492691040e-01
0.000000000000000000e+00 0.000000000000000000e+00 0.000000000000000000e+00
5.347257080078125000e+02 1.666236328125000000e+03 6.370956301689147949e-01
4.980449218750000000e+02 1.666086303710937500e+03 5.205014348030090332e-01
3.880193786621093750e+02 1.561444213867187500e+03 6.497651934623718262e-01
