2.285872955322265625e+02 1.571954345703125000e+02 9.269900321960449219e-01
1.884709014892578125e+02 1.920568084716796875e+02 7.458380460739135742e-01
1.833121490478515625e+02 1.972363891601562500e+02 7.782118320465087891e-01
1.607131195068359375e+02 2.564866943359375000e+02 9.511511325836181641e-01
1.746536712646484375e+02 2.128655853271484375e+02 7.860909700393676758e-01
1.937897644042968750e+02 1.886082916259765625e+02 6.238657236099243164e-01
0.000000000000000000e+00 0.000000000000000000e+00 0.000000000000000000e+00
0.000000000000000000e+00 0.000000000000000000e+00 0.000000000000000000e+00
1.485484466552734375e+02 2.947271118164062500e+02 7.308080196380615234e-01
1.449616851806640625e+02 2.999364318847656250e+02 8.051025867462158203e-01
2.147033996582031250e+02 3.522158813476562500e+02 8.828808069229125977e-01
1.589686889648437500e+02 4.095753784179687500e+02 8.770626783370971680e-01
1.589815979003906250e+02 2.860617980957031250e+02 6.897178292274475098e-01
2.059487609863281250e+02 3.139116210937500000e+02 8.814908266067504883e-01
1.607368927001953125e+02 3.731235046386718750e+02 8.420838713645935059e-01
2.182032928466796875e+02 1.468070373535156250e+02 9.058954119682312012e-01
2.286584930419921875e+02 1.467549285888671875e+02 5.190999507904052734e-01
2.006669311523437500e+02 1.485376434326171875e+02 8.314164876937866211e-01
0.000000000000000000e+00 0.000000000000000000e+00 0.000000000000000000e+00
1.833560180664062500e+02 3.975237121582031250e+02 1.277253329753875732e-01
1.833124847412109375e+02 3.975623168945312500e+02 6.827802211046218872e-02
1.502193908691406250e+02 3.800147399902343750e+02 9.013323783874511719e-01
1.903189544677734375e+02 4.235341796875000000e+02 8.693447709083557129e-01
1.833214111328125000e+02 4.252792053222656250e+02 8.432334661483764648e-01
1.467583618164062500e+02 4.097355346679687500e+02 9.129266738891601562e-01
