8.647013549804687500e+02 3.304123229980468750e+02 8.323206901550292969e-01
6.029435424804687500e+02 4.510584106445312500e+02 5.718069672584533691e-01
5.557715454101562500e+02 4.405409545898437500e+02 5.733956098556518555e-01
3.149315185546875000e+02 6.447192382812500000e+02 8.003461360931396484e-01
5.191795043945312500e+02 3.775997619628906250e+02 8.048760294914245605e-01
6.709251708984375000e+02 4.718637390136718750e+02 4.628683328628540039e-01
0.000000000000000000e+00 0.000000000000000000e+00 0.000000000000000000e+00
0.000000000000000000e+00 0.000000000000000000e+00 0.000000000000000000e+00
3.933806457519531250e+02 9.065755615234375000e+02 5.249208211898803711e-01
3.201076049804687500e+02 9.328502807617187500e+02 5.239151120185852051e-01
6.921063842773437500e+02 1.110929931640625000e+03 8.421505689620971680e-01
4.404649047851562500e+02 1.545757812500000000e+03 7.133754491806030273e-01
4.719393310546875000e+02 8.908756103515625000e+02 4.105767607688903809e-01
7.703662719726562500e+02 1.000977600097656250e+03 7.886434793472290039e-01
6.132308349609375000e+02 1.178995483398437500e+03 1.191446036100387573e-01
8.544085083007812500e+02 2.780751342773437500e+02 9.055572152137756348e-01
0.000000000000000000e+00 0.000000000000000000e+00 0.000000000000000000e+00
7.392195434570312500e+02 2.622754821777343750e+02 8.458104133605957031e-01
0.000000000000000000e+00 0.000000000000000000e+00 0.000000000000000000e+00
0.000000000000000000e+00 0.000000000000000000e+00 0.000000000000000000e+00
0.000000000000000000e+00 0.000000000000000000e+00 0.000000000000000000e+00
0.000000000000000000e+00 0.000000000000000000e+00 0.000000000000000000e+00
5.504740600585937500e+02 1.676635986328125000e+03 6.021124124526977539e-01
5.033561401367187500e+02 1.671426391601562500e+03 5.322391986846923828e-01
3.934163208007812500e+02 1.566566528320312500e+03 6.377590298652648926e-01
