7.811159667968750000e+02 1.042843139648437500e+03 8.602589964866638184e-01
6.132481079101562500e+02 1.021683654785156250e+03 8.018770217895507812e-01
6.082150878906250000e+02 1.058373535156250000e+03 8.337557315826416016e-01
4.773546142578125000e+02 1.231454101562500000e+03 8.787345886230468750e-01
6.185576782226562500e+02 1.147462158203125000e+03 8.142755031585693359e-01
6.133980712890625000e+02 9.800258789062500000e+02 7.064650654792785645e-01
5.138052368164062500e+02 1.131891723632812500e+03 6.782151013612747192e-02
6.342487792968750000e+02 1.131840209960937500e+03 1.477137804031372070e-01
2.937598571777343750e+02 1.236759033203125000e+03 5.949990749359130859e-01
2.991027832031250000e+02 1.267917358398437500e+03 6.817910671234130859e-01
6.343107299804687500e+02 1.257573486328125000e+03 8.374670743942260742e-01
4.823424072265625000e+02 1.519341674804687500e+03 8.327921628952026367e-01
2.729921569824218750e+02 1.220860595703125000e+03 4.252245426177978516e-01
5.766626586914062500e+02 1.215640747070312500e+03 4.994887709617614746e-01
4.825108032226562500e+02 1.414733886718750000e+03 7.940524220466613770e-01
7.810606689453125000e+02 1.021841918945312500e+03 9.151505827903747559e-01
0.000000000000000000e+00 0.000000000000000000e+00 0.000000000000000000e+00
7.285278320312500000e+02 9.904067993164062500e+02 9.439174532890319824e-01
0.000000000000000000e+00 0.000000000000000000e+00 0.000000000000000000e+00
6.026231079101562500e+02 1.435557861328125000e+03 6.554459929466247559e-01
5.976940307617187500e+02 1.430346557617187500e+03 6.457772850990295410e-01
4.407547912597656250e+02 1.435526245117187500e+03 7.788621783256530762e-01
6.027733764648437500e+02 1.571678100585937500e+03 8.084596991539001465e-01
5.611135864257812500e+02 1.576998291015625000e+03 8.378836512565612793e-01
4.457448120117187500e+02 1.530052490234375000e+03 8.480542302131652832e-01
