8.018754272460937500e+02 7.391101074218750000e+02 8.724424839019775391e-01
6.238451538085937500e+02 8.175554199218750000e+02 7.053375244140625000e-01
6.185227050781250000e+02 8.332847290039062500e+02 8.060463070869445801e-01
5.188650512695312500e+02 1.016606384277343750e+03 9.424554109573364258e-01
6.499884033203125000e+02 8.961193847656250000e+02 8.989413380622863770e-01
6.394836425781250000e+02 8.070356445312500000e+02 5.994351506233215332e-01
0.000000000000000000e+00 0.000000000000000000e+00 0.000000000000000000e+00
0.000000000000000000e+00 0.000000000000000000e+00 0.000000000000000000e+00
3.409550170898437500e+02 1.027123901367187500e+03 6.397030353546142578e-01
3.147976074218750000e+02 1.037632812500000000e+03 7.281879782676696777e-01
6.078877563476562500e+02 1.199871093750000000e+03 9.181449413299560547e-01
4.717748413085937500e+02 1.477671630859375000e+03 8.244729042053222656e-01
3.618878784179687500e+02 1.016708190917968750e+03 4.725597500801086426e-01
5.923675537109375000e+02 1.110929321289062500e+03 8.541595935821533203e-01
4.614664916992187500e+02 1.362433715820312500e+03 7.938321828842163086e-01
7.809376831054687500e+02 7.282605590820312500e+02 9.173498153686523438e-01
0.000000000000000000e+00 0.000000000000000000e+00 0.000000000000000000e+00
7.233558349609375000e+02 7.285017700195312500e+02 9.528192281723022461e-01
0.000000000000000000e+00 0.000000000000000000e+00 0.000000000000000000e+00
5.663778686523437500e+02 1.393829223632812500e+03 7.180420160293579102e-01
5.661812744140625000e+02 1.383382446289062500e+03 6.945537328720092773e-01
4.300062866210937500e+02 1.388529052734375000e+03 8.592485189437866211e-01
5.819146118164062500e+02 1.519511230468750000e+03 7.823646068572998047e-01
5.557844238281250000e+02 1.529766235351562500e+03 8.567517399787902832e-01
4.352391662597656250e+02 1.488283203125000000e+03 8.469839692115783691e-01
