1.051661224365234375e+02 8.597482910156250000e+02 9.251161217689514160e-01
3.512419128417968750e+02 8.908726196289062500e+02 8.050540089607238770e-01
3.723031921386718750e+02 8.542368164062500000e+02 7.528460025787353516e-01
5.033724365234375000e+02 9.170633544921875000e+02 7.462252974510192871e-01
0.000000000000000000e+00 0.000000000000000000e+00 0.000000000000000000e+00
3.199692077636718750e+02 9.172073974609375000e+02 7.800633311271667480e-01
4.981873168945312500e+02 1.069172973632812500e+03 8.821942210197448730e-01
2.782570495605468750e+02 1.011288024902343750e+03 8.353962898254394531e-01
6.186593627929687500e+02 1.194823242187500000e+03 5.145431160926818848e-01
6.185739135742187500e+02 1.179033569335937500e+03 3.335575163364410400e-01
3.985641174316406250e+02 1.241943847656250000e+03 1.390333473682403564e-01
0.000000000000000000e+00 0.000000000000000000e+00 0.000000000000000000e+00
6.290701293945312500e+02 1.226079833984375000e+03 6.340256929397583008e-01
3.358033447265625000e+02 1.351716796875000000e+03 8.116583228111267090e-01
5.297057495117187500e+02 1.535413940429687500e+03 7.952654957771301270e-01
0.000000000000000000e+00 0.000000000000000000e+00 0.000000000000000000e+00
1.210701217651367188e+02 8.488300781250000000e+02 8.374607563018798828e-01
0.000000000000000000e+00 0.000000000000000000e+00 0.000000000000000000e+00
1.994775085449218750e+02 8.543880615234375000e+02 9.042658209800720215e-01
4.300868835449218750e+02 1.655861328125000000e+03 7.851235866546630859e-01
4.770607910156250000e+02 1.655733276367187500e+03 7.347864508628845215e-01
5.716161499023437500e+02 1.545748413085937500e+03 7.819576263427734375e-01
0.000000000000000000e+00 0.000000000000000000e+00 0.000000000000000000e+00
0.000000000000000000e+00 0.000000000000000000e+00 0.000000000000000000e+00
0.000000000000000000e+00 0.000000000000000000e+00 0.000000000000000000e+00
