7.914904174804687500e+02 1.016460144042968750e+03 8.604377508163452148e-01
6.132388305664062500e+02 9.852980957031250000e+02 8.024305701255798340e-01
6.135301513671875000e+02 1.026970703125000000e+03 8.401485681533813477e-01
4.773514404296875000e+02 1.199991821289062500e+03 8.864609599113464355e-01
6.134564208984375000e+02 1.110880615234375000e+03 8.060023188591003418e-01
6.082471923828125000e+02 9.486537475585937500e+02 7.076413631439208984e-01
5.399210205078125000e+02 1.074395019531250000e+03 7.338742166757583618e-02
0.000000000000000000e+00 0.000000000000000000e+00 0.000000000000000000e+00
2.989792785644531250e+02 1.210515502929687500e+03 6.028588414192199707e-01
3.043414611816406250e+02 1.236534912109375000e+03 7.345245480537414551e-01
6.392954711914062500e+02 1.247066894531250000e+03 8.389462232589721680e-01
4.773891906738281250e+02 1.519374877929687500e+03 8.430601358413696289e-01
2.781542968750000000e+02 1.189504394531250000e+03 4.690153002738952637e-01
6.393519287109375000e+02 1.158095581054687500e+03 7.953017950057983398e-01
4.826448669433593750e+02 1.409419189453125000e+03 8.228061199188232422e-01
7.913726196289062500e+02 9.850528564453125000e+02 8.936952948570251465e-01
0.000000000000000000e+00 0.000000000000000000e+00 0.000000000000000000e+00
7.287409057617187500e+02 9.641852416992187500e+02 9.147657752037048340e-01
0.000000000000000000e+00 0.000000000000000000e+00 0.000000000000000000e+00
5.976916503906250000e+02 1.430530395507812500e+03 6.671885251998901367e-01
5.976114501953125000e+02 1.425256103515625000e+03 6.690359115600585938e-01
4.457130737304687500e+02 1.430350830078125000e+03 7.599191665649414062e-01
5.976896972656250000e+02 1.571680664062500000e+03 7.744766473770141602e-01
5.609063720703125000e+02 1.577051147460937500e+03 8.178430199623107910e-01
4.407015991210937500e+02 1.530036743164062500e+03 8.766608238220214844e-01
