8.699164428710937500e+02 3.410498046875000000e+02 8.018066883087158203e-01
6.027760620117187500e+02 4.771766662597656250e+02 5.591205358505249023e-01
5.923675537109375000e+02 5.086387023925781250e+02 4.450464546680450439e-01
3.200266723632812500e+02 6.447087402343750000e+02 7.954092025756835938e-01
5.242663574218750000e+02 3.828446960449218750e+02 8.060471415519714355e-01
6.447114257812500000e+02 4.666326293945312500e+02 3.005980551242828369e-01
0.000000000000000000e+00 0.000000000000000000e+00 0.000000000000000000e+00
0.000000000000000000e+00 0.000000000000000000e+00 0.000000000000000000e+00
3.933940429687500000e+02 9.067196044921875000e+02 5.194761753082275391e-01
3.201158142089843750e+02 9.379055786132812500e+02 5.290855169296264648e-01
6.972987060546875000e+02 1.110698852539062500e+03 8.280165791511535645e-01
4.406543579101562500e+02 1.556062622070312500e+03 7.251442074775695801e-01
4.770858154296875000e+02 8.960215454101562500e+02 4.071970283985137939e-01
7.704776611328125000e+02 1.011288024902343750e+03 7.841965556144714355e-01
0.000000000000000000e+00 0.000000000000000000e+00 0.000000000000000000e+00
8.592951660156250000e+02 2.834710388183593750e+02 8.628740310668945312e-01
0.000000000000000000e+00 0.000000000000000000e+00 0.000000000000000000e+00
7.390778808593750000e+02 2.677951354980468750e+02 9.054671525955200195e-01
0.000000000000000000e+00 0.000000000000000000e+00 0.000000000000000000e+00
0.000000000000000000e+00 0.000000000000000000e+00 0.000000000000000000e+00
0.000000000000000000e+00 0.000000000000000000e+00 0.000000000000000000e+00
0.000000000000000000e+00 0.000000000000000000e+00 0.000000000000000000e+00
5.609252319335937500e+02 1.681785034179687500e+03 6.424685120582580566e-01
5.137718505859375000e+02 1.681750122070312500e+03 5.475401878356933594e-01
3.984510192871093750e+02 1.566694213867187500e+03 7.239402532577514648e-01
