7.232474975585937500e+02 6.239010620117187500e+02 8.505563139915466309e-01
5.714552612304687500e+02 7.966019287109375000e+02 7.884147167205810547e-01
5.608352661132812500e+02 8.229091796875000000e+02 7.674621343612670898e-01
4.459298706054687500e+02 1.042813964843750000e+03 8.145289421081542969e-01
5.609407958984375000e+02 9.275897216796875000e+02 7.975525259971618652e-01
6.028084716796875000e+02 7.650474243164062500e+02 5.840500593185424805e-01
4.457398681640625000e+02 8.648935546875000000e+02 2.862672209739685059e-01
0.000000000000000000e+00 0.000000000000000000e+00 0.000000000000000000e+00
3.775788269042968750e+02 1.184295532226562500e+03 5.767855644226074219e-01
3.305234375000000000e+02 1.194869384765625000e+03 5.987912416458129883e-01
6.186264648437500000e+02 1.472272705078125000e+03 7.841569185256958008e-01
4.457029724121093750e+02 1.765584228515625000e+03 7.807152867317199707e-01
4.247932128906250000e+02 1.163274047851562500e+03 4.753006100654602051e-01
5.923421630859375000e+02 1.278688232421875000e+03 8.434095978736877441e-01
4.405452270507812500e+02 1.566425903320312500e+03 7.989379167556762695e-01
6.918143920898437500e+02 6.028787231445312500e+02 9.766589403152465820e-01
0.000000000000000000e+00 0.000000000000000000e+00 0.000000000000000000e+00
6.083862915039062500e+02 6.394522094726562500e+02 8.854601979255676270e-01
0.000000000000000000e+00 0.000000000000000000e+00 0.000000000000000000e+00
5.188523559570312500e+02 1.603278686523437500e+03 6.330899894237518311e-02
0.000000000000000000e+00 0.000000000000000000e+00 0.000000000000000000e+00
4.090672607421875000e+02 1.587545043945312500e+03 7.984420061111450195e-01
5.976390380859375000e+02 1.823331298828125000e+03 7.524173855781555176e-01
5.505218505859375000e+02 1.833874267578125000e+03 6.323254108428955078e-01
4.040009155273437500e+02 1.776080078125000000e+03 7.524470686912536621e-01
