3.934416198730468750e+02 8.647363891601562500e+02 9.075360894203186035e-01
5.716231689453125000e+02 9.015615234375000000e+02 7.668780684471130371e-01
5.188518676757812500e+02 9.065904541015625000e+02 6.226685047149658203e-01
5.558012695312500000e+02 1.105473266601562500e+03 1.427521109580993652e-01
0.000000000000000000e+00 0.000000000000000000e+00 0.000000000000000000e+00
6.448394165039062500e+02 9.065960693359375000e+02 7.631368041038513184e-01
7.547395629882812500e+02 1.142288208007812500e+03 8.056056499481201172e-01
6.343081054687500000e+02 1.021946594238281250e+03 8.015232086181640625e-01
7.180259399414062500e+02 1.231309936523437500e+03 6.077149510383605957e-01
6.499622192382812500e+02 1.184293212890625000e+03 5.483630895614624023e-01
4.038072509765625000e+02 1.189569824218750000e+03 8.140552043914794922e-01
5.661369018554687500e+02 1.414698364257812500e+03 1.648783534765243530e-01
7.704786987304687500e+02 1.273357177734375000e+03 6.708967685699462891e-01
3.987726135253906250e+02 1.314973876953125000e+03 8.871134519577026367e-01
6.342708740234375000e+02 1.613827514648437500e+03 7.748923897743225098e-01
0.000000000000000000e+00 0.000000000000000000e+00 0.000000000000000000e+00
3.935592651367187500e+02 8.436774902343750000e+02 8.792219758033752441e-01
0.000000000000000000e+00 0.000000000000000000e+00 0.000000000000000000e+00
4.719420471191406250e+02 8.070249023437500000e+02 8.478166460990905762e-01
5.556981201171875000e+02 1.718546142578125000e+03 6.414948105812072754e-01
5.975281982421875000e+02 1.718559204101562500e+03 6.585193276405334473e-01
6.864357910156250000e+02 1.624173095703125000e+03 6.793754696846008301e-01
0.000000000000000000e+00 0.000000000000000000e+00 0.000000000000000000e+00
0.000000000000000000e+00 0.000000000000000000e+00 0.000000000000000000e+00
0.000000000000000000e+00 0.000000000000000000e+00 0.000000000000000000e+00
