8.700060424804687500e+02 3.199403076171875000e+02 8.022235631942749023e-01
6.027731323242187500e+02 4.350921325683593750e+02 5.805912613868713379e-01
5.399548950195312500e+02 4.038799133300781250e+02 5.431135296821594238e-01
3.146611938476562500e+02 6.082937011718750000e+02 7.880080342292785645e-01
5.295289306640625000e+02 3.514322814941406250e+02 8.073005676269531250e-01
6.760903930664062500e+02 4.561968994140625000e+02 4.575776755809783936e-01
0.000000000000000000e+00 0.000000000000000000e+00 0.000000000000000000e+00
0.000000000000000000e+00 0.000000000000000000e+00 0.000000000000000000e+00
3.932044982910156250e+02 8.908947753906250000e+02 5.450493693351745605e-01
3.148540954589843750e+02 9.015127563476562500e+02 5.497817993164062500e-01
6.760918579101562500e+02 1.105412109375000000e+03 7.769719362258911133e-01
4.403149719238281250e+02 1.550959838867187500e+03 7.315552830696105957e-01
4.718463439941406250e+02 8.699407348632812500e+02 4.522271454334259033e-01
7.547329711914062500e+02 1.000857055664062500e+03 7.511522769927978516e-01
6.026710205078125000e+02 1.288967407226562500e+03 1.273411363363265991e-01
8.594583740234375000e+02 2.726691284179687500e+02 9.042788743972778320e-01
0.000000000000000000e+00 0.000000000000000000e+00 0.000000000000000000e+00
7.442836303710937500e+02 2.414793548583984375e+02 8.290802240371704102e-01
0.000000000000000000e+00 0.000000000000000000e+00 0.000000000000000000e+00
6.500300903320312500e+02 1.346512573242187500e+03 3.133584260940551758e-01
6.448583374023437500e+02 1.330842041015625000e+03 3.218585550785064697e-01
6.079650268554687500e+02 1.320618408203125000e+03 9.110110253095626831e-02
5.347654418945312500e+02 1.681751831054687500e+03 6.236265897750854492e-01
4.771768493652343750e+02 1.671422729492187500e+03 5.253045558929443359e-01
3.933274841308593750e+02 1.566755249023437500e+03 6.829754710197448730e-01
