1.785883178710937500e+02 9.798336181640625000e+02 8.814233541488647461e-01
3.776265258789062500e+02 1.016631530761718750e+03 6.109725236892700195e-01
3.566345214843750000e+02 1.006155517578125000e+03 4.485534429550170898e-01
0.000000000000000000e+00 0.000000000000000000e+00 0.000000000000000000e+00
0.000000000000000000e+00 0.000000000000000000e+00 0.000000000000000000e+00
3.984880676269531250e+02 1.026991943359375000e+03 7.911949753761291504e-01
5.399220581054687500e+02 1.184321899414062500e+03 8.650689721107482910e-01
3.146004333496093750e+02 1.116316528320312500e+03 8.750664591789245605e-01
6.501198120117187500e+02 1.299419067382812500e+03 4.795335531234741211e-01
6.395258789062500000e+02 1.278590209960937500e+03 2.934060990810394287e-01
4.405649108886718750e+02 1.283882690429687500e+03 1.454535275697708130e-01
0.000000000000000000e+00 0.000000000000000000e+00 0.000000000000000000e+00
6.761744995117187500e+02 1.320369873046875000e+03 6.587777137756347656e-01
3.827588195800781250e+02 1.383200561523437500e+03 7.766809463500976562e-01
5.664042358398437500e+02 1.603388793945312500e+03 8.020155429840087891e-01
0.000000000000000000e+00 0.000000000000000000e+00 0.000000000000000000e+00
1.892140655517578125e+02 9.484530029296875000e+02 8.931456208229064941e-01
0.000000000000000000e+00 0.000000000000000000e+00 0.000000000000000000e+00
2.727403259277343750e+02 9.746477050781250000e+02 8.770712614059448242e-01
4.717776184082031250e+02 1.718558227539062500e+03 7.495009303092956543e-01
5.137481689453125000e+02 1.718504882812500000e+03 6.996847987174987793e-01
6.083682250976562500e+02 1.608629760742187500e+03 7.972347736358642578e-01
0.000000000000000000e+00 0.000000000000000000e+00 0.000000000000000000e+00
0.000000000000000000e+00 0.000000000000000000e+00 0.000000000000000000e+00
0.000000000000000000e+00 0.000000000000000000e+00 0.000000000000000000e+00
