8.804866333007812500e+02 2.674804382324218750e+02 7.416573762893676758e-01
6.026953735351562500e+02 3.932923583984375000e+02 6.022750139236450195e-01
5.607791137695312500e+02 3.984625854492187500e+02 6.200804710388183594e-01
3.094052429199218750e+02 5.399596557617187500e+02 7.665039896965026855e-01
5.192440795898437500e+02 2.728133239746093750e+02 8.629107475280761719e-01
6.551711425781250000e+02 3.933397521972656250e+02 4.234015941619873047e-01
0.000000000000000000e+00 0.000000000000000000e+00 0.000000000000000000e+00
0.000000000000000000e+00 0.000000000000000000e+00 0.000000000000000000e+00
3.828877258300781250e+02 8.438558959960937500e+02 5.271609425544738770e-01
3.147808837890625000e+02 8.595357055664062500e+02 5.323288440704345703e-01
6.552482910156250000e+02 1.074236816406250000e+03 7.902169227600097656e-01
4.403063354492187500e+02 1.535164306640625000e+03 7.300913333892822266e-01
4.561721496582031250e+02 8.228068237304687500e+02 4.362472593784332275e-01
7.390312500000000000e+02 9.801852416992187500e+02 7.942221760749816895e-01
5.974992675781250000e+02 1.205185546875000000e+03 7.355988770723342896e-02
8.596372070312500000e+02 2.152854156494140625e+02 8.020099401473999023e-01
0.000000000000000000e+00 0.000000000000000000e+00 0.000000000000000000e+00
7.443350219726562500e+02 1.889099121093750000e+02 8.308795690536499023e-01
0.000000000000000000e+00 0.000000000000000000e+00 0.000000000000000000e+00
6.446752319335937500e+02 1.320339111328125000e+03 1.673011779785156250e-01
6.395222778320312500e+02 1.320270019531250000e+03 1.493107676506042480e-01
0.000000000000000000e+00 0.000000000000000000e+00 0.000000000000000000e+00
5.555615844726562500e+02 1.660914916992187500e+03 6.161544919013977051e-01
5.137931518554687500e+02 1.660869995117187500e+03 5.465093851089477539e-01
3.932012023925781250e+02 1.561262939453125000e+03 6.692193746566772461e-01
