8.855929565429687500e+02 3.095801696777343750e+02 7.895669937133789062e-01
6.081518554687500000e+02 4.353691406250000000e+02 5.729490518569946289e-01
5.660987548828125000e+02 4.353338928222656250e+02 5.767073631286621094e-01
3.150180358886718750e+02 6.027932739257812500e+02 8.009874820709228516e-01
5.245034790039062500e+02 3.461224975585937500e+02 7.920539379119873047e-01
6.709814453125000000e+02 4.405547790527343750e+02 4.430586099624633789e-01
0.000000000000000000e+00 0.000000000000000000e+00 0.000000000000000000e+00
0.000000000000000000e+00 0.000000000000000000e+00 0.000000000000000000e+00
3.828974304199218750e+02 8.908352050781250000e+02 5.335830450057983398e-01
3.147993164062500000e+02 9.013929443359375000e+02 5.582334995269775391e-01
6.812858276367187500e+02 1.105533569335937500e+03 8.087481856346130371e-01
4.402986755371093750e+02 1.550910644531250000e+03 7.220845818519592285e-01
4.561837463378906250e+02 8.648302612304687500e+02 4.308407604694366455e-01
7.598872680664062500e+02 9.957543334960937500e+02 7.429684996604919434e-01
6.028730468750000000e+02 1.273354248046875000e+03 5.755517631769180298e-02
8.596044921875000000e+02 2.624362792968750000e+02 8.833583593368530273e-01
0.000000000000000000e+00 0.000000000000000000e+00 0.000000000000000000e+00
7.442723999023437500e+02 2.362630615234375000e+02 8.425278663635253906e-01
0.000000000000000000e+00 0.000000000000000000e+00 0.000000000000000000e+00
6.499598999023437500e+02 1.346487060546875000e+03 1.915131211280822754e-01
6.449543457031250000e+02 1.336163696289062500e+03 1.770765185356140137e-01
0.000000000000000000e+00 0.000000000000000000e+00 0.000000000000000000e+00
5.451718139648437500e+02 1.676649047851562500e+03 6.168177127838134766e-01
4.928269653320312500e+02 1.671416625976562500e+03 5.178130865097045898e-01
3.932484130859375000e+02 1.566732910156250000e+03 6.585911512374877930e-01
