1.786389160156250000e+02 9.748226318359375000e+02 8.782106637954711914e-01
3.934075927734375000e+02 1.011475708007812500e+03 6.607644557952880859e-01
3.986172790527343750e+02 9.852615356445312500e+02 5.695434212684631348e-01
0.000000000000000000e+00 0.000000000000000000e+00 0.000000000000000000e+00
0.000000000000000000e+00 0.000000000000000000e+00 0.000000000000000000e+00
3.931476135253906250e+02 1.027181518554687500e+03 8.091320991516113281e-01
5.504290771484375000e+02 1.189450561523437500e+03 8.942983150482177734e-01
3.199856872558593750e+02 1.111135986328125000e+03 8.666239380836486816e-01
6.605098876953125000e+02 1.320484863281250000e+03 4.676753580570220947e-01
6.656703491210937500e+02 1.310036132812500000e+03 3.040010333061218262e-01
4.353964538574218750e+02 1.299444213867187500e+03 2.260487675666809082e-01
0.000000000000000000e+00 0.000000000000000000e+00 0.000000000000000000e+00
6.708538208007812500e+02 1.346599121093750000e+03 6.256896257400512695e-01
3.566039733886718750e+02 1.393852050781250000e+03 8.357821702957153320e-01
5.663684082031250000e+02 1.603355102539062500e+03 7.976835966110229492e-01
0.000000000000000000e+00 0.000000000000000000e+00 0.000000000000000000e+00
1.942069396972656250e+02 9.436079711914062500e+02 8.810471892356872559e-01
0.000000000000000000e+00 0.000000000000000000e+00 0.000000000000000000e+00
2.728661193847656250e+02 9.797052612304687500e+02 8.966220617294311523e-01
4.719578857421875000e+02 1.713317138671875000e+03 7.334309816360473633e-01
5.189281616210937500e+02 1.713239013671875000e+03 6.930043697357177734e-01
6.132730102539062500e+02 1.608525390625000000e+03 7.943111062049865723e-01
0.000000000000000000e+00 0.000000000000000000e+00 0.000000000000000000e+00
0.000000000000000000e+00 0.000000000000000000e+00 0.000000000000000000e+00
0.000000000000000000e+00 0.000000000000000000e+00 0.000000000000000000e+00
