1.053292541503906250e+02 8.178978881835937500e+02 9.172659516334533691e-01
3.097066650390625000e+02 9.067494506835937500e+02 6.635296344757080078e-01
3.042638549804687500e+02 9.013883056640625000e+02 4.782586991786956787e-01
3.880890197753906250e+02 1.032406250000000000e+03 5.046874284744262695e-02
0.000000000000000000e+00 0.000000000000000000e+00 0.000000000000000000e+00
3.200596618652343750e+02 9.224212036132812500e+02 7.778326272964477539e-01
4.456630249023437500e+02 1.105854614257812500e+03 9.027653932571411133e-01
2.309393310546875000e+02 9.905717773437500000e+02 8.773393630981445312e-01
6.133624877929687500e+02 1.194820678710937500e+03 5.197623372077941895e-01
6.133269042968750000e+02 1.184189697265625000e+03 3.200953006744384766e-01
3.514955444335937500e+02 1.262822265625000000e+03 2.914575040340423584e-01
4.928412780761718750e+02 1.399124633789062500e+03 7.798532843589782715e-01
6.237779541015625000e+02 1.226003173828125000e+03 6.331717371940612793e-01
3.147250366210937500e+02 1.336138671875000000e+03 8.417997956275939941e-01
5.295046997070312500e+02 1.566325317382812500e+03 8.118598461151123047e-01
0.000000000000000000e+00 0.000000000000000000e+00 0.000000000000000000e+00
1.366657104492187500e+02 8.070983886718750000e+02 8.818966150283813477e-01
0.000000000000000000e+00 0.000000000000000000e+00 0.000000000000000000e+00
2.099887695312500000e+02 8.436730346679687500e+02 8.153425455093383789e-01
4.350569458007812500e+02 1.686896606445312500e+03 7.899698019027709961e-01
4.769888916015625000e+02 1.681839477539062500e+03 6.847482919692993164e-01
5.713406372070312500e+02 1.566657470703125000e+03 8.322313427925109863e-01
0.000000000000000000e+00 0.000000000000000000e+00 0.000000000000000000e+00
0.000000000000000000e+00 0.000000000000000000e+00 0.000000000000000000e+00
5.244194335937500000e+02 1.404234497070312500e+03 7.189512848854064941e-01
