7.915143432617187500e+02 6.867786254882812500e+02 9.174736738204956055e-01
6.237810668945312500e+02 7.705045166015625000e+02 6.692418456077575684e-01
6.237850952148437500e+02 7.759160156250000000e+02 8.463605642318725586e-01
5.190802001953125000e+02 9.747800292968750000e+02 9.229196310043334961e-01
6.501504516601562500e+02 8.333579711914062500e+02 8.487206101417541504e-01
6.290439453125000000e+02 7.494768066406250000e+02 5.490513443946838379e-01
0.000000000000000000e+00 0.000000000000000000e+00 0.000000000000000000e+00
0.000000000000000000e+00 0.000000000000000000e+00 0.000000000000000000e+00
3.512392272949218750e+02 9.904924316406250000e+02 6.264185905456542969e-01
3.252661743164062500e+02 1.016513916015625000e+03 6.982779502868652344e-01
6.030531616210937500e+02 1.199975708007812500e+03 9.136045575141906738e-01
4.718109741210937500e+02 1.477644287109375000e+03 8.244102597236633301e-01
3.671921081542968750e+02 9.799295654296875000e+02 4.552965462207794189e-01
5.924170532226562500e+02 1.110725952148437500e+03 8.710265159606933594e-01
4.615030517578125000e+02 1.362384399414062500e+03 7.906996607780456543e-01
7.758998413085937500e+02 6.605070800781250000e+02 9.052524566650390625e-01
0.000000000000000000e+00 0.000000000000000000e+00 0.000000000000000000e+00
7.181533203125000000e+02 6.760734252929687500e+02 8.704695105552673340e-01
0.000000000000000000e+00 0.000000000000000000e+00 0.000000000000000000e+00
5.663450317382812500e+02 1.393754760742187500e+03 7.155258059501647949e-01
5.661433715820312500e+02 1.383313476562500000e+03 6.954780817031860352e-01
4.299921569824218750e+02 1.388421142578125000e+03 8.506953120231628418e-01
5.872006835937500000e+02 1.519479003906250000e+03 7.875906825065612793e-01
5.609122314453125000e+02 1.524927001953125000e+03 8.834369182586669922e-01
4.352695617675781250e+02 1.493211425781250000e+03 8.456088900566101074e-01
