8.646752319335937500e+02 3.304551696777343750e+02 8.332246541976928711e-01
6.029570312500000000e+02 4.562409667968750000e+02 5.890845060348510742e-01
5.556361694335937500e+02 4.405788574218750000e+02 5.559335947036743164e-01
3.149368896484375000e+02 6.446290893554687500e+02 7.987959384918212891e-01
5.241656494140625000e+02 3.724451293945312500e+02 8.117337226867675781e-01
6.761304931640625000e+02 4.771056518554687500e+02 4.927211105823516846e-01
0.000000000000000000e+00 0.000000000000000000e+00 0.000000000000000000e+00
0.000000000000000000e+00 0.000000000000000000e+00 0.000000000000000000e+00
3.932819824218750000e+02 9.066085205078125000e+02 5.292103290557861328e-01
3.200429992675781250e+02 9.327929687500000000e+02 5.209067463874816895e-01
6.921577148437500000e+02 1.105886108398437500e+03 8.399998545646667480e-01
4.405513916015625000e+02 1.540542114257812500e+03 7.085288763046264648e-01
4.718091735839843750e+02 8.959936523437500000e+02 4.202890396118164062e-01
7.703099975585937500e+02 1.000890136718750000e+03 7.869395613670349121e-01
6.132601928710937500e+02 1.184242187500000000e+03 6.089062243700027466e-02
8.543587646484375000e+02 2.731480102539062500e+02 9.174988269805908203e-01
0.000000000000000000e+00 0.000000000000000000e+00 0.000000000000000000e+00
7.390574340820312500e+02 2.571921691894531250e+02 8.532534837722778320e-01
0.000000000000000000e+00 0.000000000000000000e+00 0.000000000000000000e+00
0.000000000000000000e+00 0.000000000000000000e+00 0.000000000000000000e+00
0.000000000000000000e+00 0.000000000000000000e+00 0.000000000000000000e+00
0.000000000000000000e+00 0.000000000000000000e+00 0.000000000000000000e+00
5.400053710937500000e+02 1.681846069335937500e+03 5.828100442886352539e-01
5.033213500976562500e+02 1.676528442382812500e+03 4.902658462524414062e-01
3.934918823242187500e+02 1.566514404296875000e+03 6.367315053939819336e-01
