2.285621337890625000e+02 1.572079772949218750e+02 9.220048189163208008e-01
1.868317565917968750e+02 1.972246398925781250e+02 7.437795400619506836e-01
1.798569183349609375e+02 1.972642669677734375e+02 7.835131287574768066e-01
1.606952209472656250e+02 2.565062866210937500e+02 9.400882720947265625e-01
1.746766052246093750e+02 2.128760681152343750e+02 7.642475962638854980e-01
1.920584106445312500e+02 1.937503967285156250e+02 6.195818781852722168e-01
0.000000000000000000e+00 0.000000000000000000e+00 0.000000000000000000e+00
0.000000000000000000e+00 0.000000000000000000e+00 0.000000000000000000e+00
1.502308959960937500e+02 2.947758178710937500e+02 7.489897012710571289e-01
1.433033447265625000e+02 2.999613952636718750e+02 8.159502744674682617e-01
2.146866912841796875e+02 3.522168579101562500e+02 8.837922811508178711e-01
1.589765014648437500e+02 4.095838317871093750e+02 8.790067434310913086e-01
1.606531677246093750e+02 2.861087646484375000e+02 7.154424190521240234e-01
2.059718627929687500e+02 3.139212951660156250e+02 8.831824064254760742e-01
1.606871948242187500e+02 3.748211364746093750e+02 8.457411527633666992e-01
2.181500396728515625e+02 1.468273620605468750e+02 9.078090190887451172e-01
2.286466522216796875e+02 1.467267303466796875e+02 4.592679142951965332e-01
2.006301727294921875e+02 1.502610931396484375e+02 8.074950575828552246e-01
0.000000000000000000e+00 0.000000000000000000e+00 0.000000000000000000e+00
1.849938354492187500e+02 3.975427856445312500e+02 1.311177313327789307e-01
1.833570251464843750e+02 3.975713500976562500e+02 7.195311039686203003e-02
1.485343170166015625e+02 3.800473632812500000e+02 9.074319005012512207e-01
1.903311614990234375e+02 4.235348510742187500e+02 8.742262721061706543e-01
1.833320770263671875e+02 4.252846374511718750e+02 8.484427332878112793e-01
1.467574310302734375e+02 4.113598632812500000e+02 9.110864996910095215e-01
