1.469577484130859375e+02 6.813695068359375000e+02 9.226918816566467285e-01
3.409009094238281250e+02 7.706049194335937500e+02 6.784391403198242188e-01
3.201354064941406250e+02 7.702835693359375000e+02 5.294342637062072754e-01
0.000000000000000000e+00 0.000000000000000000e+00 0.000000000000000000e+00
0.000000000000000000e+00 0.000000000000000000e+00 0.000000000000000000e+00
3.512919006347656250e+02 7.756755981445312500e+02 8.450667262077331543e-01
5.243095703125000000e+02 9.589479980468750000e+02 8.638272881507873535e-01
3.095871887207031250e+02 8.594950561523437500e+02 9.271259903907775879e-01
6.027108764648437500e+02 1.105691894531250000e+03 6.363070607185363770e-01
5.609581909179687500e+02 1.090013916015625000e+03 4.757790565490722656e-01
3.515516052246093750e+02 1.152637329101562500e+03 8.477370738983154297e-01
5.138707275390625000e+02 1.414735717773437500e+03 7.962934374809265137e-01
6.342686767578125000e+02 1.116159790039062500e+03 6.622713804244995117e-01
3.567596740722656250e+02 1.351928344726562500e+03 8.818246722221374512e-01
5.348226318359375000e+02 1.592853515625000000e+03 7.646072506904602051e-01
0.000000000000000000e+00 0.000000000000000000e+00 0.000000000000000000e+00
1.732282104492187500e+02 6.500906372070312500e+02 8.798034191131591797e-01
0.000000000000000000e+00 0.000000000000000000e+00 0.000000000000000000e+00
2.467098846435546875e+02 6.866055297851562500e+02 8.901526927947998047e-01
4.351516418457031250e+02 1.708040893554687500e+03 7.467908263206481934e-01
4.771553039550781250e+02 1.707999511718750000e+03 6.785209178924560547e-01
5.766411132812500000e+02 1.608291992187500000e+03 8.028926849365234375e-01
5.085724792480468750e+02 1.493239624023437500e+03 6.041184440255165100e-02
0.000000000000000000e+00 0.000000000000000000e+00 0.000000000000000000e+00
5.348745727539062500e+02 1.435520507812500000e+03 7.693622708320617676e-01
