1.420607452392578125e+02 6.813999633789062500e+02 9.282891750335693359e-01
3.409057312011718750e+02 7.705440063476562500e+02 6.679866909980773926e-01
3.304350280761718750e+02 7.652079467773437500e+02 5.044099688529968262e-01
0.000000000000000000e+00 0.000000000000000000e+00 0.000000000000000000e+00
0.000000000000000000e+00 0.000000000000000000e+00 0.000000000000000000e+00
3.511830444335937500e+02 7.756447143554687500e+02 8.432870507240295410e-01
5.242539672851562500e+02 9.589376831054687500e+02 8.691021800041198730e-01
3.094930114746093750e+02 8.594111328125000000e+02 9.294281601905822754e-01
6.027854614257812500e+02 1.105670776367187500e+03 6.240626573562622070e-01
5.660761718750000000e+02 1.089905639648437500e+03 4.459463357925415039e-01
3.514707641601562500e+02 1.152620727539062500e+03 8.345000147819519043e-01
5.138399047851562500e+02 1.414657226562500000e+03 7.936609983444213867e-01
6.342136230468750000e+02 1.116203125000000000e+03 6.511699557304382324e-01
3.567074890136718750e+02 1.351878051757812500e+03 8.782078027725219727e-01
5.348460083007812500e+02 1.592821533203125000e+03 7.651877999305725098e-01
0.000000000000000000e+00 0.000000000000000000e+00 0.000000000000000000e+00
1.732871398925781250e+02 6.501489868164062500e+02 8.767045736312866211e-01
0.000000000000000000e+00 0.000000000000000000e+00 0.000000000000000000e+00
2.467488250732421875e+02 6.867496948242187500e+02 8.941950798034667969e-01
4.352200012207031250e+02 1.708010620117187500e+03 7.595794796943664551e-01
4.772022399902343750e+02 1.707969360351562500e+03 6.877996921539306641e-01
5.766919555664062500e+02 1.608257812500000000e+03 7.901449203491210938e-01
0.000000000000000000e+00 0.000000000000000000e+00 0.000000000000000000e+00
0.000000000000000000e+00 0.000000000000000000e+00 0.000000000000000000e+00
5.348388061523437500e+02 1.435486938476562500e+03 7.602820992469787598e-01
