7.337197875976562500e+02 8.908312377929687500e+02 9.080151319503784180e-01
5.713621826171875000e+02 9.747825927734375000e+02 8.040208220481872559e-01
5.661279907226562500e+02 1.006135681152343750e+03 7.774387598037719727e-01
4.667352905273437500e+02 1.153081420898437500e+03 7.907931804656982422e-01
5.663844604492187500e+02 1.147338745117187500e+03 8.787997961044311523e-01
5.766026000976562500e+02 9.379700927734375000e+02 6.356056332588195801e-01
0.000000000000000000e+00 0.000000000000000000e+00 0.000000000000000000e+00
0.000000000000000000e+00 0.000000000000000000e+00 0.000000000000000000e+00
3.986858825683593750e+02 1.267973388671875000e+03 7.199799418449401855e-01
3.672706909179687500e+02 1.278784423828125000e+03 7.519208788871765137e-01
6.083178710937500000e+02 1.404203247070312500e+03 9.046772122383117676e-01
4.980149536132812500e+02 1.613867187500000000e+03 8.278008103370666504e-01
4.352666931152343750e+02 1.236722656250000000e+03 5.899538397789001465e-01
6.028415527343750000e+02 1.320217407226562500e+03 8.977891206741333008e-01
4.981521606445312500e+02 1.524759887695312500e+03 8.289196491241455078e-01
7.180924072265625000e+02 8.598128662109375000e+02 8.767272233963012695e-01
0.000000000000000000e+00 0.000000000000000000e+00 0.000000000000000000e+00
6.448488769531250000e+02 8.959409179687500000e+02 9.812340736389160156e-01
0.000000000000000000e+00 0.000000000000000000e+00 0.000000000000000000e+00
6.080535278320312500e+02 1.540505981445312500e+03 7.966540455818176270e-01
6.027600708007812500e+02 1.530244506835937500e+03 7.944201231002807617e-01
4.719476318359375000e+02 1.535211425781250000e+03 9.276875257492065430e-01
6.081239013671875000e+02 1.655495483398437500e+03 7.860954999923706055e-01
5.819050292968750000e+02 1.661028320312500000e+03 7.550243139266967773e-01
4.719674987792968750e+02 1.624256103515625000e+03 8.375443220138549805e-01
