2.309411010742187500e+02 6.343355102539062500e+02 8.880714774131774902e-01
3.987012634277343750e+02 7.755955810546875000e+02 7.078730463981628418e-01
3.724551086425781250e+02 7.913441772460937500e+02 5.032916069030761719e-01
0.000000000000000000e+00 0.000000000000000000e+00 0.000000000000000000e+00
0.000000000000000000e+00 0.000000000000000000e+00 0.000000000000000000e+00
4.352881469726562500e+02 7.651790771484375000e+02 8.264226913452148438e-01
6.132495117187500000e+02 8.647803955078125000e+02 8.822746276855468750e-01
4.665447082519531250e+02 6.394138793945312500e+02 8.122149109840393066e-01
7.232610473632812500e+02 1.105779785156250000e+03 5.402637720108032227e-01
6.657307128906250000e+02 1.110849487304687500e+03 3.814645111560821533e-01
3.986973876953125000e+02 1.315135009765625000e+03 3.853350281715393066e-01
5.191562500000000000e+02 1.645054443359375000e+03 4.860885441303253174e-01
7.651489257812500000e+02 1.105831665039062500e+03 6.329798698425292969e-01
4.090972595214843750e+02 1.351818237304687500e+03 7.892559170722961426e-01
5.556143798828125000e+02 1.786686889648437500e+03 7.555598616600036621e-01
2.361408233642578125e+02 6.079199218750000000e+02 8.820216357707977295e-02
2.674248657226562500e+02 6.030540771484375000e+02 9.530818462371826172e-01
0.000000000000000000e+00 0.000000000000000000e+00 0.000000000000000000e+00
3.514476318359375000e+02 6.289609985351562500e+02 8.568912744522094727e-01
3.986422729492187500e+02 1.854719482421875000e+03 6.644714474678039551e-01
4.457963562011718750e+02 1.860010253906250000e+03 6.633424758911132812e-01
5.923640747070312500e+02 1.818218994140625000e+03 7.354325056076049805e-01
3.987030944824218750e+02 1.661062255859375000e+03 5.935670733451843262e-01
4.142657775878906250e+02 1.655668334960937500e+03 5.476780533790588379e-01
5.714750366210937500e+02 1.650316894531250000e+03 2.496851980686187744e-01
