9.016838989257812500e+02 1.147319458007812500e+03 8.920904397964477539e-01
6.709231567382812500e+02 1.220985961914062500e+03 6.519775390625000000e-01
6.814730224609375000e+02 1.236503173828125000e+03 8.199225068092346191e-01
6.027631225585937500e+02 1.509009033203125000e+03 8.185012936592102051e-01
7.757516479492187500e+02 1.304718139648437500e+03 8.446846008300781250e-01
6.501175537109375000e+02 1.194524169921875000e+03 5.559926629066467285e-01
0.000000000000000000e+00 0.000000000000000000e+00 0.000000000000000000e+00
0.000000000000000000e+00 0.000000000000000000e+00 0.000000000000000000e+00
3.776437683105468750e+02 1.571855224609375000e+03 4.869185090065002441e-01
3.671185913085937500e+02 1.592850585937500000e+03 5.876139998435974121e-01
6.972119140625000000e+02 1.587561401367187500e+03 6.947566270828247070e-01
5.296393432617187500e+02 1.912377929687500000e+03 4.969618618488311768e-01
3.880175781250000000e+02 1.550951660156250000e+03 3.238377869129180908e-01
7.284572143554687500e+02 1.571835205078125000e+03 4.064231514930725098e-01
5.557192382812500000e+02 1.828544799804687500e+03 2.957620918750762939e-01
8.909361572265625000e+02 1.105858154296875000e+03 9.352582693099975586e-01
0.000000000000000000e+00 0.000000000000000000e+00 0.000000000000000000e+00
7.966621093750000000e+02 1.111216308593750000e+03 8.721365332603454590e-01
0.000000000000000000e+00 0.000000000000000000e+00 0.000000000000000000e+00
6.814042358398437500e+02 1.859992675781250000e+03 1.465527862310409546e-01
6.656333007812500000e+02 1.838989624023437500e+03 1.364383995532989502e-01
4.875310668945312500e+02 1.823338500976562500e+03 2.435197532176971436e-01
5.348564453125000000e+02 1.912489746093750000e+03 1.222661659121513367e-01
0.000000000000000000e+00 0.000000000000000000e+00 0.000000000000000000e+00
5.138504028320312500e+02 1.912400756835937500e+03 3.271575272083282471e-01
