8.072084350585937500e+02 7.759968872070312500e+02 9.121191501617431641e-01
6.343380126953125000e+02 9.275570678710937500e+02 7.026751041412353516e-01
6.078993530273437500e+02 9.327272338867187500e+02 7.719118595123291016e-01
4.981467590332031250e+02 1.210435913085937500e+03 8.062021732330322266e-01
6.029113159179687500e+02 1.006142578125000000e+03 7.149205207824707031e-01
6.605278930664062500e+02 9.120000000000000000e+02 6.265498399734497070e-01
6.501674804687500000e+02 1.111020141601562500e+03 9.371068328619003296e-02
6.446826782226562500e+02 1.111054687500000000e+03 1.462215036153793335e-01
3.986700134277343750e+02 1.252280883789062500e+03 5.688996315002441406e-01
3.775508117675781250e+02 1.278530883789062500e+03 6.843752264976501465e-01
7.285934448242187500e+02 1.404352050781250000e+03 8.895995020866394043e-01
5.085986938476562500e+02 1.650652099609375000e+03 8.363600969314575195e-01
4.351345520019531250e+02 1.220921142578125000e+03 4.250158071517944336e-01
6.917620849609375000e+02 1.231565551757812500e+03 8.763086795806884766e-01
5.192030029296875000e+02 1.482627197265625000e+03 8.528448939323425293e-01
7.759729614257812500e+02 7.649964599609375000e+02 8.816542625427246094e-01
0.000000000000000000e+00 0.000000000000000000e+00 0.000000000000000000e+00
6.972717895507812500e+02 7.704696044921875000e+02 7.463036179542541504e-01
0.000000000000000000e+00 0.000000000000000000e+00 0.000000000000000000e+00
5.871038208007812500e+02 1.488026000976562500e+03 3.315550088882446289e-01
5.766538085937500000e+02 1.477669433593750000e+03 3.249790370464324951e-01
4.825061645507812500e+02 1.493308349609375000e+03 9.110474586486816406e-01
6.343480224609375000e+02 1.723678344726562500e+03 6.943596601486206055e-01
5.975094604492187500e+02 1.734025634765625000e+03 7.184174656867980957e-01
4.719369201660156250e+02 1.655925048828125000e+03 8.354692459106445312e-01
