8.753233032226562500e+02 3.150247497558593750e+02 7.950523495674133301e-01
6.081182250976562500e+02 4.354004516601562500e+02 5.806387066841125488e-01
5.661669921875000000e+02 4.403864746093750000e+02 5.642887353897094727e-01
3.200771179199218750e+02 6.082595214843750000e+02 7.821758985519409180e-01
5.296253051757812500e+02 3.514274902343750000e+02 8.203262090682983398e-01
6.710006103515625000e+02 4.405247497558593750e+02 4.473910033702850342e-01
0.000000000000000000e+00 0.000000000000000000e+00 0.000000000000000000e+00
0.000000000000000000e+00 0.000000000000000000e+00 0.000000000000000000e+00
3.829041442871093750e+02 8.857567749023437500e+02 5.158895254135131836e-01
3.146479797363281250e+02 9.014719238281250000e+02 5.513223409652709961e-01
6.865086669921875000e+02 1.105408569335937500e+03 8.219910860061645508e-01
4.353183593750000000e+02 1.530198486328125000e+03 7.543588280677795410e-01
4.666924743652343750e+02 8.596923828125000000e+02 4.178197085857391357e-01
7.651117553710937500e+02 9.956744384765625000e+02 7.606611251831054688e-01
0.000000000000000000e+00 0.000000000000000000e+00 0.000000000000000000e+00
8.597438964843750000e+02 2.678295898437500000e+02 8.757025003433227539e-01
0.000000000000000000e+00 0.000000000000000000e+00 0.000000000000000000e+00
7.494438476562500000e+02 2.414568786621093750e+02 8.232405781745910645e-01
0.000000000000000000e+00 0.000000000000000000e+00 0.000000000000000000e+00
0.000000000000000000e+00 0.000000000000000000e+00 0.000000000000000000e+00
0.000000000000000000e+00 0.000000000000000000e+00 0.000000000000000000e+00
0.000000000000000000e+00 0.000000000000000000e+00 0.000000000000000000e+00
5.400344238281250000e+02 1.666097656250000000e+03 6.264418959617614746e-01
4.929034423828125000e+02 1.660858398437500000e+03 5.677624940872192383e-01
3.880385131835937500e+02 1.551006835937500000e+03 6.637563705444335938e-01
