7.861749877929687500e+02 7.286380004882812500e+02 9.141175746917724609e-01
6.238964233398437500e+02 8.700867919921875000e+02 7.209096550941467285e-01
6.027842407226562500e+02 8.752070922851562500e+02 7.782763242721557617e-01
4.824756774902343750e+02 1.163262329101562500e+03 8.888103365898132324e-01
5.716296386718750000e+02 9.538313598632812500e+02 7.270114421844482422e-01
6.551427001953125000e+02 8.646534423828125000e+02 7.522514462471008301e-01
6.447070312500000000e+02 1.021900695800781250e+03 1.317223161458969116e-01
6.081278076171875000e+02 1.100481689453125000e+03 3.603415489196777344e-01
4.142911071777343750e+02 1.215612426757812500e+03 5.972884893417358398e-01
3.776061096191406250e+02 1.236624511718750000e+03 6.845952272415161133e-01
7.283079833984375000e+02 1.399098876953125000e+03 8.968322277069091797e-01
5.188093261718750000e+02 1.655624267578125000e+03 8.576614856719970703e-01
4.561415405273437500e+02 1.189460327148437500e+03 4.965894520282745361e-01
6.866964721679687500e+02 1.231582153320312500e+03 8.813308477401733398e-01
5.191625366210937500e+02 1.482789916992187500e+03 8.574458360671997070e-01
7.704530029296875000e+02 6.972474365234375000e+02 9.136931300163269043e-01
0.000000000000000000e+00 0.000000000000000000e+00 0.000000000000000000e+00
6.867769775390625000e+02 7.282946166992187500e+02 7.897125482559204102e-01
0.000000000000000000e+00 0.000000000000000000e+00 0.000000000000000000e+00
5.715427246093750000e+02 1.498626953125000000e+03 2.553088366985321045e-01
5.662431030273437500e+02 1.487853881835937500e+03 2.498407512903213501e-01
4.824947509765625000e+02 1.498429565429687500e+03 8.724671602249145508e-01
6.343127441406250000e+02 1.729005493164062500e+03 7.139037251472473145e-01
5.975392456054687500e+02 1.734295043945312500e+03 7.386817932128906250e-01
4.770714111328125000e+02 1.666070800781250000e+03 8.168469071388244629e-01
