2.286457977294921875e+02 1.485604095458984375e+02 9.223290681838989258e-01
1.885319061279296875e+02 1.885868072509765625e+02 7.963488101959228516e-01
1.833117675781250000e+02 1.902878875732421875e+02 8.018910884857177734e-01
1.607152862548828125e+02 2.529875488281250000e+02 8.961011171340942383e-01
1.746778717041015625e+02 2.059602203369140625e+02 7.424733042716979980e-01
1.989468841552734375e+02 1.868612976074218750e+02 6.804921627044677734e-01
0.000000000000000000e+00 0.000000000000000000e+00 0.000000000000000000e+00
0.000000000000000000e+00 0.000000000000000000e+00 0.000000000000000000e+00
1.502662353515625000e+02 2.895052490234375000e+02 7.281699180603027344e-01
1.449977264404296875e+02 2.981507263183593750e+02 8.046348690986633301e-01
2.146860198974609375e+02 3.521565856933593750e+02 8.773227334022521973e-01
1.589935607910156250e+02 4.079601440429687500e+02 8.778932690620422363e-01
1.606709289550781250e+02 2.843363647460937500e+02 6.951817870140075684e-01
2.042559967041015625e+02 3.138787231445312500e+02 8.890886306762695312e-01
1.607131652832031250e+02 3.731208496093750000e+02 8.448303937911987305e-01
2.199156799316406250e+02 1.450042877197265625e+02 9.127352237701416016e-01
2.302884521484375000e+02 1.449384613037109375e+02 6.383996009826660156e-01
2.007455902099609375e+02 1.467101745605468750e+02 8.468932509422302246e-01
0.000000000000000000e+00 0.000000000000000000e+00 0.000000000000000000e+00
0.000000000000000000e+00 0.000000000000000000e+00 0.000000000000000000e+00
0.000000000000000000e+00 0.000000000000000000e+00 0.000000000000000000e+00
1.485624389648437500e+02 3.800316467285156250e+02 8.989384174346923828e-01
1.920083618164062500e+02 4.235462646484375000e+02 8.583315610885620117e-01
1.850106048583984375e+02 4.252880554199218750e+02 8.480284214019775391e-01
1.467708740234375000e+02 4.113516235351562500e+02 9.133208990097045898e-01
