8.018903808593750000e+02 7.651875610351562500e+02 8.788993954658508301e-01
6.238662109375000000e+02 9.013831176757812500e+02 7.349596619606018066e-01
5.976706542968750000e+02 9.012410278320312500e+02 7.837796211242675781e-01
4.878234863281250000e+02 1.189702880859375000e+03 8.917504549026489258e-01
6.027120361328125000e+02 9.852732543945312500e+02 8.163423538208007812e-01
6.604135742187500000e+02 9.015122680664062500e+02 7.215152382850646973e-01
6.501808471679687500e+02 1.089905029296875000e+03 6.145531684160232544e-02
0.000000000000000000e+00 0.000000000000000000e+00 0.000000000000000000e+00
4.142752380371093750e+02 1.236695312500000000e+03 6.023225188255310059e-01
3.827817382812500000e+02 1.268146850585937500e+03 6.670465469360351562e-01
7.286633300781250000e+02 1.404234008789062500e+03 9.015728235244750977e-01
5.188130493164062500e+02 1.655507690429687500e+03 8.459935784339904785e-01
4.457881774902343750e+02 1.210511230468750000e+03 4.458038508892059326e-01
6.867654418945312500e+02 1.236442993164062500e+03 8.737362623214721680e-01
5.189744262695312500e+02 1.482690795898437500e+03 8.510344028472900391e-01
7.755894775390625000e+02 7.337214355468750000e+02 9.535464644432067871e-01
0.000000000000000000e+00 0.000000000000000000e+00 0.000000000000000000e+00
6.920016479492187500e+02 7.442199707031250000e+02 7.186294794082641602e-01
0.000000000000000000e+00 0.000000000000000000e+00 0.000000000000000000e+00
5.766827392578125000e+02 1.493275756835937500e+03 2.924236059188842773e-01
5.713460693359375000e+02 1.482684936523437500e+03 3.008171021938323975e-01
4.822323913574218750e+02 1.493356567382812500e+03 9.025129675865173340e-01
6.343612060546875000e+02 1.723841186523437500e+03 7.284657955169677734e-01
5.975615234375000000e+02 1.734129882812500000e+03 7.619352340698242188e-01
4.770169982910156250e+02 1.660941406250000000e+03 8.331860303878784180e-01
