8.070886230468750000e+02 7.757985839843750000e+02 9.268168210983276367e-01
6.394703979492187500e+02 9.222610473632812500e+02 7.378477454185485840e-01
6.080022583007812500e+02 9.222848510742187500e+02 7.840674519538879395e-01
4.929956970214843750e+02 1.200165649414062500e+03 8.289647698402404785e-01
6.030189819335937500e+02 1.016533813476562500e+03 7.144243717193603516e-01
6.708926391601562500e+02 9.170509033203125000e+02 6.764674186706542969e-01
6.552042846679687500e+02 1.110854370117187500e+03 1.128550842404365540e-01
0.000000000000000000e+00 0.000000000000000000e+00 0.000000000000000000e+00
4.090484924316406250e+02 1.236775512695312500e+03 5.804769396781921387e-01
3.776891174316406250e+02 1.273356689453125000e+03 6.843665242195129395e-01
7.285883789062500000e+02 1.404427246093750000e+03 8.808067440986633301e-01
5.136405639648437500e+02 1.650541748046875000e+03 8.379124402999877930e-01
4.404874572753906250e+02 1.200003173828125000e+03 4.381988048553466797e-01
6.918699951171875000e+02 1.236466430664062500e+03 8.767986297607421875e-01
5.191718750000000000e+02 1.477668579101562500e+03 8.466392755508422852e-01
7.758967285156250000e+02 7.599168090820312500e+02 8.809438943862915039e-01
0.000000000000000000e+00 0.000000000000000000e+00 0.000000000000000000e+00
6.972360839843750000e+02 7.703789672851562500e+02 7.374882102012634277e-01
0.000000000000000000e+00 0.000000000000000000e+00 0.000000000000000000e+00
5.819438476562500000e+02 1.488153930664062500e+03 3.293881714344024658e-01
5.715255126953125000e+02 1.482615356445312500e+03 3.209763169288635254e-01
4.824419860839843750e+02 1.493258422851562500e+03 9.137343764305114746e-01
6.341948852539062500e+02 1.723652587890625000e+03 6.959822177886962891e-01
5.923159179687500000e+02 1.729053588867187500e+03 7.074652314186096191e-01
4.719486083984375000e+02 1.655903198242187500e+03 8.256121873855590820e-01
