8.700501708984375000e+02 3.304846801757812500e+02 7.754208445549011230e-01
6.080865478515625000e+02 4.509968566894531250e+02 5.752580761909484863e-01
5.609149169921875000e+02 4.405097656250000000e+02 6.429087519645690918e-01
3.149587707519531250e+02 6.393391113281250000e+02 7.919785976409912109e-01
5.245150146484375000e+02 3.568603515625000000e+02 8.231136798858642578e-01
6.761403198242187500e+02 4.717952270507812500e+02 4.715861082077026367e-01
0.000000000000000000e+00 0.000000000000000000e+00 0.000000000000000000e+00
0.000000000000000000e+00 0.000000000000000000e+00 0.000000000000000000e+00
3.932382507324218750e+02 9.012691650390625000e+02 5.409818291664123535e-01
3.199726867675781250e+02 9.275618896484375000e+02 5.235393643379211426e-01
6.920769042968750000e+02 1.105855468750000000e+03 8.463529348373413086e-01
4.403692321777343750e+02 1.535365478515625000e+03 7.306404113769531250e-01
4.718600769042968750e+02 8.803814697265625000e+02 4.140013158321380615e-01
7.702807617187500000e+02 1.000938720703125000e+03 7.790362834930419922e-01
0.000000000000000000e+00 0.000000000000000000e+00 0.000000000000000000e+00
8.595729980468750000e+02 2.780756530761718750e+02 8.702761530876159668e-01
0.000000000000000000e+00 0.000000000000000000e+00 0.000000000000000000e+00
7.392431030273437500e+02 2.571457519531250000e+02 8.309102058410644531e-01
0.000000000000000000e+00 0.000000000000000000e+00 0.000000000000000000e+00
0.000000000000000000e+00 0.000000000000000000e+00 0.000000000000000000e+00
0.000000000000000000e+00 0.000000000000000000e+00 0.000000000000000000e+00
0.000000000000000000e+00 0.000000000000000000e+00 0.000000000000000000e+00
5.295604858398437500e+02 1.676678955078125000e+03 5.920187830924987793e-01
4.771733703613281250e+02 1.671313720703125000e+03 4.973817765712738037e-01
3.933642578125000000e+02 1.561378662109375000e+03 6.715484261512756348e-01
