2.731718750000000000e+02 5.558195800781250000e+02 8.852738142013549805e-01
4.350045776367187500e+02 7.232922363281250000e+02 7.016493082046508789e-01
3.985348205566406250e+02 7.286692504882812500e+02 5.460658073425292969e-01
0.000000000000000000e+00 0.000000000000000000e+00 0.000000000000000000e+00
0.000000000000000000e+00 0.000000000000000000e+00 0.000000000000000000e+00
4.613817138671875000e+02 7.076950073242187500e+02 7.507000565528869629e-01
6.395012207031250000e+02 8.122885742187500000e+02 8.908981084823608398e-01
5.137569580078125000e+02 5.400092163085937500e+02 7.873435020446777344e-01
7.076693725585937500e+02 1.084767211914062500e+03 5.076680779457092285e-01
6.866723632812500000e+02 1.084767700195312500e+03 3.361090421676635742e-01
4.351780700683593750e+02 1.278507934570312500e+03 2.832640111446380615e-01
8.490725097656250000e+02 1.409541015625000000e+03 9.366100281476974487e-02
7.337351684570312500e+02 1.095135986328125000e+03 6.230396032333374023e-01
3.986818847656250000e+02 1.357257690429687500e+03 8.645397424697875977e-01
5.556170654296875000e+02 1.781613647460937500e+03 7.702832818031311035e-01
0.000000000000000000e+00 0.000000000000000000e+00 0.000000000000000000e+00
3.145257873535156250e+02 5.245082397460937500e+02 9.427114129066467285e-01
0.000000000000000000e+00 0.000000000000000000e+00 0.000000000000000000e+00
3.983882141113281250e+02 5.611229858398437500e+02 9.230253696441650391e-01
3.986755676269531250e+02 1.854657958984375000e+03 6.803786754608154297e-01
4.457586059570312500e+02 1.859998779296875000e+03 6.553716659545898438e-01
5.924602661132812500e+02 1.818140625000000000e+03 7.163954973220825195e-01
0.000000000000000000e+00 0.000000000000000000e+00 0.000000000000000000e+00
0.000000000000000000e+00 0.000000000000000000e+00 0.000000000000000000e+00
9.015239257812500000e+02 1.425231323242187500e+03 6.260674446821212769e-02
