1.785175170898437500e+02 9.642792968750000000e+02 8.354640603065490723e-01
3.934137573242187500e+02 9.956428833007812500e+02 6.937327980995178223e-01
4.038445434570312500e+02 9.798363037109375000e+02 5.754287242889404297e-01
0.000000000000000000e+00 0.000000000000000000e+00 0.000000000000000000e+00
0.000000000000000000e+00 0.000000000000000000e+00 0.000000000000000000e+00
3.879945068359375000e+02 1.022015991210937500e+03 8.032693862915039062e-01
5.400052490234375000e+02 1.184301513671875000e+03 8.543325662612915039e-01
3.148407287597656250e+02 1.105692138671875000e+03 9.172930717468261719e-01
6.552156372070312500e+02 1.315189575195312500e+03 4.982101619243621826e-01
6.500642089843750000e+02 1.299479370117187500e+03 3.356802165508270264e-01
4.142712097167968750e+02 1.304755737304687500e+03 1.560955494642257690e-01
0.000000000000000000e+00 0.000000000000000000e+00 0.000000000000000000e+00
6.656912841796875000e+02 1.331028564453125000e+03 6.240980029106140137e-01
3.512808532714843750e+02 1.393743408203125000e+03 8.237636685371398926e-01
5.714176025390625000e+02 1.598034301757812500e+03 7.642927169799804688e-01
0.000000000000000000e+00 0.000000000000000000e+00 0.000000000000000000e+00
1.892546081542968750e+02 9.381367797851562500e+02 9.204724431037902832e-01
0.000000000000000000e+00 0.000000000000000000e+00 0.000000000000000000e+00
2.727182617187500000e+02 9.486530761718750000e+02 8.817180991172790527e-01
4.719058532714843750e+02 1.713212280273437500e+03 7.177827954292297363e-01
5.188849487304687500e+02 1.708070068359375000e+03 6.674562096595764160e-01
6.185137329101562500e+02 1.603346923828125000e+03 7.058925628662109375e-01
0.000000000000000000e+00 0.000000000000000000e+00 0.000000000000000000e+00
0.000000000000000000e+00 0.000000000000000000e+00 0.000000000000000000e+00
0.000000000000000000e+00 0.000000000000000000e+00 0.000000000000000000e+00
