1.157795181274414062e+02 7.755736694335937500e+02 9.078192114830017090e-01
3.096379699707031250e+02 8.752421264648437500e+02 6.139479279518127441e-01
2.885321044921875000e+02 8.752966918945312500e+02 4.296157360076904297e-01
0.000000000000000000e+00 0.000000000000000000e+00 0.000000000000000000e+00
0.000000000000000000e+00 0.000000000000000000e+00 0.000000000000000000e+00
3.408562622070312500e+02 8.752738647460937500e+02 7.461597919464111328e-01
4.667594604492187500e+02 1.063778686523437500e+03 9.013391733169555664e-01
2.415426940917968750e+02 9.435169067382812500e+02 8.446878790855407715e-01
6.133572387695312500e+02 1.173712402343750000e+03 5.291218757629394531e-01
6.027733764648437500e+02 1.152929565429687500e+03 3.597116768360137939e-01
3.356446228027343750e+02 1.142293090820312500e+03 7.402753829956054688e-01
4.980185852050781250e+02 1.388507324218750000e+03 7.357895970344543457e-01
6.342600708007812500e+02 1.189664184570312500e+03 6.466739773750305176e-01
3.253621826171875000e+02 1.330870239257812500e+03 7.984536886215209961e-01
5.295520629882812500e+02 1.561360595703125000e+03 7.873845696449279785e-01
0.000000000000000000e+00 0.000000000000000000e+00 0.000000000000000000e+00
1.469291992187500000e+02 7.598840942382812500e+02 8.892714381217956543e-01
0.000000000000000000e+00 0.000000000000000000e+00 0.000000000000000000e+00
2.257168884277343750e+02 7.861325073242187500e+02 8.872086405754089355e-01
4.350532226562500000e+02 1.681738037109375000e+03 7.807735204696655273e-01
4.770047302246093750e+02 1.676636962890625000e+03 6.849669218063354492e-01
5.714912109375000000e+02 1.566630493164062500e+03 7.962560653686523438e-01
5.190751953125000000e+02 1.404465454101562500e+03 2.174323946237564087e-01
5.241361083984375000e+02 1.404509887695312500e+03 2.189957052469253540e-01
5.244452514648437500e+02 1.398970825195312500e+03 7.700908184051513672e-01
