8.699116821289062500e+02 4.247476806640625000e+02 7.917242050170898438e-01
6.029650268554687500e+02 4.876794738769531250e+02 5.797421932220458984e-01
5.452527465820312500e+02 4.824681701660156250e+02 5.485541224479675293e-01
3.511948852539062500e+02 6.918883056640625000e+02 8.141067028045654297e-01
5.451692504882812500e+02 4.299053955078125000e+02 7.723764777183532715e-01
6.812764892578125000e+02 4.981574401855468750e+02 4.583952724933624268e-01
0.000000000000000000e+00 0.000000000000000000e+00 0.000000000000000000e+00
0.000000000000000000e+00 0.000000000000000000e+00 0.000000000000000000e+00
3.933818969726562500e+02 9.435252685546875000e+02 5.443299412727355957e-01
3.200285644531250000e+02 9.746162719726562500e+02 5.255722999572753906e-01
6.972374877929687500e+02 1.147565551757812500e+03 8.174538612365722656e-01
4.510773925781250000e+02 1.603216552734375000e+03 7.089267969131469727e-01
4.719483337402343750e+02 9.379311523437500000e+02 4.389953911304473877e-01
7.703014526367187500e+02 1.037534912109375000e+03 7.930796146392822266e-01
6.186283569335937500e+02 1.309925903320312500e+03 7.187494635581970215e-02
8.596349487304687500e+02 3.723420410156250000e+02 8.442133069038391113e-01
0.000000000000000000e+00 0.000000000000000000e+00 0.000000000000000000e+00
7.599228515625000000e+02 3.410286560058593750e+02 8.148008584976196289e-01
0.000000000000000000e+00 0.000000000000000000e+00 0.000000000000000000e+00
6.814129638671875000e+02 1.393788085937500000e+03 1.745559424161911011e-01
6.710042724609375000e+02 1.388505249023437500e+03 1.579172462224960327e-01
0.000000000000000000e+00 0.000000000000000000e+00 0.000000000000000000e+00
5.818402709960937500e+02 1.729026000976562500e+03 6.460829377174377441e-01
5.452125244140625000e+02 1.729042724609375000e+03 5.383932590484619141e-01
4.038993225097656250e+02 1.613793945312500000e+03 6.695781350135803223e-01
