2.258376464843750000e+02 7.757929687500000000e+02 9.341294169425964355e-01
3.933538208007812500e+02 8.963645019531250000e+02 7.242131829261779785e-01
3.933399658203125000e+02 8.856854248046875000e+02 5.489325523376464844e-01
0.000000000000000000e+00 0.000000000000000000e+00 0.000000000000000000e+00
0.000000000000000000e+00 0.000000000000000000e+00 0.000000000000000000e+00
3.932866210937500000e+02 9.066932983398437500e+02 8.427771329879760742e-01
4.143981018066406250e+02 1.152610107421875000e+03 8.829694986343383789e-01
3.150546264648437500e+02 9.434710693359375000e+02 8.777520060539245605e-01
5.819172973632812500e+02 1.231530273437500000e+03 6.237223148345947266e-01
5.975811157226562500e+02 1.200055297851562500e+03 4.818264245986938477e-01
3.463000488281250000e+02 1.315104492187500000e+03 9.021004438400268555e-01
4.772425842285156250e+02 1.535115478515625000e+03 8.368009924888610840e-01
5.715278320312500000e+02 1.268034301757812500e+03 6.330328583717346191e-01
3.150497436523437500e+02 1.482916992187500000e+03 9.207545518875122070e-01
4.928853149414062500e+02 1.692150268554687500e+03 8.239535689353942871e-01
0.000000000000000000e+00 0.000000000000000000e+00 0.000000000000000000e+00
2.519452056884765625e+02 7.650111694335937500e+02 8.574874401092529297e-01
0.000000000000000000e+00 0.000000000000000000e+00 0.000000000000000000e+00
3.253137512207031250e+02 7.758207397460937500e+02 9.010708332061767578e-01
3.828648071289062500e+02 1.749936157226562500e+03 7.669323682785034180e-01
4.143597106933593750e+02 1.760478637695312500e+03 7.572886347770690918e-01
5.245404052734375000e+02 1.697423583984375000e+03 9.162874817848205566e-01
4.352731933593750000e+02 1.587563476562500000e+03 9.068372100591659546e-02
0.000000000000000000e+00 0.000000000000000000e+00 0.000000000000000000e+00
5.136971435546875000e+02 1.561406616210937500e+03 8.782508969306945801e-01
