2.307941894531250000e+02 7.758319091796875000e+02 9.355511665344238281e-01
3.935323486328125000e+02 9.011904907226562500e+02 7.690314650535583496e-01
3.987354736328125000e+02 8.857153930664062500e+02 6.068378686904907227e-01
4.037984008789062500e+02 1.063838012695312500e+03 7.708147913217544556e-02
0.000000000000000000e+00 0.000000000000000000e+00 0.000000000000000000e+00
3.932323303222656250e+02 9.067760620117187500e+02 8.431319594383239746e-01
4.246258544921875000e+02 1.152676269531250000e+03 8.867678046226501465e-01
3.201264648437500000e+02 9.435318603515625000e+02 8.512054085731506348e-01
5.819607543945312500e+02 1.231557006835937500e+03 6.289715170860290527e-01
5.976013183593750000e+02 1.200119140625000000e+03 4.859069883823394775e-01
3.511899414062500000e+02 1.315122802734375000e+03 9.066529273986816406e-01
4.772955932617187500e+02 1.535100219726562500e+03 8.375413417816162109e-01
5.715380859375000000e+02 1.268015625000000000e+03 6.437181234359741211e-01
3.150747375488281250e+02 1.482997558593750000e+03 9.180492758750915527e-01
4.928875122070312500e+02 1.692190063476562500e+03 8.262994289398193359e-01
0.000000000000000000e+00 0.000000000000000000e+00 0.000000000000000000e+00
2.571586608886718750e+02 7.600572509765625000e+02 8.658605813980102539e-01
0.000000000000000000e+00 0.000000000000000000e+00 0.000000000000000000e+00
3.304695434570312500e+02 7.757425537109375000e+02 9.012277722358703613e-01
3.827809143066406250e+02 1.749925903320312500e+03 7.716742753982543945e-01
4.142741088867187500e+02 1.760482788085937500e+03 7.635415792465209961e-01
5.245454101562500000e+02 1.697460327148437500e+03 9.170958399772644043e-01
4.352170104980468750e+02 1.577186767578125000e+03 9.878947585821151733e-02
0.000000000000000000e+00 0.000000000000000000e+00 0.000000000000000000e+00
5.137640991210937500e+02 1.561430053710937500e+03 8.846429586410522461e-01
