7.758218994140625000e+02 7.127533569335937500e+02 8.983328342437744141e-01
6.132938232421875000e+02 8.543246459960937500e+02 7.609361410140991211e-01
5.923709106445312500e+02 8.543279418945312500e+02 7.588945031166076660e-01
4.770848083496093750e+02 1.147684570312500000e+03 9.021979570388793945e-01
5.607749633789062500e+02 9.434688720703125000e+02 7.140231728553771973e-01
6.499158935546875000e+02 8.542056884765625000e+02 7.358933687210083008e-01
6.395208740234375000e+02 9.956873168945312500e+02 8.951453119516372681e-02
0.000000000000000000e+00 0.000000000000000000e+00 0.000000000000000000e+00
4.037796020507812500e+02 1.194833007812500000e+03 6.243059635162353516e-01
3.620087585449218750e+02 1.226022094726562500e+03 6.492330431938171387e-01
7.181375122070312500e+02 1.398776123046875000e+03 8.533324599266052246e-01
5.187983398437500000e+02 1.655758056640625000e+03 8.441645503044128418e-01
4.405951538085937500e+02 1.179046264648437500e+03 5.063517093658447266e-01
6.864962768554687500e+02 1.231614501953125000e+03 8.800836801528930664e-01
5.190014038085937500e+02 1.482964477539062500e+03 8.591850399971008301e-01
7.600656738281250000e+02 6.865813598632812500e+02 8.849934339523315430e-01
0.000000000000000000e+00 0.000000000000000000e+00 0.000000000000000000e+00
6.761746826171875000e+02 6.920433349609375000e+02 7.613296508789062500e-01
0.000000000000000000e+00 0.000000000000000000e+00 0.000000000000000000e+00
5.661586303710937500e+02 1.524760986328125000e+03 1.391399055719375610e-01
5.556657714843750000e+02 1.488343872070312500e+03 1.099921911954879761e-01
4.823300476074218750e+02 1.503734985351562500e+03 8.682727813720703125e-01
6.395460205078125000e+02 1.734025390625000000e+03 7.148371934890747070e-01
5.975957031250000000e+02 1.739289428710937500e+03 7.259928584098815918e-01
4.770436706542968750e+02 1.666243652343750000e+03 8.047463297843933105e-01
