8.803799438476562500e+02 2.783114013671875000e+02 7.976997494697570801e-01
6.081964721679687500e+02 3.987538452148437500e+02 6.098552942276000977e-01
5.661170654296875000e+02 3.984772949218750000e+02 6.940239071846008301e-01
3.150209960937500000e+02 5.660284423828125000e+02 7.853637337684631348e-01
5.294708251953125000e+02 3.043386840820312500e+02 8.122615218162536621e-01
6.709688720703125000e+02 4.142538146972656250e+02 4.657884836196899414e-01
0.000000000000000000e+00 0.000000000000000000e+00 0.000000000000000000e+00
0.000000000000000000e+00 0.000000000000000000e+00 0.000000000000000000e+00
3.828685607910156250e+02 8.594165649414062500e+02 5.199636816978454590e-01
3.148889770507812500e+02 8.700900268554687500e+02 5.066801309585571289e-01
6.709685668945312500e+02 1.079468505859375000e+03 7.487202882766723633e-01
4.402873535156250000e+02 1.540475830078125000e+03 7.141205072402954102e-01
4.561323547363281250e+02 8.489178466796875000e+02 4.018020927906036377e-01
7.443096923828125000e+02 9.852037353515625000e+02 7.844201922416687012e-01
5.974978027343750000e+02 1.288995849609375000e+03 1.856089532375335693e-01
8.595344848632812500e+02 2.311269683837890625e+02 8.972653746604919434e-01
0.000000000000000000e+00 0.000000000000000000e+00 0.000000000000000000e+00
7.443854370117187500e+02 2.100627136230468750e+02 7.937262654304504395e-01
0.000000000000000000e+00 0.000000000000000000e+00 0.000000000000000000e+00
6.551856689453125000e+02 1.336066162109375000e+03 4.682423174381256104e-01
6.500337524414062500e+02 1.325678588867187500e+03 4.901184141635894775e-01
6.028221435546875000e+02 1.325592773437500000e+03 1.109313815832138062e-01
5.504573974609375000e+02 1.671419433593750000e+03 5.693396329879760742e-01
5.137466430664062500e+02 1.666094604492187500e+03 4.677966535091400146e-01
3.932266235351562500e+02 1.566506713867187500e+03 6.008541584014892578e-01
