1.104333038330078125e+02 6.551309814453125000e+02 9.094287753105163574e-01
3.146210937500000000e+02 7.599262695312500000e+02 6.733349561691284180e-01
3.042668151855468750e+02 7.442771606445312500e+02 4.690726101398468018e-01
0.000000000000000000e+00 0.000000000000000000e+00 0.000000000000000000e+00
0.000000000000000000e+00 0.000000000000000000e+00 0.000000000000000000e+00
3.201963195800781250e+02 7.652103881835937500e+02 8.083748221397399902e-01
4.825600280761718750e+02 9.484973754882812500e+02 8.999955654144287109e-01
2.726972656250000000e+02 8.490750732421875000e+02 8.982152342796325684e-01
5.767581787109375000e+02 1.074408081054687500e+03 6.042824387550354004e-01
5.504173583984375000e+02 1.068864868164062500e+03 4.976736009120941162e-01
3.305102539062500000e+02 1.121369384765625000e+03 7.925096750259399414e-01
5.033967590332031250e+02 1.378002441406250000e+03 7.624912858009338379e-01
6.081774902343750000e+02 1.100357421875000000e+03 6.685931682586669922e-01
3.358108215332031250e+02 1.320301025390625000e+03 8.721862435340881348e-01
5.296525268554687500e+02 1.566394165039062500e+03 8.137072324752807617e-01
0.000000000000000000e+00 0.000000000000000000e+00 0.000000000000000000e+00
1.418639984130859375e+02 6.394640502929687500e+02 9.102801680564880371e-01
0.000000000000000000e+00 0.000000000000000000e+00 0.000000000000000000e+00
2.256184387207031250e+02 6.709208374023437500e+02 8.759915828704833984e-01
4.350827941894531250e+02 1.676611206054687500e+03 7.876583933830261230e-01
4.770096435546875000e+02 1.671471313476562500e+03 6.942664384841918945e-01
5.715001831054687500e+02 1.571742797851562500e+03 8.246248960494995117e-01
5.188287963867187500e+02 1.409480834960937500e+03 1.859947741031646729e-01
5.244284057617187500e+02 1.404486694335937500e+03 2.126926183700561523e-01
5.294340209960937500e+02 1.398813354492187500e+03 8.439870476722717285e-01
