1.263104400634765625e+02 6.761137084960937500e+02 8.362886905670166016e-01
3.150241699218750000e+02 7.705233154296875000e+02 7.005729675292968750e-01
3.095994873046875000e+02 7.652656860351562500e+02 5.164482593536376953e-01
4.457316589355468750e+02 8.333953247070312500e+02 5.167962238192558289e-02
0.000000000000000000e+00 0.000000000000000000e+00 0.000000000000000000e+00
3.357088623046875000e+02 7.754765014648437500e+02 7.898189425468444824e-01
5.136025390625000000e+02 9.484884033203125000e+02 8.458058238029479980e-01
2.937220458984375000e+02 8.489528198242187500e+02 8.356107473373413086e-01
5.715322875976562500e+02 1.111094482421875000e+03 6.104282736778259277e-01
5.399528808593750000e+02 1.105768066406250000e+03 4.757597446441650391e-01
3.201807556152343750e+02 1.152888183593750000e+03 8.329837322235107422e-01
4.825661010742187500e+02 1.419993896484375000e+03 7.724869847297668457e-01
6.080748901367187500e+02 1.126694091796875000e+03 6.497198343276977539e-01
3.357046508789062500e+02 1.362441772460937500e+03 8.599331974983215332e-01
5.190543823242187500e+02 1.608440063476562500e+03 8.364686965942382812e-01
0.000000000000000000e+00 0.000000000000000000e+00 0.000000000000000000e+00
1.523172302246093750e+02 6.449601440429687500e+02 9.013206362724304199e-01
0.000000000000000000e+00 0.000000000000000000e+00 0.000000000000000000e+00
2.310178222656250000e+02 6.865701293945312500e+02 9.086284637451171875e-01
4.039776000976562500e+02 1.723675048828125000e+03 7.726206183433532715e-01
4.562308044433593750e+02 1.718533935546875000e+03 6.882939338684082031e-01
5.608294067382812500e+02 1.613874633789062500e+03 7.853446602821350098e-01
5.084404296875000000e+02 1.472311645507812500e+03 2.179859578609466553e-01
5.189979248046875000e+02 1.456726440429687500e+03 2.188104093074798584e-01
5.189745483398437500e+02 1.440756591796875000e+03 8.300173282623291016e-01
