8.753234252929687500e+02 3.094213562011718750e+02 8.146601915359497070e-01
6.029008178710937500e+02 4.300167236328125000e+02 5.791758298873901367e-01
5.610148925781250000e+02 4.351208801269531250e+02 5.795404911041259766e-01
3.149706115722656250e+02 5.923645019531250000e+02 7.667014002799987793e-01
5.295205688476562500e+02 3.201781311035156250e+02 7.945798635482788086e-01
6.604606323242187500e+02 4.300287780761718750e+02 4.296160042285919189e-01
0.000000000000000000e+00 0.000000000000000000e+00 0.000000000000000000e+00
0.000000000000000000e+00 0.000000000000000000e+00 0.000000000000000000e+00
3.880492553710937500e+02 8.699971923828125000e+02 5.317074060440063477e-01
3.147006835937500000e+02 8.960770263671875000e+02 5.421944260597229004e-01
6.657344360351562500e+02 1.100344482421875000e+03 7.595288753509521484e-01
4.402861328125000000e+02 1.545631225585937500e+03 7.239862680435180664e-01
4.717867736816406250e+02 8.544049682617187500e+02 4.470250010490417480e-01
7.599715576171875000e+02 9.957228393554687500e+02 7.613520622253417969e-01
5.975735473632812500e+02 1.289025756835937500e+03 1.572355479001998901e-01
8.595427246093750000e+02 2.571270141601562500e+02 8.641487360000610352e-01
0.000000000000000000e+00 0.000000000000000000e+00 0.000000000000000000e+00
7.494780883789062500e+02 2.307541961669921875e+02 8.501898646354675293e-01
0.000000000000000000e+00 0.000000000000000000e+00 0.000000000000000000e+00
6.500408935546875000e+02 1.351729980468750000e+03 4.279067218303680420e-01
6.497891235351562500e+02 1.336123413085937500e+03 4.204940199851989746e-01
6.029448242187500000e+02 1.325671508789062500e+03 9.252287447452545166e-02
5.400634765625000000e+02 1.676683349609375000e+03 5.937309861183166504e-01
4.928436279296875000e+02 1.676528686523437500e+03 4.942201972007751465e-01
3.933411865234375000e+02 1.566648071289062500e+03 6.965494155883789062e-01
