8.701111450195312500e+02 3.567353820800781250e+02 8.201168775558471680e-01
6.079755249023437500e+02 4.823277893066406250e+02 5.938552618026733398e-01
5.557720947265625000e+02 4.770403137207031250e+02 5.458461046218872070e-01
3.199489746093750000e+02 6.604347534179687500e+02 7.661810517311096191e-01
5.190368041992187500e+02 3.984008483886718750e+02 8.529909849166870117e-01
6.761577148437500000e+02 4.928734130859375000e+02 4.610814452171325684e-01
0.000000000000000000e+00 0.000000000000000000e+00 0.000000000000000000e+00
0.000000000000000000e+00 0.000000000000000000e+00 0.000000000000000000e+00
3.985672302246093750e+02 9.327096557617187500e+02 5.157809853553771973e-01
3.356838989257812500e+02 9.484824218750000000e+02 5.268445014953613281e-01
7.128109741210937500e+02 1.126593017578125000e+03 7.617247700691223145e-01
4.458471984863281250e+02 1.571765380859375000e+03 7.387205958366394043e-01
4.772003784179687500e+02 9.015196533203125000e+02 4.160575270652770996e-01
7.706550903320312500e+02 1.021843750000000000e+03 8.200513124465942383e-01
6.238701782226562500e+02 1.194783081054687500e+03 1.093520596623420715e-01
8.595112915039062500e+02 3.092677001953125000e+02 8.825054764747619629e-01
0.000000000000000000e+00 0.000000000000000000e+00 0.000000000000000000e+00
7.389988403320312500e+02 2.730763854980468750e+02 8.837870955467224121e-01
0.000000000000000000e+00 0.000000000000000000e+00 0.000000000000000000e+00
0.000000000000000000e+00 0.000000000000000000e+00 0.000000000000000000e+00
0.000000000000000000e+00 0.000000000000000000e+00 0.000000000000000000e+00
0.000000000000000000e+00 0.000000000000000000e+00 0.000000000000000000e+00
5.610584716796875000e+02 1.697718505859375000e+03 6.536942720413208008e-01
5.085693664550781250e+02 1.697629638671875000e+03 5.586783289909362793e-01
3.987442626953125000e+02 1.577235473632812500e+03 6.889361143112182617e-01
