2.308765258789062500e+02 7.755844726562500000e+02 9.465361237525939941e-01
3.983827819824218750e+02 8.961573486328125000e+02 7.576674222946166992e-01
4.037880859375000000e+02 8.805112915039062500e+02 5.830676555633544922e-01
3.985231323242187500e+02 1.068992553710937500e+03 9.969609975814819336e-02
0.000000000000000000e+00 0.000000000000000000e+00 0.000000000000000000e+00
3.932323303222656250e+02 9.015280151367187500e+02 8.720945119857788086e-01
4.195394592285156250e+02 1.147767456054687500e+03 8.845911622047424316e-01
3.199835205078125000e+02 9.430966796875000000e+02 8.910409808158874512e-01
5.714244384765625000e+02 1.226217529296875000e+03 6.184577345848083496e-01
5.714112548828125000e+02 1.199964233398437500e+03 4.670566618442535400e-01
3.462243652343750000e+02 1.315205932617187500e+03 9.060604572296142578e-01
4.772092895507812500e+02 1.535289306640625000e+03 8.351548314094543457e-01
5.715517578125000000e+02 1.247140991210937500e+03 6.288442611694335938e-01
3.149873046875000000e+02 1.482851318359375000e+03 9.284589290618896484e-01
4.877909545898437500e+02 1.692141479492187500e+03 8.271298408508300781e-01
0.000000000000000000e+00 0.000000000000000000e+00 0.000000000000000000e+00
2.572300415039062500e+02 7.546705932617187500e+02 8.580940961837768555e-01
0.000000000000000000e+00 0.000000000000000000e+00 0.000000000000000000e+00
3.410251159667968750e+02 7.706597290039062500e+02 9.291900992393493652e-01
3.827730102539062500e+02 1.750033569335937500e+03 7.609282135963439941e-01
4.142810974121093750e+02 1.765586914062500000e+03 7.580714225769042969e-01
5.244042968750000000e+02 1.697425537109375000e+03 9.048092961311340332e-01
4.299394836425781250e+02 1.592823730468750000e+03 9.100463241338729858e-02
0.000000000000000000e+00 0.000000000000000000e+00 0.000000000000000000e+00
5.136771850585937500e+02 1.566420776367187500e+03 8.886137604713439941e-01
