8.649592285156250000e+02 2.726582336425781250e+02 8.265489935874938965e-01
6.028077392578125000e+02 3.931661376953125000e+02 6.098734736442565918e-01
5.607849121093750000e+02 3.880320739746093750e+02 5.931452512741088867e-01
3.094817810058593750e+02 5.348154907226562500e+02 7.625421285629272461e-01
5.190636596679687500e+02 2.730947265625000000e+02 8.603523969650268555e-01
6.604994506835937500e+02 3.986179504394531250e+02 4.522563815116882324e-01
0.000000000000000000e+00 0.000000000000000000e+00 0.000000000000000000e+00
0.000000000000000000e+00 0.000000000000000000e+00 0.000000000000000000e+00
3.828296203613281250e+02 8.489609985351562500e+02 5.371979475021362305e-01
3.147181396484375000e+02 8.595645141601562500e+02 5.467992424964904785e-01
6.502184448242187500e+02 1.074206054687500000e+03 7.975783348083496094e-01
4.352781066894531250e+02 1.535119873046875000e+03 7.324779629707336426e-01
4.509891662597656250e+02 8.229309692382812500e+02 4.360945224761962891e-01
7.340263671875000000e+02 9.801606445312500000e+02 7.965392470359802246e-01
5.767195434570312500e+02 1.273374755859375000e+03 1.348431259393692017e-01
8.544968872070312500e+02 2.205050201416015625e+02 8.893727064132690430e-01
0.000000000000000000e+00 0.000000000000000000e+00 0.000000000000000000e+00
7.390088500976562500e+02 1.840115814208984375e+02 8.796056509017944336e-01
0.000000000000000000e+00 0.000000000000000000e+00 0.000000000000000000e+00
6.498488159179687500e+02 1.325635375976562500e+03 4.451819062232971191e-01
6.447141723632812500e+02 1.320488037109375000e+03 4.420059621334075928e-01
0.000000000000000000e+00 0.000000000000000000e+00 0.000000000000000000e+00
5.347719116210937500e+02 1.661014770507812500e+03 5.494983792304992676e-01
5.137567138671875000e+02 1.660829101562500000e+03 4.491171240806579590e-01
3.880863952636718750e+02 1.556175170898437500e+03 6.594721078872680664e-01
