7.914048461914062500e+02 9.694433593750000000e+02 7.946311235427856445e-01
6.082030639648437500e+02 1.069075683593750000e+03 8.135296702384948730e-01
5.660231323242187500e+02 1.068871582031250000e+03 8.399816751480102539e-01
4.717950744628906250e+02 1.309870117187500000e+03 8.586055040359497070e-01
5.924139404296875000e+02 1.131834472656250000e+03 7.937003970146179199e-01
6.604103393554687500e+02 1.074178344726562500e+03 6.694740056991577148e-01
0.000000000000000000e+00 0.000000000000000000e+00 0.000000000000000000e+00
0.000000000000000000e+00 0.000000000000000000e+00 0.000000000000000000e+00
4.405546569824218750e+02 1.446333129882812500e+03 6.500711441040039062e-01
3.933789367675781250e+02 1.482939086914062500e+03 6.869280934333801270e-01
7.339538574218750000e+02 1.514124389648437500e+03 8.290166854858398438e-01
5.607496337890625000e+02 1.781472290039062500e+03 8.187477588653564453e-01
4.928255615234375000e+02 1.414769775390625000e+03 5.403868556022644043e-01
7.076356201171875000e+02 1.430315063476562500e+03 7.687694430351257324e-01
5.243504638671875000e+02 1.692336791992187500e+03 7.884659767150878906e-01
7.755060424804687500e+02 9.381996459960937500e+02 9.378193616867065430e-01
0.000000000000000000e+00 0.000000000000000000e+00 0.000000000000000000e+00
6.866943359375000000e+02 9.486879272460937500e+02 8.715580701828002930e-01
0.000000000000000000e+00 0.000000000000000000e+00 0.000000000000000000e+00
6.029849853515625000e+02 1.734354003906250000e+03 6.762456893920898438e-02
0.000000000000000000e+00 0.000000000000000000e+00 0.000000000000000000e+00
4.875513916015625000e+02 1.702747436523437500e+03 6.974651217460632324e-01
6.918188476562500000e+02 1.838926757812500000e+03 7.048630714416503906e-01
6.501472167968750000e+02 1.854771606445312500e+03 7.182512283325195312e-01
5.188003540039062500e+02 1.802386474609375000e+03 8.066031336784362793e-01
