7.862377319335937500e+02 7.390295410156250000e+02 8.835457563400268555e-01
6.237880859375000000e+02 8.856559448242187500e+02 7.245249152183532715e-01
6.028264770507812500e+02 8.909721069335937500e+02 7.960544824600219727e-01
4.824808654785156250e+02 1.173845581054687500e+03 8.828197717666625977e-01
5.766530761718750000e+02 9.852122192382812500e+02 7.414745688438415527e-01
6.502160644531250000e+02 8.699726562500000000e+02 7.274853587150573730e-01
6.448825683593750000e+02 1.027075195312500000e+03 1.498550474643707275e-01
6.134663085937500000e+02 1.105603637695312500e+03 4.357486367225646973e-01
4.038999023437500000e+02 1.226073730468750000e+03 5.905611515045166016e-01
3.723719177246093750e+02 1.241799926757812500e+03 6.648829579353332520e-01
7.284321289062500000e+02 1.404251220703125000e+03 8.987551927566528320e-01
5.187935791015625000e+02 1.655610961914062500e+03 8.590519428253173828e-01
4.405531616210937500e+02 1.194711914062500000e+03 4.718275070190429688e-01
6.917128906250000000e+02 1.236554687500000000e+03 8.783071637153625488e-01
5.192321777343750000e+02 1.482687133789062500e+03 8.497948050498962402e-01
7.705567016601562500e+02 7.181742553710937500e+02 8.961751461029052734e-01
0.000000000000000000e+00 0.000000000000000000e+00 0.000000000000000000e+00
6.918822021484375000e+02 7.287084960937500000e+02 8.164907693862915039e-01
0.000000000000000000e+00 0.000000000000000000e+00 0.000000000000000000e+00
5.714812622070312500e+02 1.493336425781250000e+03 2.380951941013336182e-01
5.662857055664062500e+02 1.482707885742187500e+03 2.385372668504714966e-01
4.825763854980468750e+02 1.493446411132812500e+03 8.932037949562072754e-01
6.291300659179687500e+02 1.729063842773437500e+03 7.254093885421752930e-01
5.923743896484375000e+02 1.734302856445312500e+03 7.538534402847290039e-01
4.770356445312500000e+02 1.661030639648437500e+03 8.175649046897888184e-01
