8.804860229492187500e+02 3.881283874511718750e+02 7.995784878730773926e-01
6.029082031250000000e+02 4.876999206542968750e+02 5.823318958282470703e-01
5.504160766601562500e+02 4.823901672363281250e+02 4.923096597194671631e-01
3.512750549316406250e+02 6.867809448242187500e+02 7.986404895782470703e-01
5.451467285156250000e+02 4.299419555664062500e+02 7.526642084121704102e-01
6.760956420898437500e+02 5.033341064453125000e+02 4.512130916118621826e-01
0.000000000000000000e+00 0.000000000000000000e+00 0.000000000000000000e+00
0.000000000000000000e+00 0.000000000000000000e+00 0.000000000000000000e+00
3.986831665039062500e+02 9.431811523437500000e+02 5.253420472145080566e-01
3.357280883789062500e+02 9.590444335937500000e+02 5.058358311653137207e-01
6.973026123046875000e+02 1.147360107421875000e+03 8.023501634597778320e-01
4.458063964843750000e+02 1.592743896484375000e+03 7.077771425247192383e-01
4.771604003906250000e+02 9.275504760742187500e+02 4.216359257698059082e-01
7.706281738281250000e+02 1.032393554687500000e+03 8.011105656623840332e-01
6.185720214843750000e+02 1.231418823242187500e+03 5.371316522359848022e-02
8.596589965820312500e+02 3.408394470214843750e+02 8.602423071861267090e-01
0.000000000000000000e+00 0.000000000000000000e+00 0.000000000000000000e+00
7.494910278320312500e+02 3.097340393066406250e+02 8.668086528778076172e-01
0.000000000000000000e+00 0.000000000000000000e+00 0.000000000000000000e+00
0.000000000000000000e+00 0.000000000000000000e+00 0.000000000000000000e+00
0.000000000000000000e+00 0.000000000000000000e+00 0.000000000000000000e+00
0.000000000000000000e+00 0.000000000000000000e+00 0.000000000000000000e+00
5.661641845703125000e+02 1.713316528320312500e+03 6.104857921600341797e-01
5.138732299804687500e+02 1.708135375976562500e+03 5.427559614181518555e-01
3.986565551757812500e+02 1.608546752929687500e+03 6.626614332199096680e-01
