8.701296997070312500e+02 3.200694580078125000e+02 7.865797877311706543e-01
6.029335327148437500e+02 4.353267517089843750e+02 5.728499889373779297e-01
5.609109497070312500e+02 4.299786376953125000e+02 5.499412417411804199e-01
3.147985839843750000e+02 6.080464477539062500e+02 8.020209670066833496e-01
5.295513305664062500e+02 3.513993530273437500e+02 8.115218281745910645e-01
6.657531738281250000e+02 4.458159790039062500e+02 4.433192312717437744e-01
0.000000000000000000e+00 0.000000000000000000e+00 0.000000000000000000e+00
0.000000000000000000e+00 0.000000000000000000e+00 0.000000000000000000e+00
3.880184936523437500e+02 8.909782714843750000e+02 5.355947017669677734e-01
3.148696289062500000e+02 9.015184936523437500e+02 5.444278717041015625e-01
6.812603759765625000e+02 1.105577392578125000e+03 8.120467662811279297e-01
4.353888244628906250e+02 1.556037597656250000e+03 7.284802198410034180e-01
4.614257507324218750e+02 8.700117797851562500e+02 4.315304458141326904e-01
7.547511596679687500e+02 1.000972167968750000e+03 7.545469999313354492e-01
6.028507080078125000e+02 1.267993041992187500e+03 6.738235056400299072e-02
8.595340576171875000e+02 2.726395263671875000e+02 8.958228826522827148e-01
0.000000000000000000e+00 0.000000000000000000e+00 0.000000000000000000e+00
7.441981811523437500e+02 2.414519500732421875e+02 8.276951313018798828e-01
0.000000000000000000e+00 0.000000000000000000e+00 0.000000000000000000e+00
6.498758544921875000e+02 1.341485473632812500e+03 1.305909156799316406e-01
6.447362060546875000e+02 1.336087036132812500e+03 1.249175369739532471e-01
0.000000000000000000e+00 0.000000000000000000e+00 0.000000000000000000e+00
5.452761840820312500e+02 1.676631713867187500e+03 6.302397251129150391e-01
4.981007080078125000e+02 1.676542480468750000e+03 5.494893789291381836e-01
3.932332153320312500e+02 1.571747436523437500e+03 6.822503209114074707e-01
