8.700460815429687500e+02 3.513445129394531250e+02 8.187372088432312012e-01
6.080360107421875000e+02 4.772738647460937500e+02 5.790489912033081055e-01
5.660872802734375000e+02 4.823630371093750000e+02 5.232433676719665527e-01
3.149026794433593750e+02 6.551417236328125000e+02 7.766104936599731445e-01
5.189442138671875000e+02 3.933929138183593750e+02 8.207092285156250000e-01
6.708933105468750000e+02 4.824922180175781250e+02 4.220032989978790283e-01
0.000000000000000000e+00 0.000000000000000000e+00 0.000000000000000000e+00
0.000000000000000000e+00 0.000000000000000000e+00 0.000000000000000000e+00
3.985897216796875000e+02 9.223955688476562500e+02 5.181130766868591309e-01
3.357210083007812500e+02 9.433417358398437500e+02 5.234471559524536133e-01
7.129104614257812500e+02 1.121338745117187500e+03 7.632732391357421875e-01
4.459093933105468750e+02 1.571679809570312500e+03 7.282904982566833496e-01
4.771580810546875000e+02 9.013139038085937500e+02 4.280253052711486816e-01
7.706204833984375000e+02 1.021985412597656250e+03 8.019406199455261230e-01
6.186833496093750000e+02 1.194760620117187500e+03 8.101981878280639648e-02
8.544323730468750000e+02 3.041756896972656250e+02 8.806642293930053711e-01
0.000000000000000000e+00 0.000000000000000000e+00 0.000000000000000000e+00
7.390212402343750000e+02 2.730183410644531250e+02 8.812828660011291504e-01
0.000000000000000000e+00 0.000000000000000000e+00 0.000000000000000000e+00
0.000000000000000000e+00 0.000000000000000000e+00 0.000000000000000000e+00
0.000000000000000000e+00 0.000000000000000000e+00 0.000000000000000000e+00
0.000000000000000000e+00 0.000000000000000000e+00 0.000000000000000000e+00
5.660894775390625000e+02 1.697675170898437500e+03 6.689140200614929199e-01
5.190930175781250000e+02 1.697627075195312500e+03 5.561293959617614746e-01
4.038169250488281250e+02 1.577252075195312500e+03 7.077487707138061523e-01
