8.804617309570312500e+02 3.621097106933593750e+02 7.536068558692932129e-01
6.082224121093750000e+02 4.824900817871093750e+02 5.678356289863586426e-01
5.610079956054687500e+02 4.822980957031250000e+02 6.322646141052246094e-01
3.461487121582031250e+02 6.813706054687500000e+02 7.641015648841857910e-01
5.452527465820312500e+02 3.986041259765625000e+02 7.967671155929565430e-01
6.761730346679687500e+02 4.876934204101562500e+02 4.461336135864257812e-01
0.000000000000000000e+00 0.000000000000000000e+00 0.000000000000000000e+00
0.000000000000000000e+00 0.000000000000000000e+00 0.000000000000000000e+00
4.091064147949218750e+02 9.380631103515625000e+02 5.180691480636596680e-01
3.409874267578125000e+02 9.537261962890625000e+02 5.013710260391235352e-01
7.023726806640625000e+02 1.142445434570312500e+03 7.936736345291137695e-01
4.509688415527343750e+02 1.571996459960937500e+03 7.222206592559814453e-01
4.876295776367187500e+02 9.171359252929687500e+02 4.217577576637268066e-01
7.755144653320312500e+02 1.032278320312500000e+03 7.945683598518371582e-01
6.185509643554687500e+02 1.194665405273437500e+03 8.427841961383819580e-02
8.597032470703125000e+02 3.149010314941406250e+02 8.533525466918945312e-01
0.000000000000000000e+00 0.000000000000000000e+00 0.000000000000000000e+00
7.494697265625000000e+02 2.989862365722656250e+02 8.075569272041320801e-01
0.000000000000000000e+00 0.000000000000000000e+00 0.000000000000000000e+00
0.000000000000000000e+00 0.000000000000000000e+00 0.000000000000000000e+00
0.000000000000000000e+00 0.000000000000000000e+00 0.000000000000000000e+00
0.000000000000000000e+00 0.000000000000000000e+00 0.000000000000000000e+00
5.661877441406250000e+02 1.718523437500000000e+03 6.454466581344604492e-01
5.191459960937500000e+02 1.713310791015625000e+03 5.334311127662658691e-01
4.038436889648437500e+02 1.592738403320312500e+03 6.579448580741882324e-01
