7.966738891601562500e+02 7.337577514648437500e+02 9.086398482322692871e-01
6.186824340820312500e+02 8.122757568359375000e+02 6.505663394927978516e-01
6.237355346679687500e+02 8.178251953125000000e+02 8.286299109458923340e-01
5.188073730468750000e+02 1.001028747558593750e+03 8.888039588928222656e-01
6.500592651367187500e+02 8.857003173828125000e+02 8.628497123718261719e-01
6.239061889648437500e+02 7.810653076171875000e+02 5.363938212394714355e-01
0.000000000000000000e+00 0.000000000000000000e+00 0.000000000000000000e+00
0.000000000000000000e+00 0.000000000000000000e+00 0.000000000000000000e+00
3.305409851074218750e+02 1.021999633789062500e+03 6.181119084358215332e-01
3.199425354003906250e+02 1.032495361328125000e+03 7.012699842453002930e-01
6.078664550781250000e+02 1.195044433593750000e+03 9.183716177940368652e-01
4.717362060546875000e+02 1.482551879882812500e+03 8.227266669273376465e-01
3.461002807617187500e+02 1.006156127929687500e+03 4.487571120262145996e-01
5.924099731445312500e+02 1.110735351562500000e+03 8.638825416564941406e-01
4.614840393066406250e+02 1.362481445312500000e+03 7.902019023895263672e-01
7.808915405273437500e+02 7.179730834960937500e+02 8.874851465225219727e-01
0.000000000000000000e+00 0.000000000000000000e+00 0.000000000000000000e+00
7.233822021484375000e+02 7.231964721679687500e+02 9.099988937377929688e-01
0.000000000000000000e+00 0.000000000000000000e+00 0.000000000000000000e+00
5.663760986328125000e+02 1.393793090820312500e+03 7.019927501678466797e-01
5.661729736328125000e+02 1.383356079101562500e+03 6.839363574981689453e-01
4.299981079101562500e+02 1.388550903320312500e+03 8.498347401618957520e-01
5.870863647460937500e+02 1.519516723632812500e+03 7.813248634338378906e-01
5.607769775390625000e+02 1.529795043945312500e+03 8.571693301200866699e-01
4.352350463867187500e+02 1.493210083007812500e+03 8.545922040939331055e-01
