1.105161666870117188e+02 6.446926269531250000e+02 9.086753129959106445e-01
3.096692199707031250e+02 7.391447143554687500e+02 6.608240604400634766e-01
2.937637939453125000e+02 7.338404541015625000e+02 4.691701233386993408e-01
0.000000000000000000e+00 0.000000000000000000e+00 0.000000000000000000e+00
0.000000000000000000e+00 0.000000000000000000e+00 0.000000000000000000e+00
3.304522399902343750e+02 7.496107788085937500e+02 7.568128705024719238e-01
4.928485107421875000e+02 9.383156127929687500e+02 9.033249616622924805e-01
2.781716003417968750e+02 8.332719726562500000e+02 8.279637098312377930e-01
5.871985473632812500e+02 1.069004394531250000e+03 6.195573210716247559e-01
5.557258300781250000e+02 1.063602294921875000e+03 4.771190285682678223e-01
3.304833679199218750e+02 1.116334838867187500e+03 8.048220872879028320e-01
5.084779357910156250e+02 1.388460571289062500e+03 7.812299728393554688e-01
6.133839111328125000e+02 1.079619506835937500e+03 6.598349213600158691e-01
3.410220947265625000e+02 1.320221313476562500e+03 8.788074851036071777e-01
5.296805419921875000e+02 1.566572753906250000e+03 8.195697069168090820e-01
0.000000000000000000e+00 0.000000000000000000e+00 0.000000000000000000e+00
1.418668823242187500e+02 6.135506591796875000e+02 8.898657560348510742e-01
0.000000000000000000e+00 0.000000000000000000e+00 0.000000000000000000e+00
2.254474487304687500e+02 6.501500244140625000e+02 9.187359809875488281e-01
4.350524291992187500e+02 1.686884887695312500e+03 7.989438772201538086e-01
4.770397338867187500e+02 1.681921142578125000e+03 7.103334665298461914e-01
5.715098876953125000e+02 1.571857666015625000e+03 8.270794153213500977e-01
4.927986450195312500e+02 1.435678466796875000e+03 1.010707691311836243e-01
0.000000000000000000e+00 0.000000000000000000e+00 0.000000000000000000e+00
5.294854736328125000e+02 1.399095581054687500e+03 8.486930131912231445e-01
