8.438737182617187500e+02 5.451480712890625000e+02 8.338115215301513672e-01
6.498001708984375000e+02 6.866732177734375000e+02 6.967442035675048828e-01
6.184799804687500000e+02 6.917201538085937500e+02 7.304138541221618652e-01
4.769398193359375000e+02 9.435986938476562500e+02 8.605359196662902832e-01
6.343260498046875000e+02 7.495552978515625000e+02 7.810684442520141602e-01
6.865161132812500000e+02 6.866610717773437500e+02 6.206356883049011230e-01
0.000000000000000000e+00 0.000000000000000000e+00 0.000000000000000000e+00
0.000000000000000000e+00 0.000000000000000000e+00 0.000000000000000000e+00
3.461540832519531250e+02 9.799921875000000000e+02 6.049817800521850586e-01
3.042398986816406250e+02 9.853467407226562500e+02 6.407467722892761230e-01
5.975465087890625000e+02 1.262787719726562500e+03 7.970223426818847656e-01
4.875606994628906250e+02 1.587505859375000000e+03 7.942059636116027832e-01
3.933218078613281250e+02 9.746165771484375000e+02 5.035139918327331543e-01
5.924337768554687500e+02 1.126578613281250000e+03 7.958863973617553711e-01
5.084591064453125000e+02 1.404225219726562500e+03 7.676618695259094238e-01
8.175189819335937500e+02 5.189193115234375000e+02 9.311425685882568359e-01
0.000000000000000000e+00 0.000000000000000000e+00 0.000000000000000000e+00
7.339226074218750000e+02 5.245568847656250000e+02 7.236967086791992188e-01
0.000000000000000000e+00 0.000000000000000000e+00 0.000000000000000000e+00
6.080008544921875000e+02 1.435593261718750000e+03 5.074780583381652832e-01
6.079060668945312500e+02 1.425275634765625000e+03 5.169024467468261719e-01
4.561942138671875000e+02 1.435567626953125000e+03 6.071246862411499023e-01
6.238983154296875000e+02 1.655469848632812500e+03 7.826417088508605957e-01
5.766832885742187500e+02 1.660926391601562500e+03 7.480804324150085449e-01
4.509839477539062500e+02 1.608691406250000000e+03 7.510517835617065430e-01
