8.699730224609375000e+02 4.091413574218750000e+02 8.066438436508178711e-01
6.079434204101562500e+02 5.033228454589843750e+02 6.020348668098449707e-01
5.556860961914062500e+02 4.980419006347656250e+02 5.515330433845520020e-01
3.460445861816406250e+02 6.919924316406250000e+02 8.107523322105407715e-01
5.400350952148437500e+02 4.350007019042968750e+02 7.946545481681823730e-01
6.761825561523437500e+02 5.085194702148437500e+02 4.742693603038787842e-01
0.000000000000000000e+00 0.000000000000000000e+00 0.000000000000000000e+00
0.000000000000000000e+00 0.000000000000000000e+00 0.000000000000000000e+00
3.985654296875000000e+02 9.485319824218750000e+02 5.342724919319152832e-01
3.253141479492187500e+02 9.745811767578125000e+02 5.182106494903564453e-01
6.972653198242187500e+02 1.147408935546875000e+03 8.121462464332580566e-01
4.561173095703125000e+02 1.592847167968750000e+03 6.794646382331848145e-01
4.771065979003906250e+02 9.380470581054687500e+02 4.340755045413970947e-01
7.704478149414062500e+02 1.032446289062500000e+03 8.096345067024230957e-01
0.000000000000000000e+00 0.000000000000000000e+00 0.000000000000000000e+00
8.597015380859375000e+02 3.568482971191406250e+02 8.738059401512145996e-01
0.000000000000000000e+00 0.000000000000000000e+00 0.000000000000000000e+00
7.547795410156250000e+02 3.251813049316406250e+02 8.249307870864868164e-01
0.000000000000000000e+00 0.000000000000000000e+00 0.000000000000000000e+00
0.000000000000000000e+00 0.000000000000000000e+00 0.000000000000000000e+00
0.000000000000000000e+00 0.000000000000000000e+00 0.000000000000000000e+00
0.000000000000000000e+00 0.000000000000000000e+00 0.000000000000000000e+00
5.713820800781250000e+02 1.728921142578125000e+03 6.197501420974731445e-01
5.294713745117187500e+02 1.728842651367187500e+03 4.993408322334289551e-01
4.038661193847656250e+02 1.613597656250000000e+03 6.674593091011047363e-01
