8.120779418945312500e+02 8.121032714843750000e+02 9.136526584625244141e-01
6.395316772460937500e+02 9.431682128906250000e+02 7.551020383834838867e-01
6.132490234375000000e+02 9.485565185546875000e+02 7.661408782005310059e-01
4.877479248046875000e+02 1.231488647460937500e+03 8.963843584060668945e-01
6.027487182617187500e+02 1.037641601562500000e+03 5.529198646545410156e-01
6.657111816406250000e+02 9.379315795898437500e+02 6.036194562911987305e-01
0.000000000000000000e+00 0.000000000000000000e+00 0.000000000000000000e+00
0.000000000000000000e+00 0.000000000000000000e+00 0.000000000000000000e+00
4.038150634765625000e+02 1.273182006835937500e+03 5.888065099716186523e-01
3.827826843261718750e+02 1.299563354492187500e+03 6.481873393058776855e-01
7.286529541015625000e+02 1.404316284179687500e+03 8.964108824729919434e-01
5.137868041992187500e+02 1.650601562500000000e+03 8.451972007751464844e-01
4.300484008789062500e+02 1.231450683593750000e+03 4.415669739246368408e-01
6.919373168945312500e+02 1.231594482421875000e+03 8.813965916633605957e-01
5.192694702148437500e+02 1.482737060546875000e+03 8.410512208938598633e-01
7.809002075195312500e+02 7.759028320312500000e+02 9.091638922691345215e-01
0.000000000000000000e+00 0.000000000000000000e+00 0.000000000000000000e+00
7.075827026367187500e+02 7.967075195312500000e+02 7.041707038879394531e-01
0.000000000000000000e+00 0.000000000000000000e+00 0.000000000000000000e+00
5.767543334960937500e+02 1.498476074218750000e+03 2.402422279119491577e-01
5.714394531250000000e+02 1.482914916992187500e+03 2.427593618631362915e-01
4.823926696777343750e+02 1.493311523437500000e+03 8.620378971099853516e-01
6.342589111328125000e+02 1.728791992187500000e+03 7.109842300415039062e-01
5.923629150390625000e+02 1.734104736328125000e+03 7.323446869850158691e-01
4.768624267578125000e+02 1.655934082031250000e+03 8.205443024635314941e-01
