7.913632812500000000e+02 7.495574951171875000e+02 8.489035367965698242e-01
6.186577758789062500e+02 8.960714111328125000e+02 7.763399481773376465e-01
5.975177612304687500e+02 8.959645996093750000e+02 7.903934717178344727e-01
4.825174560546875000e+02 1.189240722656250000e+03 9.136009216308593750e-01
5.819588012695312500e+02 9.852408447265625000e+02 7.721500992774963379e-01
6.552687988281250000e+02 8.960682983398437500e+02 7.635896801948547363e-01
6.449418945312500000e+02 1.068983642578125000e+03 1.336749494075775146e-01
6.080499267578125000e+02 1.111115356445312500e+03 4.772810637950897217e-01
4.142709045410156250e+02 1.231331665039062500e+03 5.988345146179199219e-01
3.827710571289062500e+02 1.247110717773437500e+03 6.485912203788757324e-01
7.284031982421875000e+02 1.404244018554687500e+03 8.836699724197387695e-01
5.137663574218750000e+02 1.655719360351562500e+03 8.423127532005310059e-01
4.509438781738281250e+02 1.200071533203125000e+03 4.625829160213470459e-01
6.917539672851562500e+02 1.236662963867187500e+03 8.799291253089904785e-01
5.190944824218750000e+02 1.482788818359375000e+03 8.490851521492004395e-01
7.704781494140625000e+02 7.285709838867187500e+02 9.526013135910034180e-01
0.000000000000000000e+00 0.000000000000000000e+00 0.000000000000000000e+00
6.868469848632812500e+02 7.340765991210937500e+02 7.958675026893615723e-01
0.000000000000000000e+00 0.000000000000000000e+00 0.000000000000000000e+00
5.766220703125000000e+02 1.503684204101562500e+03 2.776099145412445068e-01
5.713955078125000000e+02 1.482941650390625000e+03 2.814594209194183350e-01
4.824320983886718750e+02 1.498519531250000000e+03 8.881840109825134277e-01
6.290233154296875000e+02 1.728799194335937500e+03 7.018682360649108887e-01
5.923089599609375000e+02 1.734113891601562500e+03 7.274399995803833008e-01
4.769342346191406250e+02 1.666066406250000000e+03 8.039199113845825195e-01
