1.419425506591796875e+02 6.812802734375000000e+02 9.271393418312072754e-01
3.201034545898437500e+02 7.754956665039062500e+02 6.915906667709350586e-01
3.094265747070312500e+02 7.705414428710937500e+02 5.314050316810607910e-01
0.000000000000000000e+00 0.000000000000000000e+00 0.000000000000000000e+00
0.000000000000000000e+00 0.000000000000000000e+00 0.000000000000000000e+00
3.512865905761718750e+02 7.754841918945312500e+02 8.471013307571411133e-01
5.242943725585937500e+02 9.590275878906250000e+02 8.713439106941223145e-01
3.094867553710937500e+02 8.594085083007812500e+02 9.261007905006408691e-01
5.975514526367187500e+02 1.105666381835937500e+03 6.338883638381958008e-01
5.556524658203125000e+02 1.095112426757812500e+03 4.813559055328369141e-01
3.513369445800781250e+02 1.152609619140625000e+03 8.351179361343383789e-01
5.137832031250000000e+02 1.404357421875000000e+03 7.923670411109924316e-01
6.342396850585937500e+02 1.116084594726562500e+03 6.655785441398620605e-01
3.566078491210937500e+02 1.356922851562500000e+03 8.949664235115051270e-01
5.348868408203125000e+02 1.587616455078125000e+03 7.575083374977111816e-01
0.000000000000000000e+00 0.000000000000000000e+00 0.000000000000000000e+00
1.680474700927734375e+02 6.499976806640625000e+02 8.749051690101623535e-01
0.000000000000000000e+00 0.000000000000000000e+00 0.000000000000000000e+00
2.415012359619140625e+02 6.866671142578125000e+02 8.941949009895324707e-01
4.351911926269531250e+02 1.702731811523437500e+03 7.819277048110961914e-01
4.772516479492187500e+02 1.702712158203125000e+03 6.915357708930969238e-01
5.767796020507812500e+02 1.603187133789062500e+03 7.860339879989624023e-01
5.240951538085937500e+02 1.446037109375000000e+03 8.254502713680267334e-02
0.000000000000000000e+00 0.000000000000000000e+00 0.000000000000000000e+00
5.347941284179687500e+02 1.425197875976562500e+03 7.647468447685241699e-01
