8.803997802734375000e+02 3.933038024902343750e+02 7.981216907501220703e-01
6.080488891601562500e+02 5.033200683593750000e+02 5.635498762130737305e-01
5.766181640625000000e+02 5.137319946289062500e+02 4.651497602462768555e-01
3.512643737792968750e+02 6.917400512695312500e+02 8.116724491119384766e-01
5.451425781250000000e+02 4.350346069335937500e+02 7.948809862136840820e-01
6.605350341796875000e+02 4.980977478027343750e+02 4.213515222072601318e-01
0.000000000000000000e+00 0.000000000000000000e+00 0.000000000000000000e+00
0.000000000000000000e+00 0.000000000000000000e+00 0.000000000000000000e+00
3.984739379882812500e+02 9.433536376953125000e+02 5.221660137176513672e-01
3.252391052246093750e+02 9.694512329101562500e+02 5.104559659957885742e-01
6.972751464843750000e+02 1.147407592773437500e+03 8.037313222885131836e-01
4.510222473144531250e+02 1.597952514648437500e+03 6.981816291809082031e-01
4.719521179199218750e+02 9.327208862304687500e+02 4.043443202972412109e-01
7.704613647460937500e+02 1.032361206054687500e+03 8.139004111289978027e-01
6.290733642578125000e+02 1.236661254882812500e+03 8.925895392894744873e-02
8.597064208984375000e+02 3.462455749511718750e+02 8.705189228057861328e-01
0.000000000000000000e+00 0.000000000000000000e+00 0.000000000000000000e+00
7.650119018554687500e+02 3.149895629882812500e+02 8.499943017959594727e-01
0.000000000000000000e+00 0.000000000000000000e+00 0.000000000000000000e+00
0.000000000000000000e+00 0.000000000000000000e+00 0.000000000000000000e+00
0.000000000000000000e+00 0.000000000000000000e+00 0.000000000000000000e+00
0.000000000000000000e+00 0.000000000000000000e+00 0.000000000000000000e+00
5.660535888671875000e+02 1.728860351562500000e+03 6.438708305358886719e-01
5.191084594726562500e+02 1.723623168945312500e+03 5.221324563026428223e-01
4.038725891113281250e+02 1.608659057617187500e+03 6.699210405349731445e-01
