8.648339843750000000e+02 3.304710083007812500e+02 8.201839327812194824e-01
6.081187744140625000e+02 4.665944213867187500e+02 5.839614868164062500e-01
5.608146972656250000e+02 4.456534729003906250e+02 5.857009291648864746e-01
3.150265502929687500e+02 6.446950683593750000e+02 7.956118583679199219e-01
5.241912841796875000e+02 3.776328430175781250e+02 8.113674521446228027e-01
6.813041381835937500e+02 4.822862548828125000e+02 4.853637516498565674e-01
0.000000000000000000e+00 0.000000000000000000e+00 0.000000000000000000e+00
0.000000000000000000e+00 0.000000000000000000e+00 0.000000000000000000e+00
3.932716674804687500e+02 9.066041259765625000e+02 5.198706388473510742e-01
3.200876770019531250e+02 9.328178100585937500e+02 5.153008103370666504e-01
6.971719360351562500e+02 1.110883422851562500e+03 8.352823257446289062e-01
4.405325012207031250e+02 1.545717041015625000e+03 7.108799815177917480e-01
4.667106323242187500e+02 8.909862670898437500e+02 4.055482745170593262e-01
7.703120117187500000e+02 1.001000610351562500e+03 7.744635939598083496e-01
6.082561645507812500e+02 1.189553100585937500e+03 7.631013542413711548e-02
8.544834594726562500e+02 2.781320190429687500e+02 8.894817233085632324e-01
0.000000000000000000e+00 0.000000000000000000e+00 0.000000000000000000e+00
7.392205200195312500e+02 2.624411621093750000e+02 8.572483658790588379e-01
0.000000000000000000e+00 0.000000000000000000e+00 0.000000000000000000e+00
0.000000000000000000e+00 0.000000000000000000e+00 0.000000000000000000e+00
0.000000000000000000e+00 0.000000000000000000e+00 0.000000000000000000e+00
0.000000000000000000e+00 0.000000000000000000e+00 0.000000000000000000e+00
5.400668334960937500e+02 1.686958251953125000e+03 6.096709370613098145e-01
4.981204528808593750e+02 1.681859130859375000e+03 5.117264986038208008e-01
3.934847717285156250e+02 1.566536621093750000e+03 6.703233122825622559e-01
