8.752045288085937500e+02 4.246892700195312500e+02 7.698056101799011230e-01
6.079628906250000000e+02 4.981775512695312500e+02 5.671659111976623535e-01
5.504564819335937500e+02 4.876604919433593750e+02 5.493931174278259277e-01
3.462324218750000000e+02 6.920386352539062500e+02 7.972392439842224121e-01
5.399897460937500000e+02 4.300898742675781250e+02 7.831097245216369629e-01
6.812653808593750000e+02 5.137829589843750000e+02 4.485054612159729004e-01
0.000000000000000000e+00 0.000000000000000000e+00 0.000000000000000000e+00
0.000000000000000000e+00 0.000000000000000000e+00 0.000000000000000000e+00
3.986297302246093750e+02 9.484774780273437500e+02 5.273953676223754883e-01
3.253043823242187500e+02 9.695566406250000000e+02 5.088374018669128418e-01
7.023158569335937500e+02 1.147604248046875000e+03 8.222652673721313477e-01
4.561544189453125000e+02 1.592860839843750000e+03 6.642112135887145996e-01
4.772354125976562500e+02 9.379554443359375000e+02 4.309471845626831055e-01
7.705350952148437500e+02 1.037639770507812500e+03 7.905123829841613770e-01
6.184962768554687500e+02 1.210456787109375000e+03 8.200264722108840942e-02
8.648201904296875000e+02 3.670776062011718750e+02 8.121239542961120605e-01
0.000000000000000000e+00 0.000000000000000000e+00 0.000000000000000000e+00
7.599723510742187500e+02 3.304053344726562500e+02 8.076916337013244629e-01
0.000000000000000000e+00 0.000000000000000000e+00 0.000000000000000000e+00
0.000000000000000000e+00 0.000000000000000000e+00 0.000000000000000000e+00
0.000000000000000000e+00 0.000000000000000000e+00 0.000000000000000000e+00
0.000000000000000000e+00 0.000000000000000000e+00 0.000000000000000000e+00
5.662055664062500000e+02 1.734257324218750000e+03 6.084868907928466797e-01
5.190554809570312500e+02 1.734184692382812500e+03 4.589379727840423584e-01
4.039161682128906250e+02 1.608609741210937500e+03 6.686040759086608887e-01
