8.649371948242187500e+02 3.200231628417968750e+02 8.126307129859924316e-01
6.027548828125000000e+02 4.352159118652343750e+02 5.694264173507690430e-01
5.556585693359375000e+02 4.247765808105468750e+02 5.371891260147094727e-01
3.148593444824218750e+02 6.030148925781250000e+02 8.101999163627624512e-01
5.295320434570312500e+02 3.462692871093750000e+02 7.960304617881774902e-01
6.605551147460937500e+02 4.456975097656250000e+02 4.390687644481658936e-01
0.000000000000000000e+00 0.000000000000000000e+00 0.000000000000000000e+00
0.000000000000000000e+00 0.000000000000000000e+00 0.000000000000000000e+00
3.828951110839843750e+02 8.908836669921875000e+02 5.396860837936401367e-01
3.147287597656250000e+02 9.015693969726562500e+02 5.548779368400573730e-01
6.709011230468750000e+02 1.105593505859375000e+03 7.978167533874511719e-01
4.354300842285156250e+02 1.540506469726562500e+03 7.200940251350402832e-01
4.614262695312500000e+02 8.647971801757812500e+02 4.392493367195129395e-01
7.495114135742187500e+02 9.956210327148437500e+02 7.481855154037475586e-01
6.026655883789062500e+02 1.231415527343750000e+03 8.172833174467086792e-02
8.593881225585937500e+02 2.726332092285156250e+02 9.068733453750610352e-01
0.000000000000000000e+00 0.000000000000000000e+00 0.000000000000000000e+00
7.442529296875000000e+02 2.362846069335937500e+02 8.399229645729064941e-01
0.000000000000000000e+00 0.000000000000000000e+00 0.000000000000000000e+00
0.000000000000000000e+00 0.000000000000000000e+00 0.000000000000000000e+00
0.000000000000000000e+00 0.000000000000000000e+00 0.000000000000000000e+00
0.000000000000000000e+00 0.000000000000000000e+00 0.000000000000000000e+00
5.295084838867187500e+02 1.681844604492187500e+03 5.902767181396484375e-01
4.771514282226562500e+02 1.676516601562500000e+03 4.747855961322784424e-01
3.931143493652343750e+02 1.566563842773437500e+03 6.574781537055969238e-01
