7.967310180664062500e+02 7.335971679687500000e+02 9.053189158439636230e-01
6.237449951171875000e+02 8.121568603515625000e+02 6.275615096092224121e-01
6.186478881835937500e+02 8.176486816406250000e+02 8.513036966323852539e-01
5.187520751953125000e+02 9.957734985351562500e+02 8.628815412521362305e-01
6.552084960937500000e+02 8.699788818359375000e+02 8.572903871536254883e-01
6.290314941406250000e+02 7.810499267578125000e+02 5.186263322830200195e-01
0.000000000000000000e+00 0.000000000000000000e+00 0.000000000000000000e+00
0.000000000000000000e+00 0.000000000000000000e+00 0.000000000000000000e+00
3.409021911621093750e+02 1.021714904785156250e+03 6.432954072952270508e-01
3.150036621093750000e+02 1.027209716796875000e+03 7.448809742927551270e-01
6.030431518554687500e+02 1.199915527343750000e+03 9.174272418022155762e-01
4.717452392578125000e+02 1.477685424804687500e+03 8.213876485824584961e-01
3.514513854980468750e+02 9.958088378906250000e+02 4.833201467990875244e-01
5.923914794921875000e+02 1.110736450195312500e+03 8.774074316024780273e-01
4.666109924316406250e+02 1.362425048828125000e+03 7.911915779113769531e-01
7.809601440429687500e+02 7.024802246093750000e+02 8.750011324882507324e-01
0.000000000000000000e+00 0.000000000000000000e+00 0.000000000000000000e+00
7.234293823242187500e+02 7.076190185546875000e+02 8.845601677894592285e-01
0.000000000000000000e+00 0.000000000000000000e+00 0.000000000000000000e+00
5.664145507812500000e+02 1.393765869140625000e+03 7.124056816101074219e-01
5.661993408203125000e+02 1.383305175781250000e+03 6.989465951919555664e-01
4.300479736328125000e+02 1.388502197265625000e+03 8.413480520248413086e-01
5.871365966796875000e+02 1.519543701171875000e+03 7.817119359970092773e-01
5.608130493164062500e+02 1.529804321289062500e+03 8.623502850532531738e-01
4.352309265136718750e+02 1.493220581054687500e+03 8.551514744758605957e-01
