7.758047485351562500e+02 7.127583007812500000e+02 8.956183195114135742e-01
6.081495971679687500e+02 8.544213867187500000e+02 7.712355852127075195e-01
5.767460327148437500e+02 8.542409057617187500e+02 7.693737149238586426e-01
4.822057495117187500e+02 1.147659790039062500e+03 9.021289944648742676e-01
5.662192993164062500e+02 9.433966674804687500e+02 7.547811865806579590e-01
6.448889770507812500e+02 8.544421386718750000e+02 7.222124338150024414e-01
6.289620361328125000e+02 1.032289428710937500e+03 1.444243639707565308e-01
5.768045654296875000e+02 1.105494995117187500e+03 2.858978509902954102e-01
4.090083618164062500e+02 1.194811645507812500e+03 6.388007402420043945e-01
3.619804077148437500e+02 1.220920532226562500e+03 6.470558047294616699e-01
7.180559082031250000e+02 1.398861816406250000e+03 8.493680953979492188e-01
5.188925781250000000e+02 1.655847412109375000e+03 8.498119115829467773e-01
4.510371398925781250e+02 1.184120849609375000e+03 5.274922847747802734e-01
6.865551757812500000e+02 1.236513671875000000e+03 8.947760462760925293e-01
5.190202026367187500e+02 1.482915771484375000e+03 8.593505620956420898e-01
7.650582275390625000e+02 6.865076904296875000e+02 8.957366347312927246e-01
0.000000000000000000e+00 0.000000000000000000e+00 0.000000000000000000e+00
6.762293090820312500e+02 6.920134887695312500e+02 7.360326051712036133e-01
0.000000000000000000e+00 0.000000000000000000e+00 0.000000000000000000e+00
5.661980590820312500e+02 1.524526977539062500e+03 1.674925088882446289e-01
5.607853393554687500e+02 1.488233642578125000e+03 1.421352922916412354e-01
4.824015808105468750e+02 1.503831909179687500e+03 8.913371562957763672e-01
6.446670532226562500e+02 1.733978149414062500e+03 7.389176487922668457e-01
6.027319946289062500e+02 1.739296752929687500e+03 7.578380107879638672e-01
4.771274414062500000e+02 1.666264770507812500e+03 8.017623424530029297e-01
