7.966721191406250000e+02 7.284748535156250000e+02 8.869142532348632812e-01
6.133652343750000000e+02 8.017736206054687500e+02 6.496788859367370605e-01
6.133385009765625000e+02 8.125702514648437500e+02 8.985179662704467773e-01
5.188238525390625000e+02 9.854556274414062500e+02 9.163340926170349121e-01
6.551360473632812500e+02 8.595657348632812500e+02 9.035797715187072754e-01
6.185726928710937500e+02 7.755075683593750000e+02 5.643598437309265137e-01
0.000000000000000000e+00 0.000000000000000000e+00 0.000000000000000000e+00
0.000000000000000000e+00 0.000000000000000000e+00 0.000000000000000000e+00
3.304865112304687500e+02 1.016554565429687500e+03 6.329249739646911621e-01
3.200900573730468750e+02 1.027071533203125000e+03 7.425475716590881348e-01
6.030059814453125000e+02 1.199932739257812500e+03 9.155620932579040527e-01
4.717102050781250000e+02 1.482605468750000000e+03 8.233948349952697754e-01
3.357740783691406250e+02 9.904016113281250000e+02 4.782860875129699707e-01
5.923981323242187500e+02 1.110741943359375000e+03 8.770714998245239258e-01
4.665733032226562500e+02 1.362387451171875000e+03 7.895830869674682617e-01
7.809328002929687500e+02 6.970624389648437500e+02 9.044205546379089355e-01
0.000000000000000000e+00 0.000000000000000000e+00 0.000000000000000000e+00
7.283264160156250000e+02 6.971707763671875000e+02 9.236235618591308594e-01
0.000000000000000000e+00 0.000000000000000000e+00 0.000000000000000000e+00
5.664130249023437500e+02 1.393744628906250000e+03 7.007657885551452637e-01
5.661973266601562500e+02 1.383249755859375000e+03 6.893008351325988770e-01
4.300092468261718750e+02 1.388458984375000000e+03 8.387776017189025879e-01
5.870953979492187500e+02 1.519440307617187500e+03 7.756237983703613281e-01
5.608108520507812500e+02 1.529740478515625000e+03 8.688556551933288574e-01
4.352113952636718750e+02 1.493302856445312500e+03 8.464015722274780273e-01
