9.066186523437500000e+02 1.147522094726562500e+03 8.989906311035156250e-01
6.709205932617187500e+02 1.226064331054687500e+03 6.716129779815673828e-01
6.865446777343750000e+02 1.236584960937500000e+03 8.502067327499389648e-01
6.028416748046875000e+02 1.514121215820312500e+03 8.224384784698486328e-01
7.759817504882812500e+02 1.299499511718750000e+03 8.311358094215393066e-01
6.500012817382812500e+02 1.194620727539062500e+03 5.890526771545410156e-01
0.000000000000000000e+00 0.000000000000000000e+00 0.000000000000000000e+00
0.000000000000000000e+00 0.000000000000000000e+00 0.000000000000000000e+00
3.829063110351562500e+02 1.571927246093750000e+03 4.792270064353942871e-01
3.672370300292968750e+02 1.598053344726562500e+03 5.869579911231994629e-01
7.024768066406250000e+02 1.587600952148437500e+03 7.034950256347656250e-01
5.297155761718750000e+02 1.912369262695312500e+03 5.398877859115600586e-01
3.880637207031250000e+02 1.556141113281250000e+03 3.175782263278961182e-01
7.128654174804687500e+02 1.571828857421875000e+03 2.434072941541671753e-01
5.399823608398437500e+02 1.823337158203125000e+03 2.928846180438995361e-01
8.958878784179687500e+02 1.110825073242187500e+03 9.435886740684509277e-01
0.000000000000000000e+00 0.000000000000000000e+00 0.000000000000000000e+00
8.019297485351562500e+02 1.116324218750000000e+03 8.560408353805541992e-01
0.000000000000000000e+00 0.000000000000000000e+00 0.000000000000000000e+00
6.761662597656250000e+02 1.859778198242187500e+03 1.041178628802299500e-01
0.000000000000000000e+00 0.000000000000000000e+00 0.000000000000000000e+00
4.875623779296875000e+02 1.823131225585937500e+03 2.697170376777648926e-01
6.394430541992187500e+02 1.870338134765625000e+03 1.045315042138099670e-01
5.452510986328125000e+02 1.912472412109375000e+03 1.701962947845458984e-01
5.188855590820312500e+02 1.912392578125000000e+03 3.733828663825988770e-01
