8.491029663085937500e+02 5.190073242187500000e+02 9.051152467727661133e-01
6.498999633789062500e+02 6.656974487304687500e+02 6.287499666213989258e-01
6.186025390625000000e+02 6.657770385742187500e+02 7.227966785430908203e-01
4.772733154296875000e+02 9.119293212890625000e+02 8.462149500846862793e-01
6.394874267578125000e+02 7.233376464843750000e+02 8.255548477172851562e-01
6.864805908203125000e+02 6.656804199218750000e+02 5.434808731079101562e-01
6.498651733398437500e+02 8.438248901367187500e+02 1.016437336802482605e-01
0.000000000000000000e+00 0.000000000000000000e+00 0.000000000000000000e+00
3.514939575195312500e+02 9.590234985351562500e+02 6.051192879676818848e-01
3.093345031738281250e+02 9.797946777343750000e+02 6.606085300445556641e-01
5.715422973632812500e+02 1.236877807617187500e+03 7.781319022178649902e-01
4.875777587890625000e+02 1.582254028320312500e+03 7.968196868896484375e-01
4.038474121093750000e+02 9.434227905273437500e+02 5.265300869941711426e-01
5.767921142578125000e+02 1.116341430664062500e+03 7.881693243980407715e-01
5.188538208007812500e+02 1.398914550781250000e+03 7.443605661392211914e-01
8.178855590820312500e+02 4.875548095703125000e+02 8.952419161796569824e-01
0.000000000000000000e+00 0.000000000000000000e+00 0.000000000000000000e+00
7.389793090820312500e+02 5.188475952148437500e+02 7.022153139114379883e-01
0.000000000000000000e+00 0.000000000000000000e+00 0.000000000000000000e+00
6.083085937500000000e+02 1.435507812500000000e+03 7.482590675354003906e-01
6.080512084960937500e+02 1.414840942382812500e+03 7.380045056343078613e-01
4.614304809570312500e+02 1.419929077148437500e+03 4.804238379001617432e-01
6.290864257812500000e+02 1.650419677734375000e+03 7.918660640716552734e-01
5.818566894531250000e+02 1.655893188476562500e+03 7.511145472526550293e-01
4.510773010253906250e+02 1.608550048828125000e+03 7.620376348495483398e-01
