7.913715209960937500e+02 6.865155029296875000e+02 8.887954354286193848e-01
6.186951293945312500e+02 7.703291015625000000e+02 6.194112300872802734e-01
6.237332763671875000e+02 7.756948242187500000e+02 8.576996326446533203e-01
5.190689086914062500e+02 9.745450439453125000e+02 9.013981819152832031e-01
6.502119140625000000e+02 8.229084472656250000e+02 8.730447888374328613e-01
6.238627929687500000e+02 7.392251586914062500e+02 5.077645182609558105e-01
0.000000000000000000e+00 0.000000000000000000e+00 0.000000000000000000e+00
0.000000000000000000e+00 0.000000000000000000e+00 0.000000000000000000e+00
3.462372741699218750e+02 9.904924926757812500e+02 6.351851224899291992e-01
3.304196166992187500e+02 1.016516235351562500e+03 6.970420479774475098e-01
6.078910522460937500e+02 1.199942016601562500e+03 9.165472984313964844e-01
4.718457031250000000e+02 1.477636596679687500e+03 8.256121873855590820e-01
3.619006347656250000e+02 9.799134521484375000e+02 4.756034016609191895e-01
5.974540405273437500e+02 1.110707519531250000e+03 8.787422776222229004e-01
4.614693603515625000e+02 1.362369262695312500e+03 7.934820055961608887e-01
7.758290405273437500e+02 6.551799926757812500e+02 9.349597692489624023e-01
0.000000000000000000e+00 0.000000000000000000e+00 0.000000000000000000e+00
7.181452636718750000e+02 6.604919433593750000e+02 8.672614097595214844e-01
0.000000000000000000e+00 0.000000000000000000e+00 0.000000000000000000e+00
5.663302001953125000e+02 1.393831787109375000e+03 7.313852310180664062e-01
5.661282348632812500e+02 1.383351196289062500e+03 7.042007446289062500e-01
4.299972534179687500e+02 1.388390869140625000e+03 8.554034829139709473e-01
5.923099365234375000e+02 1.519474121093750000e+03 7.907694578170776367e-01
5.609639282226562500e+02 1.524935180664062500e+03 8.846914172172546387e-01
4.352912597656250000e+02 1.493228271484375000e+03 8.459820151329040527e-01
