7.810033569335937500e+02 7.232595214843750000e+02 8.990887403488159180e-01
6.185368041992187500e+02 8.596705322265625000e+02 7.526899576187133789e-01
6.026370239257812500e+02 8.648335571289062500e+02 7.794260382652282715e-01
4.821441345214843750e+02 1.152890625000000000e+03 9.095958471298217773e-01
5.713237304687500000e+02 9.537427978515625000e+02 7.245555520057678223e-01
6.500325317382812500e+02 8.544171142578125000e+02 7.830675840377807617e-01
6.238449096679687500e+02 1.048007812500000000e+03 1.248847842216491699e-01
0.000000000000000000e+00 0.000000000000000000e+00 0.000000000000000000e+00
4.194630737304687500e+02 1.194980468750000000e+03 6.038373112678527832e-01
3.776835632324218750e+02 1.231240722656250000e+03 6.607810854911804199e-01
7.232362670898437500e+02 1.399067993164062500e+03 8.737220168113708496e-01
5.187877197265625000e+02 1.655694580078125000e+03 8.514744639396667480e-01
4.613916625976562500e+02 1.184096923828125000e+03 4.793542027473449707e-01
6.867058105468750000e+02 1.236461914062500000e+03 8.824790716171264648e-01
5.190484008789062500e+02 1.482933349609375000e+03 8.676897287368774414e-01
7.703197021484375000e+02 6.917695312500000000e+02 9.508351087570190430e-01
0.000000000000000000e+00 0.000000000000000000e+00 0.000000000000000000e+00
6.866892700195312500e+02 6.970359497070312500e+02 8.067519068717956543e-01
0.000000000000000000e+00 0.000000000000000000e+00 0.000000000000000000e+00
5.662303466796875000e+02 1.524719726562500000e+03 2.015994042158126831e-01
5.609622192382812500e+02 1.498488769531250000e+03 1.605545729398727417e-01
4.824259948730468750e+02 1.503679077148437500e+03 8.911235332489013672e-01
6.393831176757812500e+02 1.729056518554687500e+03 7.189190387725830078e-01
5.976054687500000000e+02 1.734343505859375000e+03 7.530973553657531738e-01
4.769927368164062500e+02 1.666104125976562500e+03 8.147881031036376953e-01
