1.733939361572265625e+02 9.590081787109375000e+02 8.407172560691833496e-01
3.828690185546875000e+02 1.000859863281250000e+03 5.897959470748901367e-01
3.828973083496093750e+02 9.801461791992187500e+02 4.392845034599304199e-01
0.000000000000000000e+00 0.000000000000000000e+00 0.000000000000000000e+00
0.000000000000000000e+00 0.000000000000000000e+00 0.000000000000000000e+00
3.880545043945312500e+02 1.021828247070312500e+03 8.032737970352172852e-01
5.294504394531250000e+02 1.189293212890625000e+03 8.936706185340881348e-01
3.097187194824218750e+02 1.105741821289062500e+03 9.114156365394592285e-01
6.501433715820312500e+02 1.309930175781250000e+03 4.665964543819427490e-01
6.448088378906250000e+02 1.289022583007812500e+03 2.850716710090637207e-01
4.352298889160156250e+02 1.283755004882812500e+03 2.156276255846023560e-01
0.000000000000000000e+00 0.000000000000000000e+00 0.000000000000000000e+00
6.657290039062500000e+02 1.325768920898437500e+03 6.312215328216552734e-01
3.513822631835937500e+02 1.398710083007812500e+03 8.386995792388916016e-01
5.664499511718750000e+02 1.598081909179687500e+03 7.811008095741271973e-01
0.000000000000000000e+00 0.000000000000000000e+00 0.000000000000000000e+00
1.890803833007812500e+02 9.381262817382812500e+02 9.453913569450378418e-01
0.000000000000000000e+00 0.000000000000000000e+00 0.000000000000000000e+00
2.727253723144531250e+02 9.485570678710937500e+02 8.880647420883178711e-01
4.719685363769531250e+02 1.708173461914062500e+03 7.136607170104980469e-01
5.189735717773437500e+02 1.708043090820312500e+03 6.851130127906799316e-01
6.132448730468750000e+02 1.608271362304687500e+03 7.841814160346984863e-01
0.000000000000000000e+00 0.000000000000000000e+00 0.000000000000000000e+00
0.000000000000000000e+00 0.000000000000000000e+00 0.000000000000000000e+00
0.000000000000000000e+00 0.000000000000000000e+00 0.000000000000000000e+00
