8.432473754882812500e+01 8.856585693359375000e+02 8.287243843078613281e-01
3.093571472167968750e+02 9.486076660156250000e+02 6.862959861755371094e-01
3.096763610839843750e+02 9.223566894531250000e+02 5.057203769683837891e-01
0.000000000000000000e+00 0.000000000000000000e+00 0.000000000000000000e+00
0.000000000000000000e+00 0.000000000000000000e+00 0.000000000000000000e+00
3.043822021484375000e+02 9.801754760742187500e+02 7.806829214096069336e-01
4.246762695312500000e+02 1.163326660156250000e+03 8.285850286483764648e-01
1.944010314941406250e+02 1.063557861328125000e+03 8.821672201156616211e-01
6.028997802734375000e+02 1.210533325195312500e+03 4.915279746055603027e-01
5.871085815429687500e+02 1.194716064453125000e+03 2.986000776290893555e-01
3.147466125488281250e+02 1.309894653320312500e+03 1.919183433055877686e-01
0.000000000000000000e+00 0.000000000000000000e+00 0.000000000000000000e+00
6.185386962890625000e+02 1.236503417968750000e+03 6.847980618476867676e-01
3.146244506835937500e+02 1.356865722656250000e+03 8.730610609054565430e-01
5.348925781250000000e+02 1.540474975585937500e+03 7.542367577552795410e-01
0.000000000000000000e+00 0.000000000000000000e+00 0.000000000000000000e+00
1.052581787109375000e+02 8.593967895507812500e+02 9.395126700401306152e-01
0.000000000000000000e+00 0.000000000000000000e+00 0.000000000000000000e+00
1.889791107177734375e+02 8.959993286132812500e+02 9.075788259506225586e-01
4.353414916992187500e+02 1.660914916992187500e+03 7.812154293060302734e-01
4.822911682128906250e+02 1.655831298828125000e+03 7.136288285255432129e-01
5.819216308593750000e+02 1.550916870117187500e+03 7.373941540718078613e-01
0.000000000000000000e+00 0.000000000000000000e+00 0.000000000000000000e+00
0.000000000000000000e+00 0.000000000000000000e+00 0.000000000000000000e+00
0.000000000000000000e+00 0.000000000000000000e+00 0.000000000000000000e+00
