1.262906494140625000e+02 6.657835693359375000e+02 8.276080489158630371e-01
3.148229980468750000e+02 7.705018310546875000e+02 7.131652832031250000e-01
3.043526306152343750e+02 7.652777709960937500e+02 5.009507536888122559e-01
4.457011413574218750e+02 8.334340820312500000e+02 6.396986544132232666e-02
0.000000000000000000e+00 0.000000000000000000e+00 0.000000000000000000e+00
3.305484313964843750e+02 7.706402587890625000e+02 7.788654565811157227e-01
5.136463012695312500e+02 9.484901733398437500e+02 8.545925021171569824e-01
2.989652709960937500e+02 8.490813598632812500e+02 8.390148282051086426e-01
5.715299072265625000e+02 1.111086791992187500e+03 6.061517000198364258e-01
5.348425903320312500e+02 1.105728027343750000e+03 4.703958034515380859e-01
3.201573181152343750e+02 1.152938110351562500e+03 8.381007909774780273e-01
4.825868530273437500e+02 1.425106567382812500e+03 7.797650098800659180e-01
6.080541992187500000e+02 1.126720092773437500e+03 6.537709832191467285e-01
3.357184753417968750e+02 1.362409057617187500e+03 8.597066998481750488e-01
5.190297851562500000e+02 1.608396240234375000e+03 8.347408771514892578e-01
0.000000000000000000e+00 0.000000000000000000e+00 0.000000000000000000e+00
1.474673767089843750e+02 6.497717285156250000e+02 9.053348898887634277e-01
0.000000000000000000e+00 0.000000000000000000e+00 0.000000000000000000e+00
2.308856811523437500e+02 6.866872558593750000e+02 9.140741825103759766e-01
4.090508117675781250e+02 1.723676879882812500e+03 7.665001749992370605e-01
4.614812011718750000e+02 1.718501464843750000e+03 6.899457573890686035e-01
5.607800903320312500e+02 1.613822509765625000e+03 7.865331768989562988e-01
5.032396850585937500e+02 1.477526000976562500e+03 1.707327365875244141e-01
5.190108032226562500e+02 1.456701293945312500e+03 1.715909093618392944e-01
5.189837036132812500e+02 1.440827148437500000e+03 8.458632826805114746e-01
