7.966697998046875000e+02 9.854478149414062500e+02 8.421412706375122070e-01
6.185458984375000000e+02 1.105491821289062500e+03 7.607059478759765625e-01
5.662174072265625000e+02 1.105512573242187500e+03 8.106206655502319336e-01
4.666652526855468750e+02 1.325707519531250000e+03 8.364962339401245117e-01
5.976984863281250000e+02 1.152907104492187500e+03 8.526268601417541504e-01
6.813135986328125000e+02 1.105549072265625000e+03 6.050071120262145996e-01
0.000000000000000000e+00 0.000000000000000000e+00 0.000000000000000000e+00
0.000000000000000000e+00 0.000000000000000000e+00 0.000000000000000000e+00
4.351356506347656250e+02 1.477565795898437500e+03 5.621473193168640137e-01
3.933462219238281250e+02 1.503744628906250000e+03 6.254922747611999512e-01
7.336757202148437500e+02 1.498518920898437500e+03 8.336998820304870605e-01
5.607516479492187500e+02 1.781628540039062500e+03 8.049327135086059570e-01
4.823474121093750000e+02 1.441014282226562500e+03 4.769562482833862305e-01
7.180230102539062500e+02 1.435761352539062500e+03 6.917091012001037598e-01
5.243613281250000000e+02 1.692466918945312500e+03 7.603728771209716797e-01
7.757722167968750000e+02 9.694603271484375000e+02 8.707098960876464844e-01
0.000000000000000000e+00 0.000000000000000000e+00 0.000000000000000000e+00
6.918557739257812500e+02 9.800300292968750000e+02 9.247335791587829590e-01
0.000000000000000000e+00 0.000000000000000000e+00 0.000000000000000000e+00
6.392633056640625000e+02 1.713377075195312500e+03 7.386393845081329346e-02
0.000000000000000000e+00 0.000000000000000000e+00 0.000000000000000000e+00
4.826155090332031250e+02 1.702956909179687500e+03 6.636498570442199707e-01
6.920451660156250000e+02 1.839050659179687500e+03 6.856293678283691406e-01
6.552832641601562500e+02 1.859774658203125000e+03 7.025272250175476074e-01
5.187674560546875000e+02 1.812696533203125000e+03 7.903973460197448730e-01
