8.700253295898437500e+02 4.246425170898437500e+02 7.963730692863464355e-01
6.081023559570312500e+02 4.928762817382812500e+02 5.836517810821533203e-01
5.608374633789062500e+02 4.825374755859375000e+02 5.640776753425598145e-01
3.460192260742187500e+02 6.919856567382812500e+02 7.962063550949096680e-01
5.453299560546875000e+02 4.299655761718750000e+02 7.770468592643737793e-01
6.761790771484375000e+02 5.033128051757812500e+02 4.706102907657623291e-01
0.000000000000000000e+00 0.000000000000000000e+00 0.000000000000000000e+00
0.000000000000000000e+00 0.000000000000000000e+00 0.000000000000000000e+00
3.934063415527343750e+02 9.484772338867187500e+02 5.213980078697204590e-01
3.200783691406250000e+02 9.694978637695312500e+02 4.973697364330291748e-01
6.972744750976562500e+02 1.147544555664062500e+03 8.209604024887084961e-01
4.561818237304687500e+02 1.603091064453125000e+03 6.970855593681335449e-01
4.770494689941406250e+02 9.380449829101562500e+02 4.311331212520599365e-01
7.702379150390625000e+02 1.037532470703125000e+03 7.819510698318481445e-01
6.132955322265625000e+02 1.268077270507812500e+03 6.694284826517105103e-02
8.597468872070312500e+02 3.671939697265625000e+02 8.497074842453002930e-01
0.000000000000000000e+00 0.000000000000000000e+00 0.000000000000000000e+00
7.547203979492187500e+02 3.356655578613281250e+02 8.182780146598815918e-01
0.000000000000000000e+00 0.000000000000000000e+00 0.000000000000000000e+00
0.000000000000000000e+00 0.000000000000000000e+00 0.000000000000000000e+00
0.000000000000000000e+00 0.000000000000000000e+00 0.000000000000000000e+00
0.000000000000000000e+00 0.000000000000000000e+00 0.000000000000000000e+00
5.609144287109375000e+02 1.734372192382812500e+03 6.346430778503417969e-01
4.980780639648437500e+02 1.729087036132812500e+03 5.047588944435119629e-01
4.090804748535156250e+02 1.613632202148437500e+03 7.072712779045104980e-01
