9.066038818359375000e+02 1.147794311523437500e+03 9.099299907684326172e-01
6.760781860351562500e+02 1.220955444335937500e+03 6.549836993217468262e-01
6.865087890625000000e+02 1.236502075195312500e+03 8.391405344009399414e-01
6.027706298828125000e+02 1.519323242187500000e+03 8.243001103401184082e-01
7.808690185546875000e+02 1.309841918945312500e+03 8.377019166946411133e-01
6.501943969726562500e+02 1.189601074218750000e+03 5.577508211135864258e-01
0.000000000000000000e+00 0.000000000000000000e+00 0.000000000000000000e+00
0.000000000000000000e+00 0.000000000000000000e+00 0.000000000000000000e+00
3.672168273925781250e+02 1.566601684570312500e+03 4.944189488887786865e-01
3.568007507324218750e+02 1.577158813476562500e+03 6.463406682014465332e-01
6.919190673828125000e+02 1.598084350585937500e+03 7.273869514465332031e-01
5.348522338867187500e+02 1.912388916015625000e+03 4.884162545204162598e-01
3.828500061035156250e+02 1.545696289062500000e+03 3.294610977172851562e-01
7.284046630859375000e+02 1.566525756835937500e+03 2.646933197975158691e-01
5.296193237304687500e+02 1.823138549804687500e+03 3.215624094009399414e-01
8.959741210937500000e+02 1.111063842773437500e+03 9.398909807205200195e-01
0.000000000000000000e+00 0.000000000000000000e+00 0.000000000000000000e+00
8.069258422851562500e+02 1.121371215820312500e+03 8.528925180435180664e-01
0.000000000000000000e+00 0.000000000000000000e+00 0.000000000000000000e+00
6.605483398437500000e+02 1.839010620117187500e+03 6.921330839395523071e-02
0.000000000000000000e+00 0.000000000000000000e+00 0.000000000000000000e+00
4.826448364257812500e+02 1.823187011718750000e+03 3.167407810688018799e-01
6.394927978515625000e+02 1.870395507812500000e+03 8.028180152177810669e-02
5.347754516601562500e+02 1.912484008789062500e+03 1.620080620050430298e-01
5.188761596679687500e+02 1.912412109375000000e+03 3.187192678451538086e-01
