8.855607299804687500e+02 3.199124145507812500e+02 8.160952329635620117e-01
6.079600830078125000e+02 4.406753845214843750e+02 5.890020728111267090e-01
5.609400634765625000e+02 4.456818237304687500e+02 5.270248055458068848e-01
3.252798461914062500e+02 6.289915161132812500e+02 7.380551099777221680e-01
5.348571166992187500e+02 3.567186279296875000e+02 8.002720475196838379e-01
6.709770507812500000e+02 4.509346923828125000e+02 4.524381458759307861e-01
0.000000000000000000e+00 0.000000000000000000e+00 0.000000000000000000e+00
0.000000000000000000e+00 0.000000000000000000e+00 0.000000000000000000e+00
3.932000427246093750e+02 9.012563476562500000e+02 5.118266940116882324e-01
3.201246643066406250e+02 9.223256835937500000e+02 4.932914078235626221e-01
6.918643798828125000e+02 1.105832153320312500e+03 8.561511039733886719e-01
4.403087768554687500e+02 1.540384887695312500e+03 7.245266437530517578e-01
4.613835144042968750e+02 8.804118652343750000e+02 3.911418318748474121e-01
7.702999877929687500e+02 9.957239990234375000e+02 7.848705649375915527e-01
6.080167846679687500e+02 1.189404541015625000e+03 8.699201047420501709e-02
8.646651000976562500e+02 2.728897399902343750e+02 8.697304725646972656e-01
0.000000000000000000e+00 0.000000000000000000e+00 0.000000000000000000e+00
7.495407104492187500e+02 2.621782226562500000e+02 8.255959749221801758e-01
0.000000000000000000e+00 0.000000000000000000e+00 0.000000000000000000e+00
0.000000000000000000e+00 0.000000000000000000e+00 0.000000000000000000e+00
0.000000000000000000e+00 0.000000000000000000e+00 0.000000000000000000e+00
0.000000000000000000e+00 0.000000000000000000e+00 0.000000000000000000e+00
5.555614013671875000e+02 1.671349487304687500e+03 5.952337384223937988e-01
5.085055236816406250e+02 1.666175781250000000e+03 5.072413682937622070e-01
3.932089233398437500e+02 1.561360595703125000e+03 6.221079230308532715e-01
