1.158069381713867188e+02 6.918565063476562500e+02 8.901100158691406250e-01
3.148904724121093750e+02 7.913549804687500000e+02 6.568356752395629883e-01
3.147142639160156250e+02 7.758572998046875000e+02 5.068095922470092773e-01
4.457819824218750000e+02 8.593562622070312500e+02 1.040040180087089539e-01
0.000000000000000000e+00 0.000000000000000000e+00 0.000000000000000000e+00
3.303937988281250000e+02 8.069669799804687500e+02 7.654551863670349121e-01
5.033923645019531250e+02 9.797753295898437500e+02 8.704916238784790039e-01
2.834035949707031250e+02 8.597792968750000000e+02 8.425364494323730469e-01
5.662109985351562500e+02 1.121320434570312500e+03 6.055868864059448242e-01
5.243334960937500000e+02 1.105806274414062500e+03 4.688861966133117676e-01
3.150695190429687500e+02 1.163253295898437500e+03 8.154512047767639160e-01
4.875178527832031250e+02 1.430467895507812500e+03 7.583187818527221680e-01
6.030072021484375000e+02 1.142453979492187500e+03 6.769770383834838867e-01
3.252250671386718750e+02 1.367734375000000000e+03 8.264937996864318848e-01
5.190239868164062500e+02 1.608613403320312500e+03 8.460260629653930664e-01
0.000000000000000000e+00 0.000000000000000000e+00 0.000000000000000000e+00
1.469370880126953125e+02 6.761198730468750000e+02 8.871526718139648438e-01
0.000000000000000000e+00 0.000000000000000000e+00 0.000000000000000000e+00
2.257228851318359375e+02 6.970992431640625000e+02 9.108191132545471191e-01
4.090722656250000000e+02 1.723813110351562500e+03 7.835621833801269531e-01
4.614655151367187500e+02 1.723682617187500000e+03 6.942194104194641113e-01
5.608834838867187500e+02 1.613891235351562500e+03 8.126921653747558594e-01
5.032483215332031250e+02 1.482741943359375000e+03 1.991908997297286987e-01
0.000000000000000000e+00 0.000000000000000000e+00 0.000000000000000000e+00
5.191310424804687500e+02 1.445994262695312500e+03 8.457730412483215332e-01
