7.759619750976562500e+02 7.129227294921875000e+02 8.849149346351623535e-01
6.185571899414062500e+02 8.543460083007812500e+02 7.521680593490600586e-01
5.976291503906250000e+02 8.543769531250000000e+02 7.876673936843872070e-01
4.822561645507812500e+02 1.147692871093750000e+03 9.051306843757629395e-01
5.713252563476562500e+02 9.433090209960937500e+02 7.367400527000427246e-01
6.501525268554687500e+02 8.542326660156250000e+02 7.844237685203552246e-01
6.445471801757812500e+02 1.006140319824218750e+03 1.091837063431739807e-01
6.028930053710937500e+02 1.084818847656250000e+03 2.801786959171295166e-01
4.090589904785156250e+02 1.194870117187500000e+03 6.091012358665466309e-01
3.672049560546875000e+02 1.226061889648437500e+03 6.338145732879638672e-01
7.231693725585937500e+02 1.399010131835937500e+03 8.705556392669677734e-01
5.188493652343750000e+02 1.655727661132812500e+03 8.568087816238403320e-01
4.510307006835937500e+02 1.184141723632812500e+03 4.819811284542083740e-01
6.865484008789062500e+02 1.231609252929687500e+03 8.798842430114746094e-01
5.190642700195312500e+02 1.482715332031250000e+03 8.593443632125854492e-01
7.652020263671875000e+02 6.867647094726562500e+02 9.118080735206604004e-01
0.000000000000000000e+00 0.000000000000000000e+00 0.000000000000000000e+00
6.814623413085937500e+02 6.971220703125000000e+02 7.795926928520202637e-01
0.000000000000000000e+00 0.000000000000000000e+00 0.000000000000000000e+00
5.662759399414062500e+02 1.519369628906250000e+03 1.929040104150772095e-01
5.609213256835937500e+02 1.488151733398437500e+03 1.648821532726287842e-01
4.825006103515625000e+02 1.493467895507812500e+03 8.940327763557434082e-01
6.447622680664062500e+02 1.728924316406250000e+03 7.374598979949951172e-01
6.028934326171875000e+02 1.734325805664062500e+03 7.565025091171264648e-01
4.770493469238281250e+02 1.666131591796875000e+03 8.264080882072448730e-01
