8.804001464843750000e+02 2.832593078613281250e+02 7.745904922485351562e-01
6.132483520507812500e+02 3.935003662109375000e+02 5.883448719978332520e-01
5.660944213867187500e+02 3.932406311035156250e+02 6.546208858489990234e-01
3.147681579589843750e+02 5.608954467773437500e+02 8.205627799034118652e-01
5.294730224609375000e+02 2.990606689453125000e+02 7.942823767662048340e-01
6.761954345703125000e+02 4.038444213867187500e+02 4.726792275905609131e-01
0.000000000000000000e+00 0.000000000000000000e+00 0.000000000000000000e+00
0.000000000000000000e+00 0.000000000000000000e+00 0.000000000000000000e+00
3.828246765136718750e+02 8.542576293945312500e+02 5.343693494796752930e-01
3.146971130371093750e+02 8.699959106445312500e+02 5.236698985099792480e-01
6.604276123046875000e+02 1.079576782226562500e+03 7.474717497825622559e-01
4.354047241210937500e+02 1.535186279296875000e+03 7.460765242576599121e-01
4.562264099121093750e+02 8.333151855468750000e+02 4.114802777767181396e-01
7.443936767578125000e+02 9.852913208007812500e+02 7.927584648132324219e-01
5.871673583984375000e+02 1.273376953125000000e+03 1.799239516258239746e-01
8.646498413085937500e+02 2.309308929443359375e+02 8.815991878509521484e-01
0.000000000000000000e+00 0.000000000000000000e+00 0.000000000000000000e+00
7.494661254882812500e+02 2.047319335937500000e+02 8.117269277572631836e-01
0.000000000000000000e+00 0.000000000000000000e+00 0.000000000000000000e+00
6.499213256835937500e+02 1.336065673828125000e+03 3.975427448749542236e-01
6.448518066406250000e+02 1.325684692382812500e+03 4.039727151393890381e-01
6.028404541015625000e+02 1.320441284179687500e+03 8.806016296148300171e-02
5.452538452148437500e+02 1.671408325195312500e+03 6.171112060546875000e-01
5.085430297851562500e+02 1.666228393554687500e+03 4.843861758708953857e-01
3.881915588378906250e+02 1.556117797851562500e+03 6.594032049179077148e-01
