8.018117675781250000e+02 7.652062988281250000e+02 8.735693097114562988e-01
6.291211547851562500e+02 9.012067871093750000e+02 7.778432369232177734e-01
6.025890502929687500e+02 9.014266967773437500e+02 8.020496368408203125e-01
4.876906738281250000e+02 1.194532592773437500e+03 9.014704823493957520e-01
5.976978149414062500e+02 9.854008789062500000e+02 8.131303787231445312e-01
6.656476440429687500e+02 8.961523437500000000e+02 7.435489892959594727e-01
6.551325683593750000e+02 1.095098999023437500e+03 8.217556029558181763e-02
0.000000000000000000e+00 0.000000000000000000e+00 0.000000000000000000e+00
4.091289978027343750e+02 1.231573974609375000e+03 6.026479005813598633e-01
3.775644226074218750e+02 1.262888061523437500e+03 6.487991809844970703e-01
7.286790771484375000e+02 1.404322021484375000e+03 8.975234627723693848e-01
5.188290405273437500e+02 1.655491455078125000e+03 8.467680215835571289e-01
4.509451293945312500e+02 1.200015869140625000e+03 4.532188177108764648e-01
6.867689819335937500e+02 1.236519165039062500e+03 8.737515211105346680e-01
5.190259399414062500e+02 1.482729003906250000e+03 8.510179519653320312e-01
7.756129150390625000e+02 7.337659301757812500e+02 9.721838235855102539e-01
0.000000000000000000e+00 0.000000000000000000e+00 0.000000000000000000e+00
6.921852416992187500e+02 7.546793823242187500e+02 7.185608148574829102e-01
0.000000000000000000e+00 0.000000000000000000e+00 0.000000000000000000e+00
5.819234619140625000e+02 1.493246337890625000e+03 3.137396574020385742e-01
5.715178833007812500e+02 1.482738281250000000e+03 3.221930265426635742e-01
4.822981262207031250e+02 1.493451049804687500e+03 9.013791680335998535e-01
6.394097290039062500e+02 1.723708129882812500e+03 7.309026718139648438e-01
5.975535278320312500e+02 1.734048095703125000e+03 7.584976553916931152e-01
4.770021972656250000e+02 1.660961181640625000e+03 8.224427700042724609e-01
