1.522917022705078125e+02 6.552735595703125000e+02 8.969163894653320312e-01
3.514376220703125000e+02 7.547579956054687500e+02 6.648371219635009766e-01
3.514011535644531250e+02 7.340646972656250000e+02 5.154539942741394043e-01
0.000000000000000000e+00 0.000000000000000000e+00 0.000000000000000000e+00
0.000000000000000000e+00 0.000000000000000000e+00 0.000000000000000000e+00
3.567224731445312500e+02 7.650850219726562500e+02 8.181617856025695801e-01
5.347926025390625000e+02 9.380114746093750000e+02 8.866335749626159668e-01
3.148267517089843750e+02 8.437471313476562500e+02 8.823432922363281250e-01
6.026944580078125000e+02 1.100366455078125000e+03 6.190133094787597656e-01
5.609431152343750000e+02 1.079447998046875000e+03 4.552948474884033203e-01
3.515914916992187500e+02 1.147570800781250000e+03 8.476129770278930664e-01
5.138784179687500000e+02 1.419887451171875000e+03 7.900911569595336914e-01
6.341954345703125000e+02 1.110834472656250000e+03 6.776294112205505371e-01
3.567232360839843750e+02 1.351735107421875000e+03 8.658375144004821777e-01
5.348276977539062500e+02 1.608306884765625000e+03 7.910073995590209961e-01
0.000000000000000000e+00 0.000000000000000000e+00 0.000000000000000000e+00
1.837730255126953125e+02 6.394710693359375000e+02 9.075416326522827148e-01
0.000000000000000000e+00 0.000000000000000000e+00 0.000000000000000000e+00
2.673887329101562500e+02 6.605879516601562500e+02 8.708034753799438477e-01
4.350610351562500000e+02 1.713302612304687500e+03 7.835657596588134766e-01
4.770208740234375000e+02 1.713346923828125000e+03 7.031445503234863281e-01
5.766262817382812500e+02 1.613658691406250000e+03 8.143252134323120117e-01
5.138316040039062500e+02 1.472357055664062500e+03 6.523877382278442383e-02
0.000000000000000000e+00 0.000000000000000000e+00 0.000000000000000000e+00
5.347817382812500000e+02 1.435715820312500000e+03 7.900317311286926270e-01
