7.914521484375000000e+02 8.856463623046875000e+02 8.184621930122375488e-01
6.082840576171875000e+02 9.905208740234375000e+02 7.965470552444458008e-01
5.609755249023437500e+02 9.851728515625000000e+02 8.487816452980041504e-01
4.510351562500000000e+02 1.231106079101562500e+03 8.313601613044738770e-01
5.663747558593750000e+02 1.042893066406250000e+03 8.039842247962951660e-01
6.708977661132812500e+02 1.006169067382812500e+03 6.515320539474487305e-01
5.975192871093750000e+02 1.257648803710937500e+03 7.040774077177047729e-02
0.000000000000000000e+00 0.000000000000000000e+00 0.000000000000000000e+00
4.613719177246093750e+02 1.404359130859375000e+03 6.504649519920349121e-01
4.038729553222656250e+02 1.435726196289062500e+03 6.328544020652770996e-01
7.391790161132812500e+02 1.519403564453125000e+03 8.024296760559082031e-01
5.558001098632812500e+02 1.781558349609375000e+03 8.075510263442993164e-01
5.137734985351562500e+02 1.383352905273437500e+03 5.786089897155761719e-01
7.287327880859375000e+02 1.446183105468750000e+03 7.647528052330017090e-01
5.192255249023437500e+02 1.692398071289062500e+03 7.926055192947387695e-01
7.755856933593750000e+02 8.541373901367187500e+02 9.217668771743774414e-01
0.000000000000000000e+00 0.000000000000000000e+00 0.000000000000000000e+00
6.867609863281250000e+02 8.596546630859375000e+02 8.941608667373657227e-01
0.000000000000000000e+00 0.000000000000000000e+00 0.000000000000000000e+00
5.767995605468750000e+02 1.734342163085937500e+03 5.581869184970855713e-02
0.000000000000000000e+00 0.000000000000000000e+00 0.000000000000000000e+00
4.823485717773437500e+02 1.702895629882812500e+03 7.344747781753540039e-01
6.867894897460937500e+02 1.833787231445312500e+03 7.226034998893737793e-01
6.500360717773437500e+02 1.854743164062500000e+03 7.383547425270080566e-01
5.138889770507812500e+02 1.802398437500000000e+03 8.045302033424377441e-01
