7.757695922851562500e+02 7.023593750000000000e+02 9.107455611228942871e-01
6.135082397460937500e+02 8.540845947265625000e+02 7.699995040893554688e-01
5.974302978515625000e+02 8.491102905273437500e+02 7.802513241767883301e-01
4.769806518554687500e+02 1.137126831054687500e+03 8.721696138381958008e-01
5.611589355468750000e+02 9.380096435546875000e+02 7.862708568572998047e-01
6.500629882812500000e+02 8.540537109375000000e+02 7.833032608032226562e-01
6.186745605468750000e+02 9.904289550781250000e+02 2.295130193233489990e-01
6.079962768554687500e+02 1.069002807617187500e+03 6.073765158653259277e-01
4.038222961425781250e+02 1.194647949218750000e+03 6.579045653343200684e-01
3.568865051269531250e+02 1.210435424804687500e+03 6.512432694435119629e-01
7.180218505859375000e+02 1.393877929687500000e+03 8.350396156311035156e-01
5.138275756835937500e+02 1.655880371093750000e+03 8.300133943557739258e-01
4.458337402343750000e+02 1.184130737304687500e+03 5.465111732482910156e-01
6.813969726562500000e+02 1.236431762695312500e+03 8.739619851112365723e-01
5.189959716796875000e+02 1.482824096679687500e+03 8.554384112358093262e-01
7.599158935546875000e+02 6.814289550781250000e+02 8.656942248344421387e-01
0.000000000000000000e+00 0.000000000000000000e+00 0.000000000000000000e+00
6.709610595703125000e+02 6.916862792968750000e+02 7.702122330665588379e-01
0.000000000000000000e+00 0.000000000000000000e+00 0.000000000000000000e+00
5.714680786132812500e+02 1.519414428710937500e+03 1.255814135074615479e-01
5.607926635742187500e+02 1.482995483398437500e+03 1.049999892711639404e-01
4.823656005859375000e+02 1.498609375000000000e+03 8.801765441894531250e-01
6.446046142578125000e+02 1.734024414062500000e+03 7.092651128768920898e-01
6.026879882812500000e+02 1.739337890625000000e+03 7.206203937530517578e-01
4.769364318847656250e+02 1.671468750000000000e+03 8.124652504920959473e-01
