7.913262939453125000e+02 9.378941040039062500e+02 8.689970970153808594e-01
6.081501464843750000e+02 1.042892211914062500e+03 7.853723168373107910e-01
5.610167236328125000e+02 1.032347167968750000e+03 8.300946354866027832e-01
4.667580871582031250e+02 1.273403320312500000e+03 8.780791759490966797e-01
5.922443847656250000e+02 1.095230957031250000e+03 7.943792343139648438e-01
6.605587768554687500e+02 1.058516357421875000e+03 7.055290341377258301e-01
0.000000000000000000e+00 0.000000000000000000e+00 0.000000000000000000e+00
0.000000000000000000e+00 0.000000000000000000e+00 0.000000000000000000e+00
4.353868713378906250e+02 1.440739135742187500e+03 6.418031454086303711e-01
3.880903015136718750e+02 1.467054809570312500e+03 6.207811236381530762e-01
7.390921630859375000e+02 1.514232177734375000e+03 7.993571758270263672e-01
5.607225341796875000e+02 1.781530273437500000e+03 8.171531558036804199e-01
4.981071166992187500e+02 1.404132446289062500e+03 5.639266967773437500e-01
7.232496337890625000e+02 1.430340820312500000e+03 7.756378054618835449e-01
5.191301269531250000e+02 1.697431884765625000e+03 8.044501543045043945e-01
7.755304565429687500e+02 9.014060668945312500e+02 9.432663321495056152e-01
0.000000000000000000e+00 0.000000000000000000e+00 0.000000000000000000e+00
6.868807983398437500e+02 9.068180541992187500e+02 8.539063930511474609e-01
0.000000000000000000e+00 0.000000000000000000e+00 0.000000000000000000e+00
5.766022338867187500e+02 1.739540893554687500e+03 5.699209868907928467e-02
0.000000000000000000e+00 0.000000000000000000e+00 0.000000000000000000e+00
4.822771606445312500e+02 1.708087036132812500e+03 7.201300263404846191e-01
6.867883300781250000e+02 1.838917236328125000e+03 7.315591573715209961e-01
6.500871582031250000e+02 1.854758666992187500e+03 7.536842823028564453e-01
5.187565307617187500e+02 1.802388305664062500e+03 7.993392944335937500e-01
