2.258199615478515625e+02 7.759068603515625000e+02 9.268590211868286133e-01
3.932751464843750000e+02 9.012082519531250000e+02 7.245811223983764648e-01
3.932982788085937500e+02 8.857394409179687500e+02 5.651627779006958008e-01
4.246942138671875000e+02 1.058564575195312500e+03 5.694317072629928589e-02
0.000000000000000000e+00 0.000000000000000000e+00 0.000000000000000000e+00
3.932229003906250000e+02 9.067253417968750000e+02 8.440291285514831543e-01
4.091481933593750000e+02 1.152700439453125000e+03 8.906192779541015625e-01
3.148907165527343750e+02 9.435008544921875000e+02 8.935411572456359863e-01
5.767310791015625000e+02 1.231402221679687500e+03 6.213521957397460938e-01
5.923323974609375000e+02 1.200087768554687500e+03 4.733926951885223389e-01
3.511571655273437500e+02 1.315076782226562500e+03 9.023096561431884766e-01
4.771622009277343750e+02 1.535234252929687500e+03 8.310123085975646973e-01
5.715166015625000000e+02 1.262724731445312500e+03 6.285309195518493652e-01
3.149727478027343750e+02 1.482931396484375000e+03 9.299854040145874023e-01
4.927728881835937500e+02 1.692099243164062500e+03 8.177253007888793945e-01
0.000000000000000000e+00 0.000000000000000000e+00 0.000000000000000000e+00
2.518320159912109375e+02 7.650988159179687500e+02 8.648371696472167969e-01
0.000000000000000000e+00 0.000000000000000000e+00 0.000000000000000000e+00
3.252980346679687500e+02 7.757424926757812500e+02 9.116627573966979980e-01
3.776958312988281250e+02 1.749977294921875000e+03 7.573415637016296387e-01
4.142329101562500000e+02 1.765540161132812500e+03 7.553860545158386230e-01
5.244737548828125000e+02 1.697386474609375000e+03 9.040783047676086426e-01
4.353345031738281250e+02 1.598119506835937500e+03 7.832127809524536133e-02
0.000000000000000000e+00 0.000000000000000000e+00 0.000000000000000000e+00
5.136667480468750000e+02 1.566333984375000000e+03 8.678665757179260254e-01
