9.016723022460937500e+02 1.147354736328125000e+03 8.958714008331298828e-01
6.761138305664062500e+02 1.225985351562500000e+03 6.497212648391723633e-01
6.814483642578125000e+02 1.236549560546875000e+03 8.124094605445861816e-01
6.027922363281250000e+02 1.509030883789062500e+03 8.195890188217163086e-01
7.757424926757812500e+02 1.304733764648437500e+03 8.478008508682250977e-01
6.552081298828125000e+02 1.189706665039062500e+03 5.251500606536865234e-01
0.000000000000000000e+00 0.000000000000000000e+00 0.000000000000000000e+00
0.000000000000000000e+00 0.000000000000000000e+00 0.000000000000000000e+00
3.776590270996093750e+02 1.566666381835937500e+03 4.846742749214172363e-01
3.619989318847656250e+02 1.577180175781250000e+03 6.224080920219421387e-01
6.972031860351562500e+02 1.582358154296875000e+03 7.158074378967285156e-01
5.348617553710937500e+02 1.912392089843750000e+03 4.588908851146697998e-01
3.881127929687500000e+02 1.550912231445312500e+03 3.314605951309204102e-01
7.181257934570312500e+02 1.571894897460937500e+03 2.192111313343048096e-01
5.452004394531250000e+02 1.828491210937500000e+03 2.244764864444732666e-01
8.909167480468750000e+02 1.105877319335937500e+03 9.383743405342102051e-01
0.000000000000000000e+00 0.000000000000000000e+00 0.000000000000000000e+00
7.966817626953125000e+02 1.111230957031250000e+03 8.713054656982421875e-01
0.000000000000000000e+00 0.000000000000000000e+00 0.000000000000000000e+00
6.812705688476562500e+02 1.859875244140625000e+03 7.704161107540130615e-02
0.000000000000000000e+00 0.000000000000000000e+00 0.000000000000000000e+00
4.826544799804687500e+02 1.823395141601562500e+03 2.178761661052703857e-01
5.296203613281250000e+02 1.912496948242187500e+03 1.103460192680358887e-01
0.000000000000000000e+00 0.000000000000000000e+00 0.000000000000000000e+00
5.189454956054687500e+02 1.912420288085937500e+03 2.883467078208923340e-01
