7.862033691406250000e+02 9.436079101562500000e+02 8.750039339065551758e-01
6.081025390625000000e+02 1.069128662109375000e+03 8.432296514511108398e-01
5.609358520507812500e+02 1.069002075195312500e+03 8.099123835563659668e-01
4.354246215820312500e+02 1.283900146484375000e+03 8.770734071731567383e-01
5.608598022460937500e+02 1.105829833984375000e+03 8.512518405914306641e-01
6.656290893554687500e+02 1.069143066406250000e+03 7.266044020652770996e-01
0.000000000000000000e+00 0.000000000000000000e+00 0.000000000000000000e+00
0.000000000000000000e+00 0.000000000000000000e+00 0.000000000000000000e+00
4.353728027343750000e+02 1.456739257812500000e+03 6.280255317687988281e-01
3.881614685058593750e+02 1.488080444335937500e+03 6.696373224258422852e-01
7.337901000976562500e+02 1.519492675781250000e+03 8.352789878845214844e-01
5.400341796875000000e+02 1.791829833984375000e+03 7.569485306739807129e-01
4.876660766601562500e+02 1.435602539062500000e+03 5.417625308036804199e-01
7.284491577148437500e+02 1.446174316406250000e+03 7.040449380874633789e-01
5.189931640625000000e+02 1.697506347656250000e+03 7.789731025695800781e-01
7.705253295898437500e+02 9.224041748046875000e+02 8.851522207260131836e-01
0.000000000000000000e+00 0.000000000000000000e+00 0.000000000000000000e+00
6.865767211914062500e+02 9.381904296875000000e+02 9.191290140151977539e-01
0.000000000000000000e+00 0.000000000000000000e+00 0.000000000000000000e+00
5.924616699218750000e+02 1.755127197265625000e+03 5.665103346109390259e-02
0.000000000000000000e+00 0.000000000000000000e+00 0.000000000000000000e+00
4.772514343261718750e+02 1.713229614257812500e+03 7.123604416847229004e-01
6.812454223632812500e+02 1.849515747070312500e+03 7.158586978912353516e-01
6.446725463867187500e+02 1.859943969726562500e+03 7.546825408935546875e-01
4.980894470214843750e+02 1.812868286132812500e+03 7.815823554992675781e-01
