1.629718170166015625e+02 9.747854003906250000e+02 8.409316539764404297e-01
3.933080444335937500e+02 1.016480102539062500e+03 6.800415515899658203e-01
3.986730651855468750e+02 9.851206054687500000e+02 5.750740170478820801e-01
0.000000000000000000e+00 0.000000000000000000e+00 0.000000000000000000e+00
0.000000000000000000e+00 0.000000000000000000e+00 0.000000000000000000e+00
3.881188049316406250e+02 1.027350463867187500e+03 7.723388671875000000e-01
5.452355346679687500e+02 1.200106445312500000e+03 8.395406603813171387e-01
3.201639099121093750e+02 1.137134033203125000e+03 8.468647003173828125e-01
6.552705078125000000e+02 1.315200683593750000e+03 4.677519798278808594e-01
6.551862792968750000e+02 1.304777465820312500e+03 2.830407619476318359e-01
3.932535705566406250e+02 1.346620483398437500e+03 1.318591535091400146e-01
0.000000000000000000e+00 0.000000000000000000e+00 0.000000000000000000e+00
6.658024902343750000e+02 1.325827880859375000e+03 6.413542628288269043e-01
3.565781555175781250e+02 1.393589233398437500e+03 8.175057172775268555e-01
5.715033569335937500e+02 1.587669067382812500e+03 7.575186491012573242e-01
0.000000000000000000e+00 0.000000000000000000e+00 0.000000000000000000e+00
1.840384979248046875e+02 9.433649291992187500e+02 9.243555068969726562e-01
0.000000000000000000e+00 0.000000000000000000e+00 0.000000000000000000e+00
2.676869201660156250e+02 9.695184936523437500e+02 8.733487129211425781e-01
4.717700500488281250e+02 1.702848022460937500e+03 7.506822347640991211e-01
5.137437744140625000e+02 1.702735473632812500e+03 7.071210145950317383e-01
6.184982299804687500e+02 1.598124877929687500e+03 7.458043694496154785e-01
0.000000000000000000e+00 0.000000000000000000e+00 0.000000000000000000e+00
0.000000000000000000e+00 0.000000000000000000e+00 0.000000000000000000e+00
0.000000000000000000e+00 0.000000000000000000e+00 0.000000000000000000e+00
