8.751942749023437500e+02 2.674824218750000000e+02 7.490319013595581055e-01
6.027875976562500000e+02 3.828773803710937500e+02 5.913636088371276855e-01
5.607999267578125000e+02 3.829410400390625000e+02 6.208177804946899414e-01
3.096348571777343750e+02 5.400109252929687500e+02 7.611108422279357910e-01
5.191378173828125000e+02 2.729976196289062500e+02 8.553791046142578125e-01
6.552413330078125000e+02 3.828930358886718750e+02 4.372164607048034668e-01
0.000000000000000000e+00 0.000000000000000000e+00 0.000000000000000000e+00
0.000000000000000000e+00 0.000000000000000000e+00 0.000000000000000000e+00
3.880105895996093750e+02 8.489295654296875000e+02 5.368394255638122559e-01
3.148646850585937500e+02 8.595520629882812500e+02 5.379443168640136719e-01
6.502213745117187500e+02 1.069217041015625000e+03 7.972807288169860840e-01
4.353085021972656250e+02 1.535141845703125000e+03 7.447503209114074707e-01
4.562040100097656250e+02 8.228544921875000000e+02 4.379894435405731201e-01
7.390795898437500000e+02 9.850554199218750000e+02 7.897733449935913086e-01
5.872058105468750000e+02 1.262846069335937500e+03 1.186453178524971008e-01
8.593220214843750000e+02 2.203078308105468750e+02 8.308895826339721680e-01
0.000000000000000000e+00 0.000000000000000000e+00 0.000000000000000000e+00
7.390765380859375000e+02 1.889585266113281250e+02 8.538278937339782715e-01
0.000000000000000000e+00 0.000000000000000000e+00 0.000000000000000000e+00
6.446586914062500000e+02 1.320683471679687500e+03 3.025751709938049316e-01
6.395537109375000000e+02 1.320451904296875000e+03 2.946243286132812500e-01
0.000000000000000000e+00 0.000000000000000000e+00 0.000000000000000000e+00
5.400484008789062500e+02 1.661030151367187500e+03 6.156147122383117676e-01
5.085734863281250000e+02 1.660916625976562500e+03 5.317116379737854004e-01
3.881967773437500000e+02 1.556154418945312500e+03 6.825250387191772461e-01
