7.913934326171875000e+02 9.326864013671875000e+02 8.252254724502563477e-01
6.080742187500000000e+02 1.027386962890625000e+03 8.075140118598937988e-01
5.609714965820312500e+02 1.026994750976562500e+03 8.379845619201660156e-01
4.666817321777343750e+02 1.267922485351562500e+03 8.410499095916748047e-01
5.922667846679687500e+02 1.079632446289062500e+03 7.826760411262512207e-01
6.604577026367187500e+02 1.037599731445312500e+03 6.716488003730773926e-01
0.000000000000000000e+00 0.000000000000000000e+00 0.000000000000000000e+00
0.000000000000000000e+00 0.000000000000000000e+00 0.000000000000000000e+00
4.406322631835937500e+02 1.440798339843750000e+03 6.274265050888061523e-01
3.934111022949218750e+02 1.467116455078125000e+03 6.216195225715637207e-01
7.442374267578125000e+02 1.514311645507812500e+03 7.858173251152038574e-01
5.607764282226562500e+02 1.781522705078125000e+03 8.252593874931335449e-01
5.085374755859375000e+02 1.404229858398437500e+03 5.625616908073425293e-01
7.284417114257812500e+02 1.435596923828125000e+03 7.651221156120300293e-01
5.190988769531250000e+02 1.697459350585937500e+03 8.026782274246215820e-01
7.755410766601562500e+02 8.962418212890625000e+02 9.325186610221862793e-01
0.000000000000000000e+00 0.000000000000000000e+00 0.000000000000000000e+00
6.868264160156250000e+02 9.016635742187500000e+02 8.850412368774414062e-01
0.000000000000000000e+00 0.000000000000000000e+00 0.000000000000000000e+00
5.766520385742187500e+02 1.739525634765625000e+03 5.496367439627647400e-02
0.000000000000000000e+00 0.000000000000000000e+00 0.000000000000000000e+00
4.823126831054687500e+02 1.708126098632812500e+03 7.122853398323059082e-01
6.868086547851562500e+02 1.833808959960937500e+03 7.338529229164123535e-01
6.500611572265625000e+02 1.854741455078125000e+03 7.493771910667419434e-01
5.187976684570312500e+02 1.802340698242187500e+03 8.029001951217651367e-01
