7.966188354492187500e+02 8.959553833007812500e+02 8.702883720397949219e-01
6.080615234375000000e+02 1.011409729003906250e+03 8.184744119644165039e-01
5.608373413085937500e+02 9.903931884765625000e+02 8.398380875587463379e-01
4.562227172851562500e+02 1.236411743164062500e+03 8.584508895874023438e-01
5.713481445312500000e+02 1.058586059570312500e+03 8.251947760581970215e-01
6.603834228515625000e+02 1.021990356445312500e+03 7.520680427551269531e-01
5.767846679687500000e+02 1.241901000976562500e+03 1.032330691814422607e-01
6.080291137695312500e+02 1.289087158203125000e+03 1.761799007654190063e-01
4.510209960937500000e+02 1.409438232421875000e+03 6.378606557846069336e-01
3.986388854980468750e+02 1.440813964843750000e+03 6.425822973251342773e-01
7.443710937500000000e+02 1.519313476562500000e+03 7.700568437576293945e-01
5.558114624023437500e+02 1.781578369140625000e+03 8.080587387084960938e-01
5.136859741210937500e+02 1.388479003906250000e+03 5.729312896728515625e-01
7.338229980468750000e+02 1.446182739257812500e+03 7.218090891838073730e-01
5.241661376953125000e+02 1.692296142578125000e+03 7.981731891632080078e-01
7.756682128906250000e+02 8.594958496093750000e+02 9.247351288795471191e-01
0.000000000000000000e+00 0.000000000000000000e+00 0.000000000000000000e+00
6.868507080078125000e+02 8.701103515625000000e+02 8.346022367477416992e-01
0.000000000000000000e+00 0.000000000000000000e+00 0.000000000000000000e+00
5.818980712890625000e+02 1.739637573242187500e+03 5.475916340947151184e-02
0.000000000000000000e+00 0.000000000000000000e+00 0.000000000000000000e+00
4.825100097656250000e+02 1.702803833007812500e+03 7.296187281608581543e-01
6.865859985351562500e+02 1.833720947265625000e+03 7.297166585922241211e-01
6.498659057617187500e+02 1.854667602539062500e+03 7.426676750183105469e-01
5.138762817382812500e+02 1.802335449218750000e+03 8.001011013984680176e-01
