8.753302001953125000e+02 2.885890197753906250e+02 7.754957079887390137e-01
6.081853637695312500e+02 3.987304077148437500e+02 5.963240861892700195e-01
5.661123657226562500e+02 3.984605712890625000e+02 6.189429163932800293e-01
3.199671020507812500e+02 5.662275390625000000e+02 7.805207967758178711e-01
5.296083374023437500e+02 3.093241577148437500e+02 8.137254118919372559e-01
6.761343383789062500e+02 4.142185363769531250e+02 4.626353979110717773e-01
0.000000000000000000e+00 0.000000000000000000e+00 0.000000000000000000e+00
0.000000000000000000e+00 0.000000000000000000e+00 0.000000000000000000e+00
3.828107604980468750e+02 8.596993408203125000e+02 5.289992094039916992e-01
3.147219848632812500e+02 8.907855224609375000e+02 5.142969489097595215e-01
6.761813354492187500e+02 1.084780151367187500e+03 7.406727671623229980e-01
4.402973022460937500e+02 1.545600830078125000e+03 7.366320490837097168e-01
4.613645324707031250e+02 8.491095581054687500e+02 4.233149290084838867e-01
7.495666503906250000e+02 9.853210449218750000e+02 7.892172336578369141e-01
5.975734863281250000e+02 1.252332519531250000e+03 1.659939885139465332e-01
8.596032104492187500e+02 2.312489013671875000e+02 8.898418545722961426e-01
0.000000000000000000e+00 0.000000000000000000e+00 0.000000000000000000e+00
7.444140625000000000e+02 2.099638061523437500e+02 8.149452209472656250e-01
0.000000000000000000e+00 0.000000000000000000e+00 0.000000000000000000e+00
6.499171752929687500e+02 1.341358642578125000e+03 3.951819837093353271e-01
6.449321899414062500e+02 1.330845825195312500e+03 3.957635164260864258e-01
6.027935180664062500e+02 1.320262817382812500e+03 7.223293185234069824e-02
5.556366577148437500e+02 1.676698608398437500e+03 6.463420391082763672e-01
5.085194091796875000e+02 1.676650512695312500e+03 5.512503981590270996e-01
3.932864074707031250e+02 1.566631835937500000e+03 7.132117152214050293e-01
