1.524769134521484375e+02 6.395716552734375000e+02 8.782414793968200684e-01
3.516191101074218750e+02 7.287464599609375000e+02 6.984715461730957031e-01
3.357947387695312500e+02 7.285828247070312500e+02 4.938324391841888428e-01
0.000000000000000000e+00 0.000000000000000000e+00 0.000000000000000000e+00
0.000000000000000000e+00 0.000000000000000000e+00 0.000000000000000000e+00
3.671885375976562500e+02 7.287461547851562500e+02 8.046975731849670410e-01
5.451646728515625000e+02 9.068187255859375000e+02 8.232900500297546387e-01
3.199415283203125000e+02 8.122835693359375000e+02 9.062758684158325195e-01
5.923253173828125000e+02 1.079609619140625000e+03 5.896883010864257812e-01
5.504129638671875000e+02 1.068984252929687500e+03 4.800741970539093018e-01
3.567990417480468750e+02 1.147545654296875000e+03 8.553949594497680664e-01
5.188427734375000000e+02 1.420036743164062500e+03 8.020182251930236816e-01
6.238930664062500000e+02 1.105469848632812500e+03 6.627930998802185059e-01
3.567985229492187500e+02 1.346627807617187500e+03 8.562333583831787109e-01
5.347908325195312500e+02 1.608474243164062500e+03 8.054696321487426758e-01
0.000000000000000000e+00 0.000000000000000000e+00 0.000000000000000000e+00
1.838413391113281250e+02 6.080957641601562500e+02 9.308723807334899902e-01
0.000000000000000000e+00 0.000000000000000000e+00 0.000000000000000000e+00
2.676054992675781250e+02 6.445675659179687500e+02 9.266206026077270508e-01
4.300716247558593750e+02 1.718463623046875000e+03 7.781146168708801270e-01
4.770468750000000000e+02 1.718552490234375000e+03 7.027943730354309082e-01
5.766395263671875000e+02 1.613666015625000000e+03 7.981379628181457520e-01
0.000000000000000000e+00 0.000000000000000000e+00 0.000000000000000000e+00
0.000000000000000000e+00 0.000000000000000000e+00 0.000000000000000000e+00
5.399440307617187500e+02 1.440737304687500000e+03 7.786083221435546875e-01
