7.966732177734375000e+02 7.232770385742187500e+02 8.457140326499938965e-01
6.133827514648437500e+02 7.862246704101562500e+02 6.435214877128601074e-01
6.133491821289062500e+02 8.124375610351562500e+02 8.700747489929199219e-01
5.187510375976562500e+02 9.852820434570312500e+02 9.263916015625000000e-01
6.551359252929687500e+02 8.593037109375000000e+02 9.078422188758850098e-01
6.185676879882812500e+02 7.703176879882812500e+02 5.509072542190551758e-01
0.000000000000000000e+00 0.000000000000000000e+00 0.000000000000000000e+00
0.000000000000000000e+00 0.000000000000000000e+00 0.000000000000000000e+00
3.408694458007812500e+02 1.011350219726562500e+03 6.165553331375122070e-01
3.251797485351562500e+02 1.026968994140625000e+03 7.325015068054199219e-01
6.029968261718750000e+02 1.199899291992187500e+03 9.168102741241455078e-01
4.717106628417968750e+02 1.482557006835937500e+03 8.213670253753662109e-01
3.462516174316406250e+02 9.852318725585937500e+02 4.753818809986114502e-01
5.924511108398437500e+02 1.110720825195312500e+03 8.808613419532775879e-01
4.665566101074218750e+02 1.362312011718750000e+03 7.881998419761657715e-01
7.809052124023437500e+02 6.919369506835937500e+02 9.215357899665832520e-01
0.000000000000000000e+00 0.000000000000000000e+00 0.000000000000000000e+00
7.283080444335937500e+02 6.921080322265625000e+02 9.394978284835815430e-01
0.000000000000000000e+00 0.000000000000000000e+00 0.000000000000000000e+00
5.664083862304687500e+02 1.393763793945312500e+03 6.977093815803527832e-01
5.662083740234375000e+02 1.383263549804687500e+03 6.819540262222290039e-01
4.300050048828125000e+02 1.388434692382812500e+03 8.436852097511291504e-01
5.871176757812500000e+02 1.519420898437500000e+03 7.752042412757873535e-01
5.608256225585937500e+02 1.524909790039062500e+03 8.733637928962707520e-01
4.352239379882812500e+02 1.493238769531250000e+03 8.496401906013488770e-01
