2.677843322753906250e+02 7.704030151367187500e+02 9.442524909973144531e-01
4.300061340332031250e+02 8.961134643554687500e+02 6.370282173156738281e-01
4.142319946289062500e+02 8.857008666992187500e+02 4.632779955863952637e-01
0.000000000000000000e+00 0.000000000000000000e+00 0.000000000000000000e+00
0.000000000000000000e+00 0.000000000000000000e+00 0.000000000000000000e+00
4.352140502929687500e+02 9.013281250000000000e+02 8.724332451820373535e-01
4.510169677734375000e+02 1.147394775390625000e+03 8.757488131523132324e-01
3.619527893066406250e+02 9.378342895507812500e+02 8.783798813819885254e-01
5.975170288085937500e+02 1.231265991210937500e+03 6.277850270271301270e-01
5.818943481445312500e+02 1.199955444335937500e+03 4.712948799133300781e-01
3.516582336425781250e+02 1.315372070312500000e+03 9.335419535636901855e-01
4.823714904785156250e+02 1.540440307617187500e+03 8.053163290023803711e-01
6.028068237304687500e+02 1.252366821289062500e+03 6.383217573165893555e-01
3.459926147460937500e+02 1.482955444335937500e+03 8.865092992782592773e-01
5.084761047363281250e+02 1.692514526367187500e+03 8.376697301864624023e-01
0.000000000000000000e+00 0.000000000000000000e+00 0.000000000000000000e+00
2.886811523437500000e+02 7.392307128906250000e+02 8.534934520721435547e-01
0.000000000000000000e+00 0.000000000000000000e+00 0.000000000000000000e+00
3.827184448242187500e+02 7.705640869140625000e+02 9.195695519447326660e-01
3.881374206542968750e+02 1.755103881835937500e+03 7.729891538619995117e-01
4.247382202148437500e+02 1.765686523437500000e+03 7.700630426406860352e-01
5.296770629882812500e+02 1.697681640625000000e+03 9.031366109848022461e-01
4.666930236816406250e+02 1.603354370117187500e+03 1.129555106163024902e-01
0.000000000000000000e+00 0.000000000000000000e+00 0.000000000000000000e+00
5.189681396484375000e+02 1.566576538085937500e+03 8.857172131538391113e-01
