2.361916503906250000e+02 7.701540527343750000e+02 9.048526287078857422e-01
3.986625976562500000e+02 8.804324340820312500e+02 7.037079930305480957e-01
4.142313537597656250e+02 8.597388916015625000e+02 5.834320783615112305e-01
0.000000000000000000e+00 0.000000000000000000e+00 0.000000000000000000e+00
0.000000000000000000e+00 0.000000000000000000e+00 0.000000000000000000e+00
3.935464782714843750e+02 8.960628662109375000e+02 8.832725286483764648e-01
4.299609375000000000e+02 1.137138671875000000e+03 8.586620092391967773e-01
3.252707519531250000e+02 9.327866210937500000e+02 8.552221655845642090e-01
5.715098266601562500e+02 1.215702880859375000e+03 6.152775287628173828e-01
5.766616210937500000e+02 1.194743041992187500e+03 4.749225080013275146e-01
3.461779785156250000e+02 1.315262207031250000e+03 9.006425142288208008e-01
4.772568054199218750e+02 1.535189575195312500e+03 8.404508233070373535e-01
5.765964965820312500e+02 1.236671264648437500e+03 6.524500250816345215e-01
3.201652221679687500e+02 1.482600463867187500e+03 8.884137868881225586e-01
4.877503967285156250e+02 1.692132324218750000e+03 8.269612789154052734e-01
0.000000000000000000e+00 0.000000000000000000e+00 0.000000000000000000e+00
2.624405822753906250e+02 7.340390625000000000e+02 9.238702654838562012e-01
0.000000000000000000e+00 0.000000000000000000e+00 0.000000000000000000e+00
3.462785644531250000e+02 7.651528320312500000e+02 9.105630517005920410e-01
3.827906799316406250e+02 1.750060546875000000e+03 7.659870386123657227e-01
4.142583007812500000e+02 1.765585571289062500e+03 7.582649588584899902e-01
5.243288574218750000e+02 1.697440185546875000e+03 9.062939882278442383e-01
4.298542480468750000e+02 1.577224975585937500e+03 8.736909180879592896e-02
0.000000000000000000e+00 0.000000000000000000e+00 0.000000000000000000e+00
5.137161254882812500e+02 1.566361694335937500e+03 8.697056174278259277e-01
