7.758200683593750000e+02 7.075929565429687500e+02 8.924437165260314941e-01
6.082773437500000000e+02 8.543216552734375000e+02 7.509114742279052734e-01
5.870805664062500000e+02 8.541846923828125000e+02 7.566188573837280273e-01
4.773709411621093750e+02 1.147585693359375000e+03 9.060804247856140137e-01
5.661026611328125000e+02 9.432490844726562500e+02 7.536430954933166504e-01
6.449481201171875000e+02 8.543184204101562500e+02 7.145839333534240723e-01
6.186644897460937500e+02 1.021806701660156250e+03 1.278265863656997681e-01
5.974985961914062500e+02 1.079460327148437500e+03 3.939676284790039062e-01
4.090278625488281250e+02 1.194910644531250000e+03 6.340678930282592773e-01
3.672015686035156250e+02 1.226089965820312500e+03 6.573386788368225098e-01
7.180608520507812500e+02 1.398835449218750000e+03 8.505163788795471191e-01
5.188398437500000000e+02 1.655843872070312500e+03 8.509500026702880859e-01
4.509603881835937500e+02 1.184196166992187500e+03 5.311397314071655273e-01
6.864913330078125000e+02 1.236501220703125000e+03 8.834520578384399414e-01
5.190449218750000000e+02 1.482981323242187500e+03 8.581783175468444824e-01
7.650212402343750000e+02 6.865334472656250000e+02 8.824203610420227051e-01
0.000000000000000000e+00 0.000000000000000000e+00 0.000000000000000000e+00
6.813506469726562500e+02 6.920920410156250000e+02 7.495787739753723145e-01
0.000000000000000000e+00 0.000000000000000000e+00 0.000000000000000000e+00
5.663225097656250000e+02 1.519532836914062500e+03 1.632611155509948730e-01
5.608152465820312500e+02 1.488224121093750000e+03 1.350080072879791260e-01
4.824077758789062500e+02 1.503816406250000000e+03 8.815234303474426270e-01
6.395678710937500000e+02 1.733985107421875000e+03 7.443580031394958496e-01
5.976848144531250000e+02 1.739277099609375000e+03 7.687665820121765137e-01
4.770886535644531250e+02 1.666262084960937500e+03 8.215408325195312500e-01
