2.309765625000000000e+02 5.660508422851562500e+02 9.151515364646911621e-01
4.091048583984375000e+02 6.971132812500000000e+02 6.179749965667724609e-01
3.931461791992187500e+02 7.023399658203125000e+02 4.426836967468261719e-01
0.000000000000000000e+00 0.000000000000000000e+00 0.000000000000000000e+00
0.000000000000000000e+00 0.000000000000000000e+00 0.000000000000000000e+00
4.404970092773437500e+02 6.970752563476562500e+02 7.672182321548461914e-01
6.082576293945312500e+02 7.966972045898437500e+02 8.294242024421691895e-01
4.561927185058593750e+02 5.399990234375000000e+02 7.469832897186279297e-01
7.076442260742187500e+02 1.063609008789062500e+03 5.271824598312377930e-01
6.657551269531250000e+02 1.063936645507812500e+03 3.719847798347473145e-01
4.090755004882812500e+02 1.294215209960937500e+03 3.742950856685638428e-01
5.241400756835937500e+02 1.639931518554687500e+03 1.714944243431091309e-01
7.391650390625000000e+02 1.058577758789062500e+03 6.029540300369262695e-01
4.298314819335937500e+02 1.341374145507812500e+03 7.783800959587097168e-01
5.557380981445312500e+02 1.786614501953125000e+03 7.604864239692687988e-01
0.000000000000000000e+00 0.000000000000000000e+00 0.000000000000000000e+00
2.675215454101562500e+02 5.400576171875000000e+02 8.693545460700988770e-01
0.000000000000000000e+00 0.000000000000000000e+00 0.000000000000000000e+00
3.566322326660156250e+02 5.611736450195312500e+02 8.955175280570983887e-01
3.985950012207031250e+02 1.854785278320312500e+03 6.505669355392456055e-01
4.457126770019531250e+02 1.860119018554687500e+03 6.186263561248779297e-01
5.924375610351562500e+02 1.823091796875000000e+03 7.100424766540527344e-01
4.037281799316406250e+02 1.660848266601562500e+03 4.519407153129577637e-01
4.091594238281250000e+02 1.655555175781250000e+03 4.069893062114715576e-01
5.766653442382812500e+02 1.634667480468750000e+03 5.952126532793045044e-02
