1.418296813964843750e+02 6.761912231445312500e+02 9.035153388977050781e-01
3.201810607910156250e+02 7.704765625000000000e+02 6.947600841522216797e-01
3.146650390625000000e+02 7.652590942382812500e+02 5.167866945266723633e-01
0.000000000000000000e+00 0.000000000000000000e+00 0.000000000000000000e+00
0.000000000000000000e+00 0.000000000000000000e+00 0.000000000000000000e+00
3.462752380371093750e+02 7.755488891601562500e+02 8.319889903068542480e-01
5.240812988281250000e+02 9.537589721679687500e+02 8.849247694015502930e-01
3.094761047363281250e+02 8.544887695312500000e+02 9.306772947311401367e-01
6.027863769531250000e+02 1.100526611328125000e+03 6.208394765853881836e-01
5.660961914062500000e+02 1.079576416015625000e+03 4.460041522979736328e-01
3.512788391113281250e+02 1.147623535156250000e+03 8.376711010932922363e-01
5.188027343750000000e+02 1.409394165039062500e+03 8.191236257553100586e-01
6.291025390625000000e+02 1.111002929687500000e+03 6.689537167549133301e-01
3.564739379882812500e+02 1.351828613281250000e+03 8.680011034011840820e-01
5.399606933593750000e+02 1.577286499023437500e+03 7.845554351806640625e-01
0.000000000000000000e+00 0.000000000000000000e+00 0.000000000000000000e+00
1.628893432617187500e+02 6.498136596679687500e+02 8.823404312133789062e-01
0.000000000000000000e+00 0.000000000000000000e+00 0.000000000000000000e+00
2.413815307617187500e+02 6.813615722656250000e+02 8.555811643600463867e-01
4.353169555664062500e+02 1.702818725585937500e+03 7.598178982734680176e-01
4.823215637207031250e+02 1.702711547851562500e+03 6.875727772712707520e-01
5.818357543945312500e+02 1.597939331054687500e+03 7.853997945785522461e-01
5.138295898437500000e+02 1.477532104492187500e+03 1.040362864732742310e-01
0.000000000000000000e+00 0.000000000000000000e+00 0.000000000000000000e+00
5.399534301757812500e+02 1.425186035156250000e+03 7.783543467521667480e-01
