2.310183715820312500e+02 6.027706298828125000e+02 9.115511178970336914e-01
3.987558288574218750e+02 7.390981445312500000e+02 6.428213715553283691e-01
3.828034973144531250e+02 7.599924926757812500e+02 4.624568223953247070e-01
5.085491027832031250e+02 9.119399414062500000e+02 1.143801137804985046e-01
4.039331665039062500e+02 9.801893920898437500e+02 1.508918404579162598e-01
4.353458557128906250e+02 7.287472534179687500e+02 8.151432275772094727e-01
6.082145385742187500e+02 8.332915039062500000e+02 8.440311551094055176e-01
4.665253601074218750e+02 5.975939331054687500e+02 8.004976511001586914e-01
7.285109863281250000e+02 1.074190795898437500e+03 5.051662921905517578e-01
6.919097290039062500e+02 1.074307983398437500e+03 3.200621306896209717e-01
4.194719848632812500e+02 1.278642333984375000e+03 2.767190933227539062e-01
5.241203613281250000e+02 1.645046020507812500e+03 1.306257247924804688e-01
7.547529907226562500e+02 1.074257446289062500e+03 6.064546704292297363e-01
4.143163146972656250e+02 1.346672119140625000e+03 7.783622741699218750e-01
5.556844482421875000e+02 1.786538574218750000e+03 7.567700147628784180e-01
0.000000000000000000e+00 0.000000000000000000e+00 0.000000000000000000e+00
2.674678649902343750e+02 5.664935913085937500e+02 9.106830358505249023e-01
0.000000000000000000e+00 0.000000000000000000e+00 0.000000000000000000e+00
3.515526733398437500e+02 6.026500854492187500e+02 8.854717016220092773e-01
4.037380371093750000e+02 1.854611328125000000e+03 6.616586446762084961e-01
4.458207397460937500e+02 1.859956054687500000e+03 6.325708627700805664e-01
5.974403076171875000e+02 1.818228393554687500e+03 6.943348646163940430e-01
3.987345275878906250e+02 1.660923461914062500e+03 3.775136470794677734e-01
4.143174743652343750e+02 1.655587402343750000e+03 3.361786603927612305e-01
0.000000000000000000e+00 0.000000000000000000e+00 0.000000000000000000e+00
