2.311251678466796875e+02 7.757651977539062500e+02 9.318371415138244629e-01
3.984026489257812500e+02 8.962893066406250000e+02 7.440983057022094727e-01
3.985020141601562500e+02 8.856299438476562500e+02 5.521526932716369629e-01
3.202357482910156250e+02 1.105814575195312500e+03 8.977770805358886719e-02
0.000000000000000000e+00 0.000000000000000000e+00 0.000000000000000000e+00
3.935435791015625000e+02 9.066033935546875000e+02 8.467082977294921875e-01
4.248529968261718750e+02 1.147741577148437500e+03 9.047393202781677246e-01
3.201766967773437500e+02 9.382905883789062500e+02 8.898323774337768555e-01
5.818340454101562500e+02 1.231326171875000000e+03 6.205528378486633301e-01
5.819226074218750000e+02 1.200024780273437500e+03 4.677431583404541016e-01
3.512113037109375000e+02 1.315243286132812500e+03 9.028893709182739258e-01
4.773544921875000000e+02 1.535263549804687500e+03 8.379359841346740723e-01
5.819085693359375000e+02 1.257572265625000000e+03 6.142826676368713379e-01
3.200217895507812500e+02 1.482920410156250000e+03 9.109016656875610352e-01
4.929577331542968750e+02 1.692276245117187500e+03 8.275168538093566895e-01
0.000000000000000000e+00 0.000000000000000000e+00 0.000000000000000000e+00
2.623273620605468750e+02 7.599988403320312500e+02 8.850008845329284668e-01
0.000000000000000000e+00 0.000000000000000000e+00 0.000000000000000000e+00
3.460380859375000000e+02 7.756019897460937500e+02 9.304953813552856445e-01
3.828821716308593750e+02 1.750013427734375000e+03 7.665531635284423828e-01
4.143898925781250000e+02 1.765565917968750000e+03 7.509120702743530273e-01
5.245014038085937500e+02 1.697486083984375000e+03 9.255424141883850098e-01
4.350986633300781250e+02 1.571758056640625000e+03 9.056559205055236816e-02
4.509468688964843750e+02 1.556189941406250000e+03 6.025116890668869019e-02
5.138538818359375000e+02 1.566410766601562500e+03 8.920940160751342773e-01
