8.700865478515625000e+02 3.097378845214843750e+02 7.748095989227294922e-01
6.029270629882812500e+02 4.351421203613281250e+02 5.813210606575012207e-01
5.608399047851562500e+02 4.299142150878906250e+02 5.712106227874755859e-01
3.146333618164062500e+02 6.029553833007812500e+02 8.166753053665161133e-01
5.244323730468750000e+02 3.460675964355468750e+02 8.036675453186035156e-01
6.657344970703125000e+02 4.404562072753906250e+02 4.404598474502563477e-01
0.000000000000000000e+00 0.000000000000000000e+00 0.000000000000000000e+00
0.000000000000000000e+00 0.000000000000000000e+00 0.000000000000000000e+00
3.828679809570312500e+02 8.805112915039062500e+02 5.089800357818603516e-01
3.096505737304687500e+02 9.013905029296875000e+02 5.440343022346496582e-01
6.709871215820312500e+02 1.105419921875000000e+03 7.755239605903625488e-01
4.353469848632812500e+02 1.535103149414062500e+03 7.515680789947509766e-01
4.666537475585937500e+02 8.595122680664062500e+02 4.183897972106933594e-01
7.495366210937500000e+02 9.855123901367187500e+02 7.933304905891418457e-01
5.975834350585937500e+02 1.278547607421875000e+03 1.739060580730438232e-01
8.595413208007812500e+02 2.673788757324218750e+02 8.786161541938781738e-01
0.000000000000000000e+00 0.000000000000000000e+00 0.000000000000000000e+00
7.391038208007812500e+02 2.310824737548828125e+02 8.801377415657043457e-01
0.000000000000000000e+00 0.000000000000000000e+00 0.000000000000000000e+00
6.499179077148437500e+02 1.336142333984375000e+03 3.695131540298461914e-01
6.448923339843750000e+02 1.325682739257812500e+03 3.899269998073577881e-01
6.078692016601562500e+02 1.320340209960937500e+03 1.091744452714920044e-01
5.244378051757812500e+02 1.671395263671875000e+03 6.218878030776977539e-01
4.718849487304687500e+02 1.660927978515625000e+03 5.517827272415161133e-01
3.881880493164062500e+02 1.556053833007812500e+03 6.259392499923706055e-01
