8.752134399414062500e+02 3.409848632812500000e+02 7.550976872444152832e-01
6.029765625000000000e+02 4.719626159667968750e+02 5.625217556953430176e-01
5.661851806640625000e+02 4.876194458007812500e+02 4.379783570766448975e-01
3.201881408691406250e+02 6.447272338867187500e+02 7.773151993751525879e-01
5.241619262695312500e+02 3.879323730468750000e+02 7.958262562751770020e-01
6.552614135742187500e+02 4.562582397460937500e+02 3.682425916194915771e-01
0.000000000000000000e+00 0.000000000000000000e+00 0.000000000000000000e+00
0.000000000000000000e+00 0.000000000000000000e+00 0.000000000000000000e+00
3.984858703613281250e+02 9.067022094726562500e+02 5.263122320175170898e-01
3.304704589843750000e+02 9.328427734375000000e+02 5.040201544761657715e-01
7.024732055664062500e+02 1.110740478515625000e+03 7.989031672477722168e-01
4.457122497558593750e+02 1.556137084960937500e+03 7.072011232376098633e-01
4.719465942382812500e+02 8.960834960937500000e+02 4.217341244220733643e-01
7.704259033203125000e+02 1.011410888671875000e+03 7.934842705726623535e-01
6.186193237304687500e+02 1.210473754882812500e+03 5.997502803802490234e-02
8.595893554687500000e+02 2.833531188964843750e+02 8.481097221374511719e-01
0.000000000000000000e+00 0.000000000000000000e+00 0.000000000000000000e+00
7.494694213867187500e+02 2.675049743652343750e+02 8.540146350860595703e-01
0.000000000000000000e+00 0.000000000000000000e+00 0.000000000000000000e+00
0.000000000000000000e+00 0.000000000000000000e+00 0.000000000000000000e+00
0.000000000000000000e+00 0.000000000000000000e+00 0.000000000000000000e+00
0.000000000000000000e+00 0.000000000000000000e+00 0.000000000000000000e+00
5.609937133789062500e+02 1.681825317382812500e+03 6.242449283599853516e-01
5.086080932617187500e+02 1.676693725585937500e+03 5.443717837333679199e-01
3.986250610351562500e+02 1.571796875000000000e+03 7.310705780982971191e-01
