8.540910644531250000e+02 5.192593994140625000e+02 9.480338096618652344e-01
6.447051391601562500e+02 6.605704345703125000e+02 6.716239452362060547e-01
6.080919189453125000e+02 6.709546508789062500e+02 7.671579122543334961e-01
4.773512573242187500e+02 9.067278442382812500e+02 8.661206364631652832e-01
6.445919189453125000e+02 7.128123168945312500e+02 8.176603913307189941e-01
6.814876098632812500e+02 6.553400878906250000e+02 6.090711951255798340e-01
6.447805786132812500e+02 8.385271606445312500e+02 1.112612187862396240e-01
0.000000000000000000e+00 0.000000000000000000e+00 0.000000000000000000e+00
3.566460266113281250e+02 9.537685546875000000e+02 6.265521645545959473e-01
3.095531921386718750e+02 9.695759887695312500e+02 6.508722901344299316e-01
5.713793945312500000e+02 1.236483764648437500e+03 7.963825464248657227e-01
4.876172485351562500e+02 1.582343750000000000e+03 7.907043099403381348e-01
4.039377746582031250e+02 9.433685302734375000e+02 5.494224429130554199e-01
5.715382080078125000e+02 1.116208496093750000e+03 8.052510619163513184e-01
5.188276977539062500e+02 1.398951538085937500e+03 7.307494878768920898e-01
8.229000244140625000e+02 4.876316223144531250e+02 8.838223218917846680e-01
0.000000000000000000e+00 0.000000000000000000e+00 0.000000000000000000e+00
7.391229858398437500e+02 5.086370239257812500e+02 7.222793102264404297e-01
0.000000000000000000e+00 0.000000000000000000e+00 0.000000000000000000e+00
6.082598266601562500e+02 1.435580566406250000e+03 7.557640671730041504e-01
6.079755859375000000e+02 1.419908203125000000e+03 7.345147728919982910e-01
4.561147766113281250e+02 1.425209350585937500e+03 4.133945703506469727e-01
6.291273803710937500e+02 1.650460937500000000e+03 7.944710850715637207e-01
5.819763793945312500e+02 1.655927978515625000e+03 7.541363239288330078e-01
4.562117004394531250e+02 1.608637451171875000e+03 7.530280351638793945e-01
