8.120821533203125000e+02 8.280329589843750000e+02 8.759274482727050781e-01
6.343104248046875000e+02 9.694603271484375000e+02 6.855628490447998047e-01
6.082260742187500000e+02 9.748027343750000000e+02 7.839741706848144531e-01
4.877103881835937500e+02 1.252389404296875000e+03 8.301882147789001465e-01
5.976410522460937500e+02 1.053334106445312500e+03 6.503043770790100098e-01
6.604485473632812500e+02 9.538280029296875000e+02 5.857870578765869141e-01
0.000000000000000000e+00 0.000000000000000000e+00 0.000000000000000000e+00
0.000000000000000000e+00 0.000000000000000000e+00 0.000000000000000000e+00
3.933590393066406250e+02 1.278576416015625000e+03 5.819483995437622070e-01
3.671064758300781250e+02 1.315057739257812500e+03 6.812313199043273926e-01
7.286098022460937500e+02 1.404286743164062500e+03 9.015479683876037598e-01
5.086663513183593750e+02 1.650473632812500000e+03 8.349794149398803711e-01
4.194897155761718750e+02 1.241875000000000000e+03 3.998169898986816406e-01
6.918688964843750000e+02 1.231565185546875000e+03 8.605595827102661133e-01
5.192316284179687500e+02 1.482828002929687500e+03 8.117554187774658203e-01
7.809298095703125000e+02 8.121351318359375000e+02 8.912408947944641113e-01
0.000000000000000000e+00 0.000000000000000000e+00 0.000000000000000000e+00
6.973338012695312500e+02 8.175544433593750000e+02 7.455995678901672363e-01
0.000000000000000000e+00 0.000000000000000000e+00 0.000000000000000000e+00
5.661755371093750000e+02 1.509018798828125000e+03 1.882281601428985596e-01
5.609912719726562500e+02 1.488110229492187500e+03 1.802790015935897827e-01
4.823977050781250000e+02 1.493386474609375000e+03 7.862780094146728516e-01
6.393879394531250000e+02 1.723695556640625000e+03 7.137938141822814941e-01
5.975329589843750000e+02 1.734017822265625000e+03 7.333991527557373047e-01
4.718723449707031250e+02 1.655815795898437500e+03 8.159146308898925781e-01
