1.158385314941406250e+02 6.865714111328125000e+02 8.890464305877685547e-01
3.146710815429687500e+02 7.757128906250000000e+02 6.850528717041015625e-01
3.095848388671875000e+02 7.704138793945312500e+02 5.222430229187011719e-01
4.457377929687500000e+02 8.542180175781250000e+02 7.071414589881896973e-02
0.000000000000000000e+00 0.000000000000000000e+00 0.000000000000000000e+00
3.200098876953125000e+02 7.808865966796875000e+02 7.583920955657958984e-01
5.136221313476562500e+02 9.694842529296875000e+02 8.280529975891113281e-01
2.884961242675781250e+02 8.594567260742187500e+02 8.599513769149780273e-01
5.661474609375000000e+02 1.111156005859375000e+03 6.035689115524291992e-01
5.242586059570312500e+02 1.105687988281250000e+03 4.710159301757812500e-01
3.199857788085937500e+02 1.163253662109375000e+03 8.090373277664184570e-01
4.826227722167968750e+02 1.430387207031250000e+03 7.778666019439697266e-01
6.079595336914062500e+02 1.131932617187500000e+03 6.472823023796081543e-01
3.305776062011718750e+02 1.372900512695312500e+03 8.041883111000061035e-01
5.191184082031250000e+02 1.608590454101562500e+03 8.492095470428466797e-01
0.000000000000000000e+00 0.000000000000000000e+00 0.000000000000000000e+00
1.469812622070312500e+02 6.603831787109375000e+02 9.049522876739501953e-01
0.000000000000000000e+00 0.000000000000000000e+00 0.000000000000000000e+00
2.258414916992187500e+02 6.917509155273437500e+02 9.089332222938537598e-01
4.039264526367187500e+02 1.723741088867187500e+03 7.831428647041320801e-01
4.562129211425781250e+02 1.723650634765625000e+03 6.920881271362304688e-01
5.609517211914062500e+02 1.618911743164062500e+03 8.086585998535156250e-01
5.033255920410156250e+02 1.482956665039062500e+03 1.933083534240722656e-01
0.000000000000000000e+00 0.000000000000000000e+00 0.000000000000000000e+00
5.189910278320312500e+02 1.440997436523437500e+03 8.340948820114135742e-01
