7.905604553222656250e+01 8.908684082031250000e+02 8.333543539047241211e-01
3.043316650390625000e+02 9.486799316406250000e+02 6.963235735893249512e-01
3.146460571289062500e+02 9.223240356445312500e+02 5.522087812423706055e-01
0.000000000000000000e+00 0.000000000000000000e+00 0.000000000000000000e+00
0.000000000000000000e+00 0.000000000000000000e+00 0.000000000000000000e+00
2.989915466308593750e+02 9.850816650390625000e+02 7.610807418823242188e-01
4.090617980957031250e+02 1.178994873046875000e+03 8.365821838378906250e-01
1.889903106689453125e+02 1.063926879882812500e+03 9.131251573562622070e-01
6.028284912109375000e+02 1.215675292968750000e+03 4.733538329601287842e-01
5.923782348632812500e+02 1.194764526367187500e+03 2.781399488449096680e-01
3.147074584960937500e+02 1.315350830078125000e+03 1.323475241661071777e-01
0.000000000000000000e+00 0.000000000000000000e+00 0.000000000000000000e+00
6.132571411132812500e+02 1.236576293945312500e+03 6.754226088523864746e-01
3.093686218261718750e+02 1.351859985351562500e+03 8.666830062866210938e-01
5.347919921875000000e+02 1.535394165039062500e+03 7.603639960289001465e-01
0.000000000000000000e+00 0.000000000000000000e+00 0.000000000000000000e+00
1.050868911743164062e+02 8.594515380859375000e+02 9.238458275794982910e-01
0.000000000000000000e+00 0.000000000000000000e+00 0.000000000000000000e+00
1.837670593261718750e+02 8.909926757812500000e+02 8.525751829147338867e-01
4.352728576660156250e+02 1.655925415039062500e+03 7.736616730690002441e-01
4.772635192871093750e+02 1.655756835937500000e+03 6.988521814346313477e-01
5.767476196289062500e+02 1.545682617187500000e+03 7.442232370376586914e-01
0.000000000000000000e+00 0.000000000000000000e+00 0.000000000000000000e+00
0.000000000000000000e+00 0.000000000000000000e+00 0.000000000000000000e+00
0.000000000000000000e+00 0.000000000000000000e+00 0.000000000000000000e+00
