2.414608612060546875e+02 7.287364501953125000e+02 8.925459384918212891e-01
4.039392089843750000e+02 8.544072265625000000e+02 6.997376680374145508e-01
4.194416503906250000e+02 8.488712768554687500e+02 5.321007966995239258e-01
3.253064880371093750e+02 1.063701049804687500e+03 1.844040155410766602e-01
3.304586181640625000e+02 1.026999755859375000e+03 5.282380431890487671e-02
3.987913818359375000e+02 8.597691040039062500e+02 8.549076914787292480e-01
4.350681152343750000e+02 1.100516113281250000e+03 9.096145629882812500e-01
3.410251159667968750e+02 8.963314208984375000e+02 8.751220703125000000e-01
5.713752441406250000e+02 1.194929077148437500e+03 6.462683081626892090e-01
5.661682739257812500e+02 1.189419067382812500e+03 4.703430831432342529e-01
3.514140319824218750e+02 1.315295654296875000e+03 9.152410030364990234e-01
4.821868896484375000e+02 1.540546630859375000e+03 8.107981085777282715e-01
5.715782470703125000e+02 1.226023559570312500e+03 6.724073886871337891e-01
3.408394470214843750e+02 1.472375854492187500e+03 8.272826671600341797e-01
4.928590087890625000e+02 1.692301147460937500e+03 8.251273632049560547e-01
0.000000000000000000e+00 0.000000000000000000e+00 0.000000000000000000e+00
2.676811828613281250e+02 7.076314086914062500e+02 8.953679203987121582e-01
0.000000000000000000e+00 0.000000000000000000e+00 0.000000000000000000e+00
3.516758117675781250e+02 7.288067016601562500e+02 9.854636788368225098e-01
3.776597290039062500e+02 1.755171142578125000e+03 7.656047940254211426e-01
4.142481384277343750e+02 1.770707519531250000e+03 7.685948610305786133e-01
5.244974365234375000e+02 1.697540405273437500e+03 8.951678872108459473e-01
4.247269897460937500e+02 1.603285156250000000e+03 9.566082060337066650e-02
0.000000000000000000e+00 0.000000000000000000e+00 0.000000000000000000e+00
5.138579711914062500e+02 1.566631835937500000e+03 8.707351684570312500e-01
