7.965812377929687500e+02 1.026961791992187500e+03 9.273323416709899902e-01
6.132328491210937500e+02 1.000928405761718750e+03 7.674099206924438477e-01
6.132299194335937500e+02 1.037524780273437500e+03 8.173268437385559082e-01
4.822259521484375000e+02 1.220790039062500000e+03 8.597432374954223633e-01
6.237567749023437500e+02 1.137016479492187500e+03 7.814197540283203125e-01
6.132970581054687500e+02 9.590681762695312500e+02 6.829439401626586914e-01
5.192276611328125000e+02 1.110794189453125000e+03 6.078840419650077820e-02
0.000000000000000000e+00 0.000000000000000000e+00 0.000000000000000000e+00
2.886265869140625000e+02 1.231212524414062500e+03 6.051335930824279785e-01
3.042524719238281250e+02 1.242015380859375000e+03 6.902300715446472168e-01
6.343511352539062500e+02 1.247218139648437500e+03 8.374363183975219727e-01
4.823272705078125000e+02 1.519375976562500000e+03 8.382408618927001953e-01
2.780398254394531250e+02 1.194903076171875000e+03 4.670396745204925537e-01
5.870481567382812500e+02 1.194900146484375000e+03 4.845066368579864502e-01
4.825288391113281250e+02 1.414706176757812500e+03 7.788762450218200684e-01
7.862382812500000000e+02 1.006122192382812500e+03 8.383361101150512695e-01
0.000000000000000000e+00 0.000000000000000000e+00 0.000000000000000000e+00
7.287161254882812500e+02 9.850067749023437500e+02 9.586296677589416504e-01
0.000000000000000000e+00 0.000000000000000000e+00 0.000000000000000000e+00
6.026124877929687500e+02 1.435551147460937500e+03 6.694665551185607910e-01
5.976871337890625000e+02 1.430354858398437500e+03 6.697928309440612793e-01
4.406798400878906250e+02 1.435511230468750000e+03 7.219969630241394043e-01
6.028843994140625000e+02 1.571750488281250000e+03 7.880024909973144531e-01
5.660382080078125000e+02 1.577116577148437500e+03 8.186809420585632324e-01
4.457403869628906250e+02 1.530062133789062500e+03 8.502189517021179199e-01
