7.757947387695312500e+02 7.024150390625000000e+02 9.072576761245727539e-01
6.083495483398437500e+02 8.544774169921875000e+02 7.804341316223144531e-01
5.871052246093750000e+02 8.542438354492187500e+02 7.679897546768188477e-01
4.823861389160156250e+02 1.147457275390625000e+03 9.089566469192504883e-01
5.663382568359375000e+02 9.379957885742187500e+02 7.517063617706298828e-01
6.498467407226562500e+02 8.593251342773437500e+02 7.568504810333251953e-01
6.238831176757812500e+02 1.027252319335937500e+03 9.546553343534469604e-02
0.000000000000000000e+00 0.000000000000000000e+00 0.000000000000000000e+00
4.143045654296875000e+02 1.194664062500000000e+03 6.143827438354492188e-01
3.672104797363281250e+02 1.215696533203125000e+03 6.163905262947082520e-01
7.180789794921875000e+02 1.398980590820312500e+03 8.506025075912475586e-01
5.188609619140625000e+02 1.655812133789062500e+03 8.562451004981994629e-01
4.614652404785156250e+02 1.178993408203125000e+03 4.963811039924621582e-01
6.864260253906250000e+02 1.236487548828125000e+03 8.779342174530029297e-01
5.189928588867187500e+02 1.482903564453125000e+03 8.561724424362182617e-01
7.600275268554687500e+02 6.814500732421875000e+02 8.690543174743652344e-01
0.000000000000000000e+00 0.000000000000000000e+00 0.000000000000000000e+00
6.812775268554687500e+02 6.917183227539062500e+02 7.594382762908935547e-01
0.000000000000000000e+00 0.000000000000000000e+00 0.000000000000000000e+00
5.662904052734375000e+02 1.524533935546875000e+03 1.665661633014678955e-01
5.609122924804687500e+02 1.488230957031250000e+03 1.389872431755065918e-01
4.823629760742187500e+02 1.503765014648437500e+03 8.997777700424194336e-01
6.446758422851562500e+02 1.728999023437500000e+03 7.448061108589172363e-01
6.028035888671875000e+02 1.734383300781250000e+03 7.715960741043090820e-01
4.771047058105468750e+02 1.666219116210937500e+03 8.267105221748352051e-01
