1.472368774414062500e+02 6.552046508789062500e+02 9.088345170021057129e-01
3.515487365722656250e+02 7.547369995117187500e+02 6.686146855354309082e-01
3.565361938476562500e+02 7.339863281250000000e+02 5.287468433380126953e-01
0.000000000000000000e+00 0.000000000000000000e+00 0.000000000000000000e+00
0.000000000000000000e+00 0.000000000000000000e+00 0.000000000000000000e+00
3.565692443847656250e+02 7.652810058593750000e+02 8.400057554244995117e-01
5.296879882812500000e+02 9.432495117187500000e+02 8.971468210220336914e-01
3.146913452148437500e+02 8.540794067382812500e+02 9.165637493133544922e-01
6.132590332031250000e+02 1.074394653320312500e+03 6.168271303176879883e-01
5.767555541992187500e+02 1.068905761718750000e+03 4.758568406105041504e-01
3.568142700195312500e+02 1.126651367187500000e+03 8.183978199958801270e-01
5.242258300781250000e+02 1.399035400390625000e+03 8.374270200729370117e-01
6.446792602539062500e+02 1.100309936523437500e+03 6.675877571105957031e-01
3.620661010742187500e+02 1.325615722656250000e+03 8.498370647430419922e-01
5.555797729492187500e+02 1.571642456054687500e+03 8.460503220558166504e-01
0.000000000000000000e+00 0.000000000000000000e+00 0.000000000000000000e+00
1.785979614257812500e+02 6.395100097656250000e+02 8.908702135086059570e-01
0.000000000000000000e+00 0.000000000000000000e+00 0.000000000000000000e+00
2.572435607910156250e+02 6.554354248046875000e+02 8.531961441040039062e-01
4.404971618652343750e+02 1.686982299804687500e+03 7.805638313293457031e-01
4.876863403320312500e+02 1.686978393554687500e+03 6.906979084014892578e-01
5.922849731445312500e+02 1.572092163085937500e+03 7.927131056785583496e-01
5.191643676757812500e+02 1.446003417968750000e+03 1.177599206566810608e-01
0.000000000000000000e+00 0.000000000000000000e+00 0.000000000000000000e+00
5.556904907226562500e+02 1.409417602539062500e+03 7.996284365653991699e-01
