8.751604003906250000e+02 4.090927124023437500e+02 7.945033311843872070e-01
6.080193481445312500e+02 5.084620361328125000e+02 5.777676105499267578e-01
5.607939453125000000e+02 5.032580566406250000e+02 5.389361381530761719e-01
3.409630737304687500e+02 6.920683593750000000e+02 7.832230329513549805e-01
5.348699340820312500e+02 4.349808349609375000e+02 7.909868955612182617e-01
6.760840454101562500e+02 5.086289062500000000e+02 4.387411475181579590e-01
0.000000000000000000e+00 0.000000000000000000e+00 0.000000000000000000e+00
0.000000000000000000e+00 0.000000000000000000e+00 0.000000000000000000e+00
3.932988891601562500e+02 9.484960937500000000e+02 5.302873849868774414e-01
3.200459899902343750e+02 9.746926879882812500e+02 5.372571349143981934e-01
7.075507202148437500e+02 1.147537719726562500e+03 8.182758092880249023e-01
4.561407165527343750e+02 1.592872680664062500e+03 6.679337620735168457e-01
4.666706848144531250e+02 9.329190063476562500e+02 4.121446609497070312e-01
7.705428466796875000e+02 1.037570434570312500e+03 8.035145998001098633e-01
6.134423828125000000e+02 1.200118530273437500e+03 8.854512125253677368e-02
8.596998901367187500e+02 3.569287109375000000e+02 8.682365417480468750e-01
0.000000000000000000e+00 0.000000000000000000e+00 0.000000000000000000e+00
7.547454833984375000e+02 3.252349548339843750e+02 8.124491572380065918e-01
0.000000000000000000e+00 0.000000000000000000e+00 0.000000000000000000e+00
0.000000000000000000e+00 0.000000000000000000e+00 0.000000000000000000e+00
0.000000000000000000e+00 0.000000000000000000e+00 0.000000000000000000e+00
0.000000000000000000e+00 0.000000000000000000e+00 0.000000000000000000e+00
5.662622680664062500e+02 1.734046508789062500e+03 5.769201517105102539e-01
5.451662597656250000e+02 1.728979980468750000e+03 4.169954657554626465e-01
4.039251403808593750e+02 1.608691772460937500e+03 6.664988994598388672e-01
