8.752598266601562500e+02 3.253298034667968750e+02 7.816099524497985840e-01
6.080004272460937500e+02 4.457845764160156250e+02 6.001344323158264160e-01
5.610421752929687500e+02 4.458478088378906250e+02 5.636863708496093750e-01
3.201023864746093750e+02 6.342050781250000000e+02 7.524719238281250000e-01
5.400484008789062500e+02 3.567870178222656250e+02 7.751554846763610840e-01
6.709055786132812500e+02 4.561792907714843750e+02 4.578666090965270996e-01
0.000000000000000000e+00 0.000000000000000000e+00 0.000000000000000000e+00
0.000000000000000000e+00 0.000000000000000000e+00 0.000000000000000000e+00
3.881027832031250000e+02 9.013423461914062500e+02 5.111072659492492676e-01
3.199963989257812500e+02 9.223793334960937500e+02 5.062001943588256836e-01
6.919108276367187500e+02 1.105838500976562500e+03 8.503038287162780762e-01
4.403270568847656250e+02 1.540410766601562500e+03 7.308856844902038574e-01
4.614726867675781250e+02 8.856633911132812500e+02 3.940673172473907471e-01
7.702960205078125000e+02 1.000893005371093750e+03 7.813150286674499512e-01
6.080885620117187500e+02 1.194663574218750000e+03 5.107904970645904541e-02
8.595401000976562500e+02 2.731332702636718750e+02 8.812107443809509277e-01
0.000000000000000000e+00 0.000000000000000000e+00 0.000000000000000000e+00
7.441904296875000000e+02 2.571278686523437500e+02 8.225443363189697266e-01
0.000000000000000000e+00 0.000000000000000000e+00 0.000000000000000000e+00
0.000000000000000000e+00 0.000000000000000000e+00 0.000000000000000000e+00
0.000000000000000000e+00 0.000000000000000000e+00 0.000000000000000000e+00
0.000000000000000000e+00 0.000000000000000000e+00 0.000000000000000000e+00
5.555901489257812500e+02 1.666243530273437500e+03 6.311226487159729004e-01
5.085719299316406250e+02 1.666146728515625000e+03 5.262250900268554688e-01
3.932578735351562500e+02 1.561389282226562500e+03 6.759821176528930664e-01
