8.072126464843750000e+02 7.863232421875000000e+02 8.607912659645080566e-01
6.343222045898437500e+02 9.379234008789062500e+02 7.279852628707885742e-01
6.079920043945312500e+02 9.380891113281250000e+02 7.930827736854553223e-01
4.981150207519531250e+02 1.220830200195312500e+03 8.126331567764282227e-01
6.029371337890625000e+02 1.016551391601562500e+03 7.141592502593994141e-01
6.657461547851562500e+02 9.327498779296875000e+02 6.299948096275329590e-01
0.000000000000000000e+00 0.000000000000000000e+00 0.000000000000000000e+00
0.000000000000000000e+00 0.000000000000000000e+00 0.000000000000000000e+00
3.986301879882812500e+02 1.257659912109375000e+03 5.696430206298828125e-01
3.724706420898437500e+02 1.278709716796875000e+03 6.797382235527038574e-01
7.286702270507812500e+02 1.404256835937500000e+03 8.916627764701843262e-01
5.137894287109375000e+02 1.650577758789062500e+03 8.460521697998046875e-01
4.300659179687500000e+02 1.226190917968750000e+03 4.290868341922760010e-01
6.918984375000000000e+02 1.236462036132812500e+03 8.768998980522155762e-01
5.192311401367187500e+02 1.482622924804687500e+03 8.466545939445495605e-01
7.760198364257812500e+02 7.702896728515625000e+02 9.151766300201416016e-01
0.000000000000000000e+00 0.000000000000000000e+00 0.000000000000000000e+00
6.972790527343750000e+02 7.756439208984375000e+02 7.768069505691528320e-01
0.000000000000000000e+00 0.000000000000000000e+00 0.000000000000000000e+00
5.871414794921875000e+02 1.488063964843750000e+03 3.054319322109222412e-01
5.765960083007812500e+02 1.482560913085937500e+03 2.967994213104248047e-01
4.824672546386718750e+02 1.493294799804687500e+03 8.947554230690002441e-01
6.343031005859375000e+02 1.718557006835937500e+03 7.048985958099365234e-01
5.923967895507812500e+02 1.729046142578125000e+03 7.195345759391784668e-01
4.768846740722656250e+02 1.655912475585937500e+03 8.178679943084716797e-01
