9.017054443359375000e+02 1.147429199218750000e+03 8.983157873153686523e-01
6.710030517578125000e+02 1.226109741210937500e+03 6.666375994682312012e-01
6.864281616210937500e+02 1.236611572265625000e+03 8.275496363639831543e-01
6.027935180664062500e+02 1.509053710937500000e+03 8.167318701744079590e-01
7.758310546875000000e+02 1.299528930664062500e+03 8.358757495880126953e-01
6.501395874023437500e+02 1.194635864257812500e+03 5.613120794296264648e-01
0.000000000000000000e+00 0.000000000000000000e+00 0.000000000000000000e+00
0.000000000000000000e+00 0.000000000000000000e+00 0.000000000000000000e+00
3.828633117675781250e+02 1.571715454101562500e+03 4.890905022621154785e-01
3.670983276367187500e+02 1.587489990234375000e+03 6.021495461463928223e-01
7.023366088867187500e+02 1.577276855468750000e+03 7.319451570510864258e-01
5.347500000000000000e+02 1.912371337890625000e+03 5.471398234367370605e-01
3.881380615234375000e+02 1.556071289062500000e+03 3.320864439010620117e-01
7.232180786132812500e+02 1.571761352539062500e+03 2.129031270742416382e-01
5.347152709960937500e+02 1.823208740234375000e+03 3.184000253677368164e-01
8.909657592773437500e+02 1.110703491210937500e+03 9.399532079696655273e-01
0.000000000000000000e+00 0.000000000000000000e+00 0.000000000000000000e+00
8.018223266601562500e+02 1.116197021484375000e+03 8.636658787727355957e-01
0.000000000000000000e+00 0.000000000000000000e+00 0.000000000000000000e+00
6.760242309570312500e+02 1.854685180664062500e+03 7.020241767168045044e-02
0.000000000000000000e+00 0.000000000000000000e+00 0.000000000000000000e+00
4.875639953613281250e+02 1.823164794921875000e+03 2.897253036499023438e-01
5.399916992187500000e+02 1.912480712890625000e+03 1.286652386188507080e-01
0.000000000000000000e+00 0.000000000000000000e+00 0.000000000000000000e+00
5.189423828125000000e+02 1.912398681640625000e+03 3.808884024620056152e-01
