1.157829132080078125e+02 7.546709594726562500e+02 8.265634775161743164e-01
3.096772766113281250e+02 8.490332641601562500e+02 6.602007150650024414e-01
2.937771301269531250e+02 8.489479980468750000e+02 4.705528318881988525e-01
0.000000000000000000e+00 0.000000000000000000e+00 0.000000000000000000e+00
0.000000000000000000e+00 0.000000000000000000e+00 0.000000000000000000e+00
3.253299560546875000e+02 8.539917602539062500e+02 7.914098501205444336e-01
4.717162170410156250e+02 1.032339843750000000e+03 8.641549944877624512e-01
2.519098663330078125e+02 9.276411132812500000e+02 8.124416470527648926e-01
6.081569824218750000e+02 1.152690551757812500e+03 5.875669121742248535e-01
5.975883789062500000e+02 1.137075561523437500e+03 3.705689609050750732e-01
3.305321655273437500e+02 1.142447021484375000e+03 7.849090099334716797e-01
5.033729553222656250e+02 1.378084716796875000e+03 7.451562285423278809e-01
6.238039550781250000e+02 1.168583129882812500e+03 6.274762749671936035e-01
3.201941223144531250e+02 1.325784790039062500e+03 8.213099241256713867e-01
5.295522460937500000e+02 1.561340332031250000e+03 7.967348098754882812e-01
0.000000000000000000e+00 0.000000000000000000e+00 0.000000000000000000e+00
1.421284790039062500e+02 7.287429199218750000e+02 9.413875341415405273e-01
0.000000000000000000e+00 0.000000000000000000e+00 0.000000000000000000e+00
2.256911468505859375e+02 7.651531982421875000e+02 8.894687294960021973e-01
4.350803527832031250e+02 1.676683837890625000e+03 7.829208374023437500e-01
4.770483703613281250e+02 1.676576660156250000e+03 6.787086129188537598e-01
5.714413452148437500e+02 1.566577270507812500e+03 8.103266954421997070e-01
5.138322753906250000e+02 1.409519042968750000e+03 2.124818414449691772e-01
5.192245483398437500e+02 1.409394897460937500e+03 2.244049608707427979e-01
5.295622558593750000e+02 1.398852416992187500e+03 7.846485972404479980e-01
