7.862935180664062500e+02 6.814137573242187500e+02 8.514782786369323730e-01
6.133179321289062500e+02 7.702238159179687500e+02 6.146090626716613770e-01
6.132368774414062500e+02 7.754994506835937500e+02 8.977636098861694336e-01
5.192097167968750000e+02 9.643514404296875000e+02 8.909196257591247559e-01
6.501040649414062500e+02 8.178515014648437500e+02 8.981582522392272949e-01
6.237647094726562500e+02 7.442755737304687500e+02 4.742328226566314697e-01
0.000000000000000000e+00 0.000000000000000000e+00 0.000000000000000000e+00
0.000000000000000000e+00 0.000000000000000000e+00 0.000000000000000000e+00
3.565221862792968750e+02 9.904539184570312500e+02 6.596787571907043457e-01
3.304118957519531250e+02 1.006125610351562500e+03 6.852965354919433594e-01
6.080510864257812500e+02 1.199931518554687500e+03 9.133010506629943848e-01
4.718793029785156250e+02 1.477601928710937500e+03 8.286998867988586426e-01
3.879938049316406250e+02 9.851027221679687500e+02 5.221168994903564453e-01
5.975088500976562500e+02 1.105881225585937500e+03 8.905146718025207520e-01
4.666680603027343750e+02 1.362382690429687500e+03 7.899205684661865234e-01
7.757446899414062500e+02 6.500456542968750000e+02 9.481928348541259766e-01
0.000000000000000000e+00 0.000000000000000000e+00 0.000000000000000000e+00
7.180402221679687500e+02 6.551930541992187500e+02 8.818244338035583496e-01
0.000000000000000000e+00 0.000000000000000000e+00 0.000000000000000000e+00
5.663651733398437500e+02 1.393852905273437500e+03 7.097222208976745605e-01
5.661773071289062500e+02 1.383383056640625000e+03 6.924211382865905762e-01
4.300818176269531250e+02 1.388465820312500000e+03 8.436775207519531250e-01
5.872282714843750000e+02 1.519479736328125000e+03 8.006768226623535156e-01
5.608992919921875000e+02 1.524933959960937500e+03 8.929548859596252441e-01
4.353166809082031250e+02 1.488263916015625000e+03 8.537589311599731445e-01
