6.880240631103515625e+01 8.907117309570312500e+02 8.402034044265747070e-01
2.990022888183593750e+02 9.486716918945312500e+02 6.385522484779357910e-01
2.990129699707031250e+02 9.275820312500000000e+02 4.613131880760192871e-01
0.000000000000000000e+00 0.000000000000000000e+00 0.000000000000000000e+00
0.000000000000000000e+00 0.000000000000000000e+00 0.000000000000000000e+00
3.041989135742187500e+02 9.799966430664062500e+02 7.733099460601806641e-01
4.038643493652343750e+02 1.168469848632812500e+03 8.485242128372192383e-01
1.888771972656250000e+02 1.063815429687500000e+03 9.226691722869873047e-01
5.976510620117187500e+02 1.205199340820312500e+03 4.908538758754730225e-01
5.766719360351562500e+02 1.194678222656250000e+03 3.020681440830230713e-01
3.095969238281250000e+02 1.320478393554687500e+03 2.196125835180282593e-01
0.000000000000000000e+00 0.000000000000000000e+00 0.000000000000000000e+00
6.132796020507812500e+02 1.231190917968750000e+03 6.763966083526611328e-01
3.097096557617187500e+02 1.351789794921875000e+03 8.590462207794189453e-01
5.347824707031250000e+02 1.540398803710937500e+03 7.561147212982177734e-01
0.000000000000000000e+00 0.000000000000000000e+00 0.000000000000000000e+00
1.000526885986328125e+02 8.594209594726562500e+02 9.379438161849975586e-01
0.000000000000000000e+00 0.000000000000000000e+00 0.000000000000000000e+00
1.837380218505859375e+02 8.960342407226562500e+02 9.061980843544006348e-01
4.353246459960937500e+02 1.660841064453125000e+03 7.803266644477844238e-01
4.772787475585937500e+02 1.655802001953125000e+03 7.060894370079040527e-01
5.818220825195312500e+02 1.545667602539062500e+03 7.378393411636352539e-01
0.000000000000000000e+00 0.000000000000000000e+00 0.000000000000000000e+00
0.000000000000000000e+00 0.000000000000000000e+00 0.000000000000000000e+00
0.000000000000000000e+00 0.000000000000000000e+00 0.000000000000000000e+00
