8.805265502929687500e+02 3.148565063476562500e+02 8.086836338043212891e-01
6.132476196289062500e+02 4.406327209472656250e+02 5.944471955299377441e-01
5.661398925781250000e+02 4.406049499511718750e+02 5.774157047271728516e-01
3.251738281250000000e+02 6.132440185546875000e+02 7.709143161773681641e-01
5.348826293945312500e+02 3.516157531738281250e+02 8.084577322006225586e-01
6.762370605468750000e+02 4.458207092285156250e+02 4.631818830966949463e-01
0.000000000000000000e+00 0.000000000000000000e+00 0.000000000000000000e+00
0.000000000000000000e+00 0.000000000000000000e+00 0.000000000000000000e+00
3.881273498535156250e+02 8.960479736328125000e+02 5.211874246597290039e-01
3.149194335937500000e+02 9.015754394531250000e+02 5.274563431739807129e-01
6.867138671875000000e+02 1.105658081054687500e+03 8.416653871536254883e-01
4.354321289062500000e+02 1.540395751953125000e+03 7.491131424903869629e-01
4.718016357421875000e+02 8.803942871093750000e+02 4.034304618835449219e-01
7.652255859375000000e+02 1.000873657226562500e+03 7.685451507568359375e-01
6.029530029296875000e+02 1.200027465820312500e+03 7.054977118968963623e-02
8.597067260742187500e+02 2.676951599121093750e+02 8.907713890075683594e-01
0.000000000000000000e+00 0.000000000000000000e+00 0.000000000000000000e+00
7.600612792968750000e+02 2.415798339843750000e+02 8.242505788803100586e-01
0.000000000000000000e+00 0.000000000000000000e+00 0.000000000000000000e+00
6.499043579101562500e+02 1.325698242187500000e+03 6.651161611080169678e-02
6.498789062500000000e+02 1.330887451171875000e+03 5.601191148161888123e-02
0.000000000000000000e+00 0.000000000000000000e+00 0.000000000000000000e+00
5.453058471679687500e+02 1.676620361328125000e+03 6.370286345481872559e-01
5.084822082519531250e+02 1.671341674804687500e+03 5.390831232070922852e-01
3.931791076660156250e+02 1.561375488281250000e+03 6.733846664428710938e-01
