7.233270874023437500e+02 6.237446899414062500e+02 8.635711669921875000e-01
5.766725463867187500e+02 8.019140625000000000e+02 7.764698863029479980e-01
5.609827880859375000e+02 8.227778320312500000e+02 7.842893004417419434e-01
4.456264953613281250e+02 1.032335937500000000e+03 8.726885318756103516e-01
5.557835083007812500e+02 9.223284912109375000e+02 7.700064182281494141e-01
6.029519653320312500e+02 7.704983520507812500e+02 5.663783550262451172e-01
4.457189941406250000e+02 8.648670654296875000e+02 4.122342467308044434e-01
4.825627441406250000e+02 8.124369506835937500e+02 1.473707109689712524e-01
3.672309570312500000e+02 1.189289916992187500e+03 5.788648724555969238e-01
3.304664306640625000e+02 1.194901611328125000e+03 6.026084423065185547e-01
6.083612670898437500e+02 1.467197387695312500e+03 7.978627681732177734e-01
4.458161010742187500e+02 1.765523193359375000e+03 7.749707102775573730e-01
4.143261718750000000e+02 1.163385864257812500e+03 4.578553140163421631e-01
5.871940917968750000e+02 1.278713745117187500e+03 8.230125904083251953e-01
4.406134948730468750e+02 1.561407958984375000e+03 7.877492308616638184e-01
6.918090209960937500e+02 6.028101806640625000e+02 9.743106961250305176e-01
0.000000000000000000e+00 0.000000000000000000e+00 0.000000000000000000e+00
6.083303833007812500e+02 6.393572998046875000e+02 8.804381489753723145e-01
0.000000000000000000e+00 0.000000000000000000e+00 0.000000000000000000e+00
5.188419189453125000e+02 1.603277954101562500e+03 7.217344641685485840e-02
0.000000000000000000e+00 0.000000000000000000e+00 0.000000000000000000e+00
4.091392211914062500e+02 1.582387084960937500e+03 7.986966967582702637e-01
5.976599121093750000e+02 1.823317871093750000e+03 7.482193708419799805e-01
5.504065551757812500e+02 1.833858032226562500e+03 6.349577307701110840e-01
4.090273437500000000e+02 1.776052001953125000e+03 7.596073150634765625e-01
