1.681808471679687500e+02 9.537421875000000000e+02 8.284853100776672363e-01
3.881096801757812500e+02 9.906502685546875000e+02 6.690707802772521973e-01
3.934464111328125000e+02 9.747820434570312500e+02 5.442845821380615234e-01
0.000000000000000000e+00 0.000000000000000000e+00 0.000000000000000000e+00
0.000000000000000000e+00 0.000000000000000000e+00 0.000000000000000000e+00
3.827684020996093750e+02 1.021962463378906250e+03 7.925232648849487305e-01
5.243877563476562500e+02 1.189498901367187500e+03 9.194721579551696777e-01
3.094867248535156250e+02 1.110908813476562500e+03 9.082512855529785156e-01
6.709057006835937500e+02 1.304777221679687500e+03 4.266517162322998047e-01
6.657584228515625000e+02 1.283851684570312500e+03 2.712190449237823486e-01
4.405069580078125000e+02 1.283809326171875000e+03 2.131521552801132202e-01
0.000000000000000000e+00 0.000000000000000000e+00 0.000000000000000000e+00
6.762373046875000000e+02 1.320594970703125000e+03 6.471427083015441895e-01
3.565527038574218750e+02 1.393717651367187500e+03 8.353853225708007812e-01
5.663676757812500000e+02 1.592861938476562500e+03 7.786588668823242188e-01
0.000000000000000000e+00 0.000000000000000000e+00 0.000000000000000000e+00
1.889352111816406250e+02 9.329396972656250000e+02 9.019750356674194336e-01
0.000000000000000000e+00 0.000000000000000000e+00 0.000000000000000000e+00
2.677898254394531250e+02 9.486412963867187500e+02 8.911305069923400879e-01
4.719686584472656250e+02 1.713376464843750000e+03 7.235795259475708008e-01
5.138630981445312500e+02 1.708132690429687500e+03 6.664973497390747070e-01
6.083588867187500000e+02 1.603220703125000000e+03 7.761723399162292480e-01
0.000000000000000000e+00 0.000000000000000000e+00 0.000000000000000000e+00
0.000000000000000000e+00 0.000000000000000000e+00 0.000000000000000000e+00
0.000000000000000000e+00 0.000000000000000000e+00 0.000000000000000000e+00
