1.103963317871093750e+02 6.447664184570312500e+02 9.371499419212341309e-01
3.147879333496093750e+02 7.391798095703125000e+02 6.520663499832153320e-01
3.093831481933593750e+02 7.338691406250000000e+02 4.795823395252227783e-01
0.000000000000000000e+00 0.000000000000000000e+00 0.000000000000000000e+00
0.000000000000000000e+00 0.000000000000000000e+00 0.000000000000000000e+00
3.253356018066406250e+02 7.494454345703125000e+02 7.617037892341613770e-01
4.877749938964843750e+02 9.382949218750000000e+02 9.074519872665405273e-01
2.730115051269531250e+02 8.282083129882812500e+02 8.544672727584838867e-01
5.923762817382812500e+02 1.069025024414062500e+03 6.251058578491210938e-01
5.609476318359375000e+02 1.063680053710937500e+03 4.807847738265991211e-01
3.304682006835937500e+02 1.116069580078125000e+03 8.209497332572937012e-01
5.034013366699218750e+02 1.383231567382812500e+03 7.617019414901733398e-01
6.133799438476562500e+02 1.079582519531250000e+03 6.648021340370178223e-01
3.461030883789062500e+02 1.315350585937500000e+03 8.786200881004333496e-01
5.296160888671875000e+02 1.566538208007812500e+03 8.214969635009765625e-01
0.000000000000000000e+00 0.000000000000000000e+00 0.000000000000000000e+00
1.417073516845703125e+02 6.135191040039062500e+02 8.897428512573242188e-01
0.000000000000000000e+00 0.000000000000000000e+00 0.000000000000000000e+00
2.204545288085937500e+02 6.498348999023437500e+02 9.161021113395690918e-01
4.300630798339843750e+02 1.681915527343750000e+03 8.005169630050659180e-01
4.719477233886718750e+02 1.681846801757812500e+03 7.046070694923400879e-01
5.714626464843750000e+02 1.571874023437500000e+03 8.432711362838745117e-01
4.877529907226562500e+02 1.425220581054687500e+03 7.767864316701889038e-02
0.000000000000000000e+00 0.000000000000000000e+00 0.000000000000000000e+00
5.295108642578125000e+02 1.399028442382812500e+03 8.329404592514038086e-01
