8.753310546875000000e+02 2.834702453613281250e+02 7.854419350624084473e-01
6.080943603515625000e+02 4.195651245117187500e+02 5.837758779525756836e-01
5.610722045898437500e+02 4.195379943847656250e+02 5.672218203544616699e-01
3.150135192871093750e+02 5.716069946289062500e+02 7.741662859916687012e-01
5.347666625976562500e+02 3.096896362304687500e+02 8.170232772827148438e-01
6.709971923828125000e+02 4.299093322753906250e+02 4.360178112983703613e-01
0.000000000000000000e+00 0.000000000000000000e+00 0.000000000000000000e+00
0.000000000000000000e+00 0.000000000000000000e+00 0.000000000000000000e+00
3.880912780761718750e+02 8.648056030273437500e+02 5.319159030914306641e-01
3.148383483886718750e+02 8.909819335937500000e+02 5.242194533348083496e-01
6.761881103515625000e+02 1.089997558593750000e+03 7.474855780601501465e-01
4.405391540527343750e+02 1.540377319335937500e+03 7.313048243522644043e-01
4.666481933593750000e+02 8.541895141601562500e+02 4.331688284873962402e-01
7.598833618164062500e+02 9.904459228515625000e+02 7.684967517852783203e-01
5.977130737304687500e+02 1.283795898437500000e+03 2.002614736557006836e-01
8.594861450195312500e+02 2.362911224365234375e+02 8.903385400772094727e-01
0.000000000000000000e+00 0.000000000000000000e+00 0.000000000000000000e+00
7.443815307617187500e+02 2.254671783447265625e+02 8.424921035766601562e-01
0.000000000000000000e+00 0.000000000000000000e+00 0.000000000000000000e+00
6.551935424804687500e+02 1.346614379882812500e+03 4.287149608135223389e-01
6.499933471679687500e+02 1.330913574218750000e+03 4.405380189418792725e-01
6.028303222656250000e+02 1.320394165039062500e+03 1.249001920223236084e-01
5.452760009765625000e+02 1.681797607421875000e+03 6.063724160194396973e-01
5.033844604492187500e+02 1.676520385742187500e+03 5.138915181159973145e-01
3.934650573730468750e+02 1.566515380859375000e+03 6.616570949554443359e-01
