9.065639038085937500e+02 1.147647827148437500e+03 9.143974781036376953e-01
6.760888061523437500e+02 1.220874389648437500e+03 6.700609326362609863e-01
6.865391235351562500e+02 1.236538940429687500e+03 8.405919075012207031e-01
6.027816162109375000e+02 1.519342651367187500e+03 8.342776298522949219e-01
7.808432006835937500e+02 1.304799438476562500e+03 8.362592458724975586e-01
6.501775512695312500e+02 1.189494628906250000e+03 5.794907808303833008e-01
0.000000000000000000e+00 0.000000000000000000e+00 0.000000000000000000e+00
0.000000000000000000e+00 0.000000000000000000e+00 0.000000000000000000e+00
3.724626770019531250e+02 1.566666381835937500e+03 4.898585081100463867e-01
3.619517517089843750e+02 1.577256225585937500e+03 6.269993185997009277e-01
6.921007080078125000e+02 1.592870117187500000e+03 7.117393612861633301e-01
5.347478027343750000e+02 1.912399169921875000e+03 4.826041460037231445e-01
3.880290527343750000e+02 1.545739257812500000e+03 3.301393687725067139e-01
7.285501708984375000e+02 1.566567504882812500e+03 2.494382709264755249e-01
5.348211669921875000e+02 1.818143188476562500e+03 2.842159569263458252e-01
8.958895263671875000e+02 1.110882934570312500e+03 9.435968995094299316e-01
0.000000000000000000e+00 0.000000000000000000e+00 0.000000000000000000e+00
8.019490356445312500e+02 1.116321166992187500e+03 8.588072061538696289e-01
0.000000000000000000e+00 0.000000000000000000e+00 0.000000000000000000e+00
6.657057495117187500e+02 1.854739990234375000e+03 6.850084662437438965e-02
0.000000000000000000e+00 0.000000000000000000e+00 0.000000000000000000e+00
4.875346679687500000e+02 1.823094238281250000e+03 2.721601128578186035e-01
6.393555908203125000e+02 1.870382568359375000e+03 7.579278945922851562e-02
5.347290039062500000e+02 1.912483398437500000e+03 1.611134558916091919e-01
5.188385620117187500e+02 1.912421997070312500e+03 3.067651093006134033e-01
