8.752915649414062500e+02 3.253016662597656250e+02 7.666755914688110352e-01
6.080960083007812500e+02 4.509304809570312500e+02 5.595840215682983398e-01
5.660295410156250000e+02 4.458094482421875000e+02 5.885856151580810547e-01
3.252300109863281250e+02 6.341956176757812500e+02 7.415860295295715332e-01
5.347359619140625000e+02 3.568222656250000000e+02 8.175840377807617188e-01
6.709142456054687500e+02 4.613762207031250000e+02 4.273095428943634033e-01
0.000000000000000000e+00 0.000000000000000000e+00 0.000000000000000000e+00
0.000000000000000000e+00 0.000000000000000000e+00 0.000000000000000000e+00
3.932625122070312500e+02 9.013762207031250000e+02 5.074563026428222656e-01
3.201164550781250000e+02 9.224072265625000000e+02 4.958181679248809814e-01
6.920115966796875000e+02 1.105886108398437500e+03 8.467119932174682617e-01
4.403617858886718750e+02 1.540416625976562500e+03 7.386882305145263672e-01
4.718106079101562500e+02 8.856879882812500000e+02 3.958712816238403320e-01
7.703737792968750000e+02 1.000867614746093750e+03 7.909076213836669922e-01
0.000000000000000000e+00 0.000000000000000000e+00 0.000000000000000000e+00
8.595642089843750000e+02 2.731031799316406250e+02 8.579210042953491211e-01
0.000000000000000000e+00 0.000000000000000000e+00 0.000000000000000000e+00
7.495516967773437500e+02 2.622166748046875000e+02 8.128800988197326660e-01
0.000000000000000000e+00 0.000000000000000000e+00 0.000000000000000000e+00
0.000000000000000000e+00 0.000000000000000000e+00 0.000000000000000000e+00
0.000000000000000000e+00 0.000000000000000000e+00 0.000000000000000000e+00
0.000000000000000000e+00 0.000000000000000000e+00 0.000000000000000000e+00
5.504337768554687500e+02 1.676687622070312500e+03 6.096796989440917969e-01
4.980856628417968750e+02 1.676551391601562500e+03 5.004490017890930176e-01
3.932605285644531250e+02 1.561342285156250000e+03 7.063351869583129883e-01
