8.649680786132812500e+02 3.511729125976562500e+02 8.082058429718017578e-01
6.081990966796875000e+02 4.770126342773437500e+02 6.088687777519226074e-01
5.661347045898437500e+02 4.719157409667968750e+02 5.793198943138122559e-01
3.146326293945312500e+02 6.500549316406250000e+02 8.085943460464477539e-01
5.188831176757812500e+02 3.880861206054687500e+02 8.303126692771911621e-01
6.709865722656250000e+02 4.822709045410156250e+02 4.542766511440277100e-01
0.000000000000000000e+00 0.000000000000000000e+00 0.000000000000000000e+00
0.000000000000000000e+00 0.000000000000000000e+00 0.000000000000000000e+00
3.985178833007812500e+02 9.275089111328125000e+02 5.296471714973449707e-01
3.356927795410156250e+02 9.432715454101562500e+02 5.376104712486267090e-01
7.128303833007812500e+02 1.116166870117187500e+03 7.806395888328552246e-01
4.457634887695312500e+02 1.566519897460937500e+03 7.224447727203369141e-01
4.770719909667968750e+02 9.014848022460937500e+02 4.318909645080566406e-01
7.754890136718750000e+02 1.021867248535156250e+03 7.967211008071899414e-01
0.000000000000000000e+00 0.000000000000000000e+00 0.000000000000000000e+00
8.543457641601562500e+02 2.990368041992187500e+02 8.558928370475769043e-01
8.856110229492187500e+02 3.097335205078125000e+02 5.041025206446647644e-02
7.390535888671875000e+02 2.728833923339843750e+02 8.650837540626525879e-01
0.000000000000000000e+00 0.000000000000000000e+00 0.000000000000000000e+00
0.000000000000000000e+00 0.000000000000000000e+00 0.000000000000000000e+00
0.000000000000000000e+00 0.000000000000000000e+00 0.000000000000000000e+00
0.000000000000000000e+00 0.000000000000000000e+00 0.000000000000000000e+00
5.661311035156250000e+02 1.697420532226562500e+03 6.429471969604492188e-01
5.138472290039062500e+02 1.692502929687500000e+03 5.781715512275695801e-01
3.986628112792968750e+02 1.572076538085937500e+03 7.146331071853637695e-01
