7.861882324218750000e+02 1.027430908203125000e+03 8.940683603286743164e-01
6.132833862304687500e+02 1.011303405761718750e+03 7.684324383735656738e-01
6.132416381835937500e+02 1.042806640625000000e+03 8.055932521820068359e-01
4.822603759765625000e+02 1.226069702148437500e+03 8.799924254417419434e-01
6.186739501953125000e+02 1.147375976562500000e+03 8.185691833496093750e-01
6.133054809570312500e+02 9.694014892578125000e+02 6.760132312774658203e-01
5.189374389648437500e+02 1.121312133789062500e+03 6.293750554323196411e-02
0.000000000000000000e+00 0.000000000000000000e+00 0.000000000000000000e+00
2.886608276367187500e+02 1.231515747070312500e+03 6.041420102119445801e-01
3.042757568359375000e+02 1.252398193359375000e+03 6.797940731048583984e-01
6.343383789062500000e+02 1.247237060546875000e+03 8.353484272956848145e-01
4.823772583007812500e+02 1.519291625976562500e+03 8.275096416473388672e-01
2.729859008789062500e+02 1.205206542968750000e+03 4.477545619010925293e-01
5.766475830078125000e+02 1.200082763671875000e+03 4.709147512912750244e-01
4.824896240234375000e+02 1.414648437500000000e+03 7.867512702941894531e-01
7.811327514648437500e+02 1.016654907226562500e+03 8.942532539367675781e-01
0.000000000000000000e+00 0.000000000000000000e+00 0.000000000000000000e+00
7.287269287109375000e+02 9.852528076171875000e+02 9.623910188674926758e-01
0.000000000000000000e+00 0.000000000000000000e+00 0.000000000000000000e+00
6.026138916015625000e+02 1.435506958007812500e+03 6.616117954254150391e-01
5.976752929687500000e+02 1.430309326171875000e+03 6.539477109909057617e-01
4.406810302734375000e+02 1.435463867187500000e+03 7.392890453338623047e-01
6.029393920898437500e+02 1.571774536132812500e+03 7.990652918815612793e-01
5.661013183593750000e+02 1.577107666015625000e+03 8.278278112411499023e-01
4.457731018066406250e+02 1.529970581054687500e+03 8.541383147239685059e-01
