1.104499893188476562e+02 8.282086181640625000e+02 8.580831885337829590e-01
3.097030639648437500e+02 9.171451416015625000e+02 6.559548377990722656e-01
3.041665344238281250e+02 9.066098022460937500e+02 4.511081278324127197e-01
0.000000000000000000e+00 0.000000000000000000e+00 0.000000000000000000e+00
0.000000000000000000e+00 0.000000000000000000e+00 0.000000000000000000e+00
3.252805480957031250e+02 9.276793212890625000e+02 7.537637352943420410e-01
4.509572143554687500e+02 1.110872558593750000e+03 8.816943764686584473e-01
2.311810455322265625e+02 1.000884948730468750e+03 8.501362204551696777e-01
6.082564086914062500e+02 1.194750122070312500e+03 4.731557965278625488e-01
6.029319458007812500e+02 1.179026611328125000e+03 2.781356573104858398e-01
3.724167480468750000e+02 1.189399414062500000e+03 2.748618423938751221e-01
4.928787231445312500e+02 1.393774169921875000e+03 4.855348467826843262e-01
6.238717041015625000e+02 1.221003173828125000e+03 6.198058724403381348e-01
3.147926330566406250e+02 1.341295043945312500e+03 8.299654722213745117e-01
5.296070556640625000e+02 1.566373291015625000e+03 7.899906635284423828e-01
0.000000000000000000e+00 0.000000000000000000e+00 0.000000000000000000e+00
1.416585083007812500e+02 8.122905883789062500e+02 9.265805482864379883e-01
0.000000000000000000e+00 0.000000000000000000e+00 0.000000000000000000e+00
2.153235015869140625e+02 8.488881225585937500e+02 8.514249324798583984e-01
4.350644531250000000e+02 1.681945312500000000e+03 7.860440611839294434e-01
4.719594421386718750e+02 1.681817260742187500e+03 6.891816854476928711e-01
5.715009765625000000e+02 1.566778198242187500e+03 8.049037456512451172e-01
0.000000000000000000e+00 0.000000000000000000e+00 0.000000000000000000e+00
0.000000000000000000e+00 0.000000000000000000e+00 0.000000000000000000e+00
5.244929809570312500e+02 1.393856689453125000e+03 4.027425050735473633e-01
