8.856014404296875000e+02 3.200797729492187500e+02 7.987728118896484375e-01
6.079844360351562500e+02 4.458606262207031250e+02 5.954556465148925781e-01
5.609169921875000000e+02 4.457111206054687500e+02 5.573936700820922852e-01
3.201979370117187500e+02 6.186349487304687500e+02 7.387750744819641113e-01
5.296860351562500000e+02 3.567580871582031250e+02 8.075007796287536621e-01
6.709082031250000000e+02 4.562731628417968750e+02 4.642302989959716797e-01
0.000000000000000000e+00 0.000000000000000000e+00 0.000000000000000000e+00
0.000000000000000000e+00 0.000000000000000000e+00 0.000000000000000000e+00
3.932658081054687500e+02 8.962955322265625000e+02 5.202865004539489746e-01
3.200486450195312500e+02 9.171213989257812500e+02 5.026019811630249023e-01
6.918056640625000000e+02 1.105635986328125000e+03 8.428601026535034180e-01
4.403163757324218750e+02 1.535189819335937500e+03 7.282577157020568848e-01
4.718500976562500000e+02 8.804274902343750000e+02 4.037013351917266846e-01
7.653200683593750000e+02 9.957313232421875000e+02 7.814966440200805664e-01
6.081998291015625000e+02 1.241826660156250000e+03 6.218922510743141174e-02
8.646848144531250000e+02 2.728850097656250000e+02 8.634718060493469238e-01
0.000000000000000000e+00 0.000000000000000000e+00 0.000000000000000000e+00
7.546676025390625000e+02 2.518373870849609375e+02 8.140051960945129395e-01
0.000000000000000000e+00 0.000000000000000000e+00 0.000000000000000000e+00
6.500368041992187500e+02 1.330860839843750000e+03 1.380366235971450806e-01
6.499043579101562500e+02 1.330854248046875000e+03 1.315759867429733276e-01
0.000000000000000000e+00 0.000000000000000000e+00 0.000000000000000000e+00
5.347354125976562500e+02 1.676553710937500000e+03 5.672222375869750977e-01
4.928670959472656250e+02 1.666170288085937500e+03 4.583145976066589355e-01
3.932670288085937500e+02 1.561279418945312500e+03 5.964856743812561035e-01
