7.913415527343750000e+02 7.600463867187500000e+02 8.561594486236572266e-01
6.186568603515625000e+02 9.012839355468750000e+02 7.454699873924255371e-01
6.030070800781250000e+02 9.015403442382812500e+02 8.156576752662658691e-01
4.825914611816406250e+02 1.194561889648437500e+03 9.213337302207946777e-01
5.922999877929687500e+02 1.001000305175781250e+03 7.339624762535095215e-01
6.499432983398437500e+02 8.962483520507812500e+02 7.259243130683898926e-01
6.498541259765625000e+02 1.063753540039062500e+03 7.768110185861587524e-02
0.000000000000000000e+00 0.000000000000000000e+00 0.000000000000000000e+00
4.038536987304687500e+02 1.236594360351562500e+03 5.888334512710571289e-01
3.723539428710937500e+02 1.268038085937500000e+03 6.521352529525756836e-01
7.284812011718750000e+02 1.404191162109375000e+03 8.893375396728515625e-01
5.137189331054687500e+02 1.655604736328125000e+03 8.369467258453369141e-01
4.405424804687500000e+02 1.205241699218750000e+03 4.267877936363220215e-01
6.916849975585937500e+02 1.236575317382812500e+03 8.799000978469848633e-01
5.189854736328125000e+02 1.482763916015625000e+03 8.414697051048278809e-01
7.704967041015625000e+02 7.336416625976562500e+02 9.571958184242248535e-01
0.000000000000000000e+00 0.000000000000000000e+00 0.000000000000000000e+00
6.917602539062500000e+02 7.599158935546875000e+02 7.693755626678466797e-01
0.000000000000000000e+00 0.000000000000000000e+00 0.000000000000000000e+00
5.766493530273437500e+02 1.493255493164062500e+03 3.024278581142425537e-01
5.663098754882812500e+02 1.482725219726562500e+03 3.049502074718475342e-01
4.823444519042968750e+02 1.498448486328125000e+03 8.807897567749023438e-01
6.289770507812500000e+02 1.723821533203125000e+03 6.958153843879699707e-01
5.871172485351562500e+02 1.734076293945312500e+03 7.235903143882751465e-01
4.768599853515625000e+02 1.661011962890625000e+03 7.989487051963806152e-01
