7.075963745117187500e+02 6.029013671875000000e+02 8.862009048461914062e-01
5.661655273437500000e+02 7.703577270507812500e+02 8.253740668296813965e-01
5.556768798828125000e+02 7.862548217773437500e+02 7.436738610267639160e-01
4.458973388671875000e+02 1.016687194824218750e+03 8.528560400009155273e-01
5.610188598632812500e+02 9.011991577148437500e+02 8.334819078445434570e-01
5.818707275390625000e+02 7.391177368164062500e+02 5.622400045394897461e-01
4.405730590820312500e+02 8.543955078125000000e+02 4.829115569591522217e-01
0.000000000000000000e+00 0.000000000000000000e+00 0.000000000000000000e+00
3.828763427734375000e+02 1.158228881835937500e+03 5.602092146873474121e-01
3.409337158203125000e+02 1.184202636718750000e+03 5.671218633651733398e-01
6.082713012695312500e+02 1.461817871093750000e+03 8.054963946342468262e-01
4.457444458007812500e+02 1.765737426757812500e+03 7.931289076805114746e-01
4.351133117675781250e+02 1.152677490234375000e+03 4.922866225242614746e-01
5.870892333984375000e+02 1.278759643554687500e+03 8.102653026580810547e-01
4.406620483398437500e+02 1.561323486328125000e+03 7.656296491622924805e-01
6.865660400390625000e+02 5.714608764648437500e+02 9.176291823387145996e-01
0.000000000000000000e+00 0.000000000000000000e+00 0.000000000000000000e+00
6.029362182617187500e+02 6.132369995117187500e+02 9.367849826812744141e-01
0.000000000000000000e+00 0.000000000000000000e+00 0.000000000000000000e+00
5.138766479492187500e+02 1.603316650390625000e+03 6.274826079607009888e-02
0.000000000000000000e+00 0.000000000000000000e+00 0.000000000000000000e+00
4.091807861328125000e+02 1.587487792968750000e+03 7.878844141960144043e-01
5.974901123046875000e+02 1.823309448242187500e+03 7.604499459266662598e-01
5.452579345703125000e+02 1.833846435546875000e+03 6.520339250564575195e-01
4.039670104980468750e+02 1.776166870117187500e+03 7.818510532379150391e-01
