7.862927856445312500e+02 7.442315063476562500e+02 8.602331280708312988e-01
6.289809570312500000e+02 8.909585571289062500e+02 7.587321996688842773e-01
6.028347167968750000e+02 8.960657958984375000e+02 8.276127576828002930e-01
4.825056457519531250e+02 1.178933959960937500e+03 8.857851028442382812e-01
5.819774169921875000e+02 9.798609008789062500e+02 7.587611079216003418e-01
6.552145385742187500e+02 8.805385742187500000e+02 7.353012561798095703e-01
6.498694458007812500e+02 1.058467895507812500e+03 1.205304712057113647e-01
0.000000000000000000e+00 0.000000000000000000e+00 0.000000000000000000e+00
4.090730285644531250e+02 1.231183227539062500e+03 5.996868610382080078e-01
3.776798706054687500e+02 1.247118041992187500e+03 6.524637341499328613e-01
7.283682250976562500e+02 1.404195556640625000e+03 8.941279649734497070e-01
5.187697753906250000e+02 1.655726562500000000e+03 8.521212935447692871e-01
4.457229919433593750e+02 1.194759887695312500e+03 4.684033989906311035e-01
6.918048706054687500e+02 1.236598388671875000e+03 8.874062299728393555e-01
5.192282714843750000e+02 1.482878173828125000e+03 8.521500229835510254e-01
7.705625610351562500e+02 7.233045654296875000e+02 9.145588874816894531e-01
0.000000000000000000e+00 0.000000000000000000e+00 0.000000000000000000e+00
6.917951049804687500e+02 7.287727661132812500e+02 7.975447773933410645e-01
0.000000000000000000e+00 0.000000000000000000e+00 0.000000000000000000e+00
5.870686645507812500e+02 1.503699707031250000e+03 2.623804211616516113e-01
5.715667114257812500e+02 1.487905517578125000e+03 2.565092146396636963e-01
4.825297546386718750e+02 1.498531982421875000e+03 8.901352882385253906e-01
6.395155639648437500e+02 1.728980957031250000e+03 7.221188545227050781e-01
5.976599121093750000e+02 1.734312744140625000e+03 7.584147453308105469e-01
4.770067138671875000e+02 1.666129272460937500e+03 8.313905596733093262e-01
