3.984889526367187500e+02 8.752285766601562500e+02 8.814495205879211426e-01
5.871944580078125000e+02 9.171399536132812500e+02 7.336906194686889648e-01
5.295314331054687500e+02 9.067039184570312500e+02 6.058645844459533691e-01
5.610120239257812500e+02 1.074199096679687500e+03 2.626265585422515869e-01
4.404219665527343750e+02 1.027348999023437500e+03 1.651931107044219971e-01
6.448231811523437500e+02 9.326959838867187500e+02 7.287747859954833984e-01
7.650918579101562500e+02 1.147740234375000000e+03 8.354605436325073242e-01
6.132731323242187500e+02 1.021753234863281250e+03 7.623663544654846191e-01
7.337966308593750000e+02 1.252355834960937500e+03 5.471622943878173828e-01
6.918513183593750000e+02 1.226125976562500000e+03 3.873389363288879395e-01
4.039368896484375000e+02 1.289082763671875000e+03 4.014346599578857422e-01
6.185263671875000000e+02 1.592846679687500000e+03 3.179615437984466553e-01
7.705751342773437500e+02 1.278630004882812500e+03 6.854843497276306152e-01
4.039061584472656250e+02 1.315448486328125000e+03 7.842224836349487305e-01
6.395102539062500000e+02 1.619103271484375000e+03 7.353920936584472656e-01
0.000000000000000000e+00 0.000000000000000000e+00 0.000000000000000000e+00
3.986654357910156250e+02 8.489000854492187500e+02 8.941653966903686523e-01
0.000000000000000000e+00 0.000000000000000000e+00 0.000000000000000000e+00
4.772809448242187500e+02 8.173969116210937500e+02 9.457488059997558594e-01
5.557807006835937500e+02 1.723632080078125000e+03 6.577162146568298340e-01
6.026734008789062500e+02 1.723746704101562500e+03 6.794148087501525879e-01
6.865549926757812500e+02 1.639947753906250000e+03 6.404581069946289062e-01
0.000000000000000000e+00 0.000000000000000000e+00 0.000000000000000000e+00
0.000000000000000000e+00 0.000000000000000000e+00 0.000000000000000000e+00
6.761045532226562500e+02 1.598047851562500000e+03 1.231291294097900391e-01
