1.313420867919921875e+02 6.605196533203125000e+02 8.394973278045654297e-01
3.149621887207031250e+02 7.600548095703125000e+02 7.139820456504821777e-01
3.199476623535156250e+02 7.390866088867187500e+02 5.647132992744445801e-01
4.509056701660156250e+02 8.228307495117187500e+02 2.083657979965209961e-01
0.000000000000000000e+00 0.000000000000000000e+00 0.000000000000000000e+00
3.253310852050781250e+02 7.704961547851562500e+02 7.971330881118774414e-01
5.136634521484375000e+02 9.432528686523437500e+02 8.953216075897216797e-01
2.886871032714843750e+02 8.437317504882812500e+02 8.179449439048767090e-01
5.714781494140625000e+02 1.105799804687500000e+03 6.001214981079101562e-01
5.347598266601562500e+02 1.100320190429687500e+03 4.275329411029815674e-01
3.253840026855468750e+02 1.153004638671875000e+03 8.056765794754028320e-01
4.876840515136718750e+02 1.430404296875000000e+03 7.879760861396789551e-01
6.080036010742187500e+02 1.116251220703125000e+03 6.611066460609436035e-01
3.356914978027343750e+02 1.362594970703125000e+03 8.524409532546997070e-01
5.190869140625000000e+02 1.608492919921875000e+03 8.512426018714904785e-01
0.000000000000000000e+00 0.000000000000000000e+00 0.000000000000000000e+00
1.474226531982421875e+02 6.446291503906250000e+02 8.930827379226684570e-01
0.000000000000000000e+00 0.000000000000000000e+00 0.000000000000000000e+00
2.311010284423828125e+02 6.813879394531250000e+02 8.853693008422851562e-01
4.039509582519531250e+02 1.718606567382812500e+03 7.759166359901428223e-01
4.613584594726562500e+02 1.718453735351562500e+03 6.867457032203674316e-01
5.608583374023437500e+02 1.613846679687500000e+03 7.935801744461059570e-01
5.033959350585937500e+02 1.482859741210937500e+03 1.984057724475860596e-01
5.188876342773437500e+02 1.477414550781250000e+03 1.923336684703826904e-01
5.190764160156250000e+02 1.441010742187500000e+03 8.501719832420349121e-01
