9.065833129882812500e+02 1.147547119140625000e+03 9.023995399475097656e-01
6.708722534179687500e+02 1.226148315429687500e+03 6.781166791915893555e-01
6.865018310546875000e+02 1.236662597656250000e+03 8.410969972610473633e-01
6.028192138671875000e+02 1.514120605468750000e+03 8.215021491050720215e-01
7.759372558593750000e+02 1.304644897460937500e+03 8.337121009826660156e-01
6.499801025390625000e+02 1.194679321289062500e+03 5.876343250274658203e-01
0.000000000000000000e+00 0.000000000000000000e+00 0.000000000000000000e+00
0.000000000000000000e+00 0.000000000000000000e+00 0.000000000000000000e+00
3.776368103027343750e+02 1.571879150390625000e+03 4.861554503440856934e-01
3.620716247558593750e+02 1.592873657226562500e+03 6.006383299827575684e-01
7.127766113281250000e+02 1.582336181640625000e+03 7.200965881347656250e-01
5.347804565429687500e+02 1.912362915039062500e+03 5.312548279762268066e-01
3.828081665039062500e+02 1.556147583007812500e+03 3.258532285690307617e-01
7.023773803710937500e+02 1.577103637695312500e+03 1.999996453523635864e-01
5.297161254882812500e+02 1.823250610351562500e+03 3.924759328365325928e-01
8.910382080078125000e+02 1.110861694335937500e+03 9.411633014678955078e-01
0.000000000000000000e+00 0.000000000000000000e+00 0.000000000000000000e+00
8.019038085937500000e+02 1.121360961914062500e+03 8.534846305847167969e-01
0.000000000000000000e+00 0.000000000000000000e+00 0.000000000000000000e+00
6.709473266601562500e+02 1.849447509765625000e+03 1.135333552956581116e-01
0.000000000000000000e+00 0.000000000000000000e+00 0.000000000000000000e+00
4.876135253906250000e+02 1.823313598632812500e+03 3.507685363292694092e-01
5.400401000976562500e+02 1.912475952148437500e+03 1.220494136214256287e-01
0.000000000000000000e+00 0.000000000000000000e+00 0.000000000000000000e+00
5.189049072265625000e+02 1.912385864257812500e+03 3.812900185585021973e-01
