1.784608459472656250e+02 9.537993774414062500e+02 8.622388243675231934e-01
3.932246398925781250e+02 9.905949707031250000e+02 7.076539397239685059e-01
3.986269836425781250e+02 9.797202758789062500e+02 5.820463895797729492e-01
0.000000000000000000e+00 0.000000000000000000e+00 0.000000000000000000e+00
0.000000000000000000e+00 0.000000000000000000e+00 0.000000000000000000e+00
3.828664855957031250e+02 1.021935119628906250e+03 8.052427768707275391e-01
5.347976074218750000e+02 1.189272094726562500e+03 8.701662421226501465e-01
3.147072753906250000e+02 1.105628051757812500e+03 9.221480488777160645e-01
6.603987426757812500e+02 1.315180664062500000e+03 4.873933792114257812e-01
6.552929687500000000e+02 1.299498779296875000e+03 3.259130120277404785e-01
4.142994079589843750e+02 1.309925048828125000e+03 1.667376309633255005e-01
0.000000000000000000e+00 0.000000000000000000e+00 0.000000000000000000e+00
6.657388305664062500e+02 1.331001953125000000e+03 6.247563362121582031e-01
3.513214111328125000e+02 1.393635742187500000e+03 8.270244002342224121e-01
5.664703979492187500e+02 1.598133666992187500e+03 7.738337516784667969e-01
0.000000000000000000e+00 0.000000000000000000e+00 0.000000000000000000e+00
1.892205810546875000e+02 9.379378051757812500e+02 9.193296432495117188e-01
0.000000000000000000e+00 0.000000000000000000e+00 0.000000000000000000e+00
2.728499145507812500e+02 9.485874633789062500e+02 8.913101553916931152e-01
4.719084167480468750e+02 1.713301025390625000e+03 7.151191234588623047e-01
5.189269409179687500e+02 1.708138427734375000e+03 6.824079751968383789e-01
6.133431396484375000e+02 1.608298706054687500e+03 7.448019981384277344e-01
0.000000000000000000e+00 0.000000000000000000e+00 0.000000000000000000e+00
0.000000000000000000e+00 0.000000000000000000e+00 0.000000000000000000e+00
0.000000000000000000e+00 0.000000000000000000e+00 0.000000000000000000e+00
