3.986564331054687500e+02 8.960388183593750000e+02 9.273339509963989258e-01
6.027312622070312500e+02 9.695482177734375000e+02 7.921102046966552734e-01
5.451820678710937500e+02 9.538318481445312500e+02 6.034787893295288086e-01
5.661865234375000000e+02 1.173806396484375000e+03 2.028557807207107544e-01
5.556181640625000000e+02 1.069164550781250000e+03 1.895625293254852295e-01
6.500278930664062500e+02 9.798515014648437500e+02 7.881069183349609375e-01
7.701850585937500000e+02 1.158106689453125000e+03 7.973122000694274902e-01
6.079692382812500000e+02 1.068848266601562500e+03 7.841433882713317871e-01
7.180972900390625000e+02 1.283760864257812500e+03 5.883307456970214844e-01
6.552644653320312500e+02 1.236784179687500000e+03 5.454612970352172852e-01
4.298562316894531250e+02 1.189575805664062500e+03 8.631173372268676758e-01
5.767039794921875000e+02 1.435704956054687500e+03 2.184924334287643433e-01
7.703352050781250000e+02 1.325689453125000000e+03 6.478455662727355957e-01
3.983910522460937500e+02 1.315161621093750000e+03 9.127077460289001465e-01
6.447200927734375000e+02 1.613644897460937500e+03 7.941794991493225098e-01
0.000000000000000000e+00 0.000000000000000000e+00 0.000000000000000000e+00
4.089830932617187500e+02 8.596931762695312500e+02 8.892716765403747559e-01
0.000000000000000000e+00 0.000000000000000000e+00 0.000000000000000000e+00
4.876366577148437500e+02 8.541475830078125000e+02 9.067255258560180664e-01
5.608948364257812500e+02 1.708145141601562500e+03 6.856850385665893555e-01
6.027099609375000000e+02 1.713228271484375000e+03 6.882702112197875977e-01
6.868040771484375000e+02 1.613963256835937500e+03 7.544422745704650879e-01
0.000000000000000000e+00 0.000000000000000000e+00 0.000000000000000000e+00
0.000000000000000000e+00 0.000000000000000000e+00 0.000000000000000000e+00
6.133865966796875000e+02 1.456551269531250000e+03 1.783367693424224854e-01
