8.805230712890625000e+02 3.200608825683593750e+02 7.997611761093139648e-01
6.030069580078125000e+02 4.509646301269531250e+02 5.857072472572326660e-01
5.661077880859375000e+02 4.562784118652343750e+02 4.505800008773803711e-01
3.305335388183593750e+02 6.133335571289062500e+02 7.441906332969665527e-01
5.346696777343750000e+02 3.566924438476562500e+02 8.075152039527893066e-01
6.657202148437500000e+02 4.561929321289062500e+02 4.035947918891906738e-01
0.000000000000000000e+00 0.000000000000000000e+00 0.000000000000000000e+00
0.000000000000000000e+00 0.000000000000000000e+00 0.000000000000000000e+00
3.880295715332031250e+02 9.012932739257812500e+02 5.202637314796447754e-01
3.200689697265625000e+02 9.223529052734375000e+02 5.048269033432006836e-01
6.917968750000000000e+02 1.105874511718750000e+03 8.610725402832031250e-01
4.403561096191406250e+02 1.535179443359375000e+03 7.510889768600463867e-01
4.561431884765625000e+02 8.804248046875000000e+02 4.003014862537384033e-01
7.653088989257812500e+02 9.957207641601562500e+02 7.734386324882507324e-01
6.079258422851562500e+02 1.184226440429687500e+03 6.923540681600570679e-02
8.597764282226562500e+02 2.730231018066406250e+02 8.632187843322753906e-01
0.000000000000000000e+00 0.000000000000000000e+00 0.000000000000000000e+00
7.547591552734375000e+02 2.571366882324218750e+02 8.197245597839355469e-01
0.000000000000000000e+00 0.000000000000000000e+00 0.000000000000000000e+00
0.000000000000000000e+00 0.000000000000000000e+00 0.000000000000000000e+00
0.000000000000000000e+00 0.000000000000000000e+00 0.000000000000000000e+00
0.000000000000000000e+00 0.000000000000000000e+00 0.000000000000000000e+00
5.504645385742187500e+02 1.671397216796875000e+03 6.233010292053222656e-01
5.084999694824218750e+02 1.666114379882812500e+03 5.256787538528442383e-01
3.932852172851562500e+02 1.556169311523437500e+03 6.633016467094421387e-01
