7.810669555664062500e+02 1.042856811523437500e+03 8.670338392257690430e-01
6.082979736328125000e+02 1.021674804687500000e+03 8.142106533050537109e-01
6.081700439453125000e+02 1.058462890625000000e+03 8.394621610641479492e-01
4.821843566894531250e+02 1.231406005859375000e+03 8.764204978942871094e-01
6.186099853515625000e+02 1.147425415039062500e+03 8.303756713867187500e-01
6.133105468750000000e+02 9.799202880859375000e+02 7.165063023567199707e-01
5.137451782226562500e+02 1.137003906250000000e+03 5.575383827090263367e-02
6.342800903320312500e+02 1.137064453125000000e+03 1.152502000331878662e-01
2.938303833007812500e+02 1.236671508789062500e+03 5.992664694786071777e-01
3.041793518066406250e+02 1.262793212890625000e+03 6.795968413352966309e-01
6.342834472656250000e+02 1.257583007812500000e+03 8.345147967338562012e-01
4.823378906250000000e+02 1.519355590820312500e+03 8.331780433654785156e-01
2.780713195800781250e+02 1.215667968750000000e+03 4.278357625007629395e-01
5.818643798828125000e+02 1.210435791015625000e+03 5.113319754600524902e-01
4.824916687011718750e+02 1.414735229492187500e+03 7.971710562705993652e-01
7.810891113281250000e+02 1.021858764648437500e+03 9.087496399879455566e-01
0.000000000000000000e+00 0.000000000000000000e+00 0.000000000000000000e+00
7.285905151367187500e+02 9.854738159179687500e+02 9.489276409149169922e-01
0.000000000000000000e+00 0.000000000000000000e+00 0.000000000000000000e+00
6.026035156250000000e+02 1.435553466796875000e+03 6.683687567710876465e-01
5.976624145507812500e+02 1.430345947265625000e+03 6.567410826683044434e-01
4.407117309570312500e+02 1.435525756835937500e+03 7.896020412445068359e-01
6.027732543945312500e+02 1.571686035156250000e+03 8.069275021553039551e-01
5.611165771484375000e+02 1.577014404296875000e+03 8.371437191963195801e-01
4.457330017089843750e+02 1.530067260742187500e+03 8.510280847549438477e-01
