1.054564743041992188e+02 8.803882446289062500e+02 8.581380248069763184e-01
3.461541442871093750e+02 9.013844604492187500e+02 7.878637313842773438e-01
3.567590332031250000e+02 8.648005371093750000e+02 7.125938534736633301e-01
5.136006469726562500e+02 9.378920898437500000e+02 7.464149594306945801e-01
4.824938964843750000e+02 9.328772583007812500e+02 9.502204507589340210e-02
3.201716003417968750e+02 9.379924316406250000e+02 8.030096292495727539e-01
5.085383605957031250e+02 1.095188598632812500e+03 8.532826900482177734e-01
2.781779479980468750e+02 1.021616271972656250e+03 8.883049488067626953e-01
6.134116821289062500e+02 1.205276123046875000e+03 4.639741182327270508e-01
6.133302001953125000e+02 1.189555786132812500e+03 2.862799167633056641e-01
3.619014587402343750e+02 1.304594970703125000e+03 8.015078306198120117e-02
0.000000000000000000e+00 0.000000000000000000e+00 0.000000000000000000e+00
6.238812866210937500e+02 1.231442749023437500e+03 6.434177756309509277e-01
3.303972473144531250e+02 1.351869262695312500e+03 8.211932182312011719e-01
5.295715942382812500e+02 1.540483276367187500e+03 7.923172712326049805e-01
0.000000000000000000e+00 0.000000000000000000e+00 0.000000000000000000e+00
1.365680236816406250e+02 8.543799438476562500e+02 8.760585784912109375e-01
0.000000000000000000e+00 0.000000000000000000e+00 0.000000000000000000e+00
2.203208160400390625e+02 8.647862548828125000e+02 8.542882800102233887e-01
4.350740356445312500e+02 1.660859130859375000e+03 7.727423310279846191e-01
4.770579528808593750e+02 1.655862304687500000e+03 7.276400327682495117e-01
5.715200195312500000e+02 1.550952392578125000e+03 7.780307531356811523e-01
0.000000000000000000e+00 0.000000000000000000e+00 0.000000000000000000e+00
0.000000000000000000e+00 0.000000000000000000e+00 0.000000000000000000e+00
0.000000000000000000e+00 0.000000000000000000e+00 0.000000000000000000e+00
