1.786213226318359375e+02 9.798639526367187500e+02 8.930953741073608398e-01
3.931601867675781250e+02 1.016557312011718750e+03 6.508250236511230469e-01
3.933600158691406250e+02 9.854188232421875000e+02 5.087863206863403320e-01
0.000000000000000000e+00 0.000000000000000000e+00 0.000000000000000000e+00
0.000000000000000000e+00 0.000000000000000000e+00 0.000000000000000000e+00
3.933031921386718750e+02 1.027100708007812500e+03 8.076125979423522949e-01
5.399852294921875000e+02 1.189552001953125000e+03 8.872829675674438477e-01
3.149221801757812500e+02 1.116129760742187500e+03 8.680254220962524414e-01
6.604436645507812500e+02 1.315231689453125000e+03 4.782462418079376221e-01
6.552523193359375000e+02 1.304695190429687500e+03 3.070128858089447021e-01
4.353745422363281250e+02 1.283749633789062500e+03 1.915700286626815796e-01
5.451998291015625000e+02 1.456598388671875000e+03 6.387183070182800293e-02
6.710119628906250000e+02 1.330979248046875000e+03 6.271505951881408691e-01
3.618325500488281250e+02 1.388535034179687500e+03 7.976422309875488281e-01
5.663188476562500000e+02 1.608284423828125000e+03 8.042704463005065918e-01
0.000000000000000000e+00 0.000000000000000000e+00 0.000000000000000000e+00
1.892363433837890625e+02 9.485856933593750000e+02 8.861777782440185547e-01
0.000000000000000000e+00 0.000000000000000000e+00 0.000000000000000000e+00
2.727350463867187500e+02 9.747800292968750000e+02 8.976668119430541992e-01
4.717618103027343750e+02 1.713361938476562500e+03 7.324972152709960938e-01
5.137443847656250000e+02 1.713264404296875000e+03 6.987405419349670410e-01
6.083710937500000000e+02 1.608611328125000000e+03 7.884683609008789062e-01
0.000000000000000000e+00 0.000000000000000000e+00 0.000000000000000000e+00
0.000000000000000000e+00 0.000000000000000000e+00 0.000000000000000000e+00
0.000000000000000000e+00 0.000000000000000000e+00 0.000000000000000000e+00
