7.233439331054687500e+02 6.342794799804687500e+02 8.700503110885620117e-01
5.716096191406250000e+02 8.071052246093750000e+02 7.861457467079162598e-01
5.610256347656250000e+02 8.280822753906250000e+02 7.644702196121215820e-01
4.457834167480468750e+02 1.042789916992187500e+03 8.221737742424011230e-01
5.609770507812500000e+02 9.329110717773437500e+02 7.957905530929565430e-01
5.976031494140625000e+02 7.705935668945312500e+02 5.485304594039916992e-01
4.458017578125000000e+02 8.648154907226562500e+02 4.337692856788635254e-01
0.000000000000000000e+00 0.000000000000000000e+00 0.000000000000000000e+00
3.671580810546875000e+02 1.184348144531250000e+03 5.791676044464111328e-01
3.253399047851562500e+02 1.194812622070312500e+03 5.955868363380432129e-01
6.185894775390625000e+02 1.472217041015625000e+03 7.810730338096618652e-01
4.457965698242187500e+02 1.760449462890625000e+03 7.743649482727050781e-01
4.091319580078125000e+02 1.168511962890625000e+03 4.619411230087280273e-01
5.924490966796875000e+02 1.278736572265625000e+03 8.434030413627624512e-01
4.406498107910156250e+02 1.561410766601562500e+03 7.900432944297790527e-01
6.918650512695312500e+02 6.030875854492187500e+02 9.753736257553100586e-01
0.000000000000000000e+00 0.000000000000000000e+00 0.000000000000000000e+00
6.083561401367187500e+02 6.396042480468750000e+02 8.977020978927612305e-01
0.000000000000000000e+00 0.000000000000000000e+00 0.000000000000000000e+00
5.189616699218750000e+02 1.598057739257812500e+03 7.169650495052337646e-02
0.000000000000000000e+00 0.000000000000000000e+00 0.000000000000000000e+00
4.142348327636718750e+02 1.582383056640625000e+03 7.990021109580993652e-01
6.027035522460937500e+02 1.823312988281250000e+03 7.533065676689147949e-01
5.504870605468750000e+02 1.838919799804687500e+03 6.304905414581298828e-01
4.089648742675781250e+02 1.776021484375000000e+03 7.558073997497558594e-01
