2.308405151367187500e+02 7.756426391601562500e+02 9.462876319885253906e-01
3.934707031250000000e+02 9.012170410156250000e+02 7.487763762474060059e-01
3.984620971679687500e+02 8.857711791992187500e+02 5.783650279045104980e-01
3.253591613769531250e+02 1.110735229492187500e+03 1.191676855087280273e-01
0.000000000000000000e+00 0.000000000000000000e+00 0.000000000000000000e+00
3.933526000976562500e+02 9.067717895507812500e+02 8.392853736877441406e-01
4.143261718750000000e+02 1.152602783203125000e+03 8.825931549072265625e-01
3.199321594238281250e+02 9.432340087890625000e+02 8.933513760566711426e-01
5.714326171875000000e+02 1.231204589843750000e+03 6.250675916671752930e-01
5.714304809570312500e+02 1.199973388671875000e+03 4.626960456371307373e-01
3.462676696777343750e+02 1.315145385742187500e+03 9.043857455253601074e-01
4.771652526855468750e+02 1.535332275390625000e+03 8.293861746788024902e-01
5.715345458984375000e+02 1.252330932617187500e+03 6.272393465042114258e-01
3.149654235839843750e+02 1.482905883789062500e+03 9.299250841140747070e-01
4.878158569335937500e+02 1.692088012695312500e+03 8.219755291938781738e-01
0.000000000000000000e+00 0.000000000000000000e+00 0.000000000000000000e+00
2.571233520507812500e+02 7.598918457031250000e+02 8.535198569297790527e-01
0.000000000000000000e+00 0.000000000000000000e+00 0.000000000000000000e+00
3.304588623046875000e+02 7.757247924804687500e+02 9.039582014083862305e-01
3.827480773925781250e+02 1.750005859375000000e+03 7.661405205726623535e-01
4.142392578125000000e+02 1.765538818359375000e+03 7.605952024459838867e-01
5.244339599609375000e+02 1.697390991210937500e+03 9.016098976135253906e-01
4.300695800781250000e+02 1.603191650390625000e+03 8.167222142219543457e-02
4.354870300292968750e+02 1.608283813476562500e+03 7.161829620599746704e-02
5.136562500000000000e+02 1.566440063476562500e+03 8.906435966491699219e-01
