2.312277679443359375e+02 7.759732055664062500e+02 9.043374061584472656e-01
3.985933227539062500e+02 8.963244628906250000e+02 7.136083841323852539e-01
4.037632141113281250e+02 8.857050781250000000e+02 5.208823084831237793e-01
0.000000000000000000e+00 0.000000000000000000e+00 0.000000000000000000e+00
0.000000000000000000e+00 0.000000000000000000e+00 0.000000000000000000e+00
3.984449157714843750e+02 9.066563720703125000e+02 8.441934585571289062e-01
4.299491577148437500e+02 1.147817260742187500e+03 9.083840847015380859e-01
3.304519958496093750e+02 9.431888427734375000e+02 8.650764226913452148e-01
5.818650512695312500e+02 1.231214721679687500e+03 6.169662475585937500e-01
5.766912841796875000e+02 1.199929931640625000e+03 4.688223898410797119e-01
3.512319641113281250e+02 1.315228149414062500e+03 9.059473872184753418e-01
4.822530517578125000e+02 1.535316772460937500e+03 8.349140882492065430e-01
5.871517944335937500e+02 1.252334350585937500e+03 6.115732789039611816e-01
3.200518798828125000e+02 1.482904418945312500e+03 9.078168869018554688e-01
4.980942077636718750e+02 1.692308471679687500e+03 8.288054466247558594e-01
0.000000000000000000e+00 0.000000000000000000e+00 0.000000000000000000e+00
2.624439392089843750e+02 7.651623535156250000e+02 9.058181047439575195e-01
0.000000000000000000e+00 0.000000000000000000e+00 0.000000000000000000e+00
3.460859680175781250e+02 7.758619384765625000e+02 9.122824072837829590e-01
3.879358215332031250e+02 1.755223632812500000e+03 7.710037827491760254e-01
4.194496765136718750e+02 1.765713378906250000e+03 7.574923634529113770e-01
5.245465698242187500e+02 1.697496704101562500e+03 9.191758036613464355e-01
4.351316223144531250e+02 1.571870239257812500e+03 1.032229959964752197e-01
4.508483276367187500e+02 1.561376586914062500e+03 6.700959801673889160e-02
5.188133544921875000e+02 1.566437622070312500e+03 9.021259546279907227e-01
