7.862390136718750000e+02 9.380696411132812500e+02 8.842419385910034180e-01
6.082535400390625000e+02 1.048032958984375000e+03 7.740322947502136230e-01
5.661408691406250000e+02 1.032390136718750000e+03 8.317458033561706543e-01
4.717089233398437500e+02 1.278437011718750000e+03 8.669552803039550781e-01
5.974334106445312500e+02 1.105528930664062500e+03 8.389898538589477539e-01
6.553297119140625000e+02 1.058613159179687500e+03 7.071291208267211914e-01
0.000000000000000000e+00 0.000000000000000000e+00 0.000000000000000000e+00
0.000000000000000000e+00 0.000000000000000000e+00 0.000000000000000000e+00
4.353888244628906250e+02 1.440958129882812500e+03 6.513466238975524902e-01
3.881628723144531250e+02 1.472402099609375000e+03 6.485415697097778320e-01
7.389812622070312500e+02 1.514117675781250000e+03 8.039427995681762695e-01
5.607131347656250000e+02 1.781440063476562500e+03 8.187527656555175781e-01
4.980435791015625000e+02 1.404382568359375000e+03 5.363230705261230469e-01
7.180611572265625000e+02 1.430523193359375000e+03 7.638676166534423828e-01
5.192255859375000000e+02 1.692375366210937500e+03 8.217262029647827148e-01
7.706989746093750000e+02 9.017056274414062500e+02 9.293516278266906738e-01
0.000000000000000000e+00 0.000000000000000000e+00 0.000000000000000000e+00
6.868464965820312500e+02 9.274981689453125000e+02 8.488501310348510742e-01
0.000000000000000000e+00 0.000000000000000000e+00 0.000000000000000000e+00
5.766447143554687500e+02 1.739463012695312500e+03 5.699619650840759277e-02
0.000000000000000000e+00 0.000000000000000000e+00 0.000000000000000000e+00
4.825080566406250000e+02 1.702844482421875000e+03 7.437736988067626953e-01
6.917273559570312500e+02 1.833799682617187500e+03 7.469495534896850586e-01
6.501218872070312500e+02 1.854680053710937500e+03 7.552255988121032715e-01
5.187617797851562500e+02 1.802249023437500000e+03 8.267185688018798828e-01
