8.699458007812500000e+02 3.672205505371093750e+02 7.960669994354248047e-01
6.132507934570312500e+02 4.824661865234375000e+02 5.908708572387695312e-01
5.607953491210937500e+02 4.719005432128906250e+02 6.038284897804260254e-01
3.253459167480468750e+02 6.863964233398437500e+02 7.617978453636169434e-01
5.346699218750000000e+02 3.985977172851562500e+02 7.988513708114624023e-01
6.864993896484375000e+02 5.033526611328125000e+02 4.680823683738708496e-01
0.000000000000000000e+00 0.000000000000000000e+00 0.000000000000000000e+00
0.000000000000000000e+00 0.000000000000000000e+00 0.000000000000000000e+00
4.037699279785156250e+02 9.328937377929687500e+02 5.211428403854370117e-01
3.356976928710937500e+02 9.485320434570312500e+02 5.132467150688171387e-01
6.973059692382812500e+02 1.137048828125000000e+03 7.563107013702392578e-01
4.456995544433593750e+02 1.577049804687500000e+03 7.371940016746520996e-01
4.824388122558593750e+02 9.119024658203125000e+02 4.270383715629577637e-01
7.704733886718750000e+02 1.026929321289062500e+03 8.148306608200073242e-01
6.290126953125000000e+02 1.252373535156250000e+03 7.889486104249954224e-02
8.592788085937500000e+02 3.199399414062500000e+02 8.818233609199523926e-01
0.000000000000000000e+00 0.000000000000000000e+00 0.000000000000000000e+00
7.442709960937500000e+02 2.990067443847656250e+02 8.364397883415222168e-01
0.000000000000000000e+00 0.000000000000000000e+00 0.000000000000000000e+00
0.000000000000000000e+00 0.000000000000000000e+00 0.000000000000000000e+00
0.000000000000000000e+00 0.000000000000000000e+00 0.000000000000000000e+00
0.000000000000000000e+00 0.000000000000000000e+00 0.000000000000000000e+00
5.609653320312500000e+02 1.702806884765625000e+03 6.595423221588134766e-01
5.085155029296875000e+02 1.697825317382812500e+03 5.729656219482421875e-01
3.985631103515625000e+02 1.597938842773437500e+03 6.805558204650878906e-01
