2.361310577392578125e+02 7.340440063476562500e+02 9.032658934593200684e-01
3.987899780273437500e+02 8.595499877929687500e+02 7.137369513511657715e-01
4.038294067382812500e+02 8.541112060546875000e+02 5.505442619323730469e-01
3.305166931152343750e+02 1.064014404296875000e+03 1.130263209342956543e-01
0.000000000000000000e+00 0.000000000000000000e+00 0.000000000000000000e+00
3.987304077148437500e+02 8.699492187500000000e+02 8.272050023078918457e-01
4.300665893554687500e+02 1.105768554687500000e+03 9.172333478927612305e-01
3.410495300292968750e+02 9.015414428710937500e+02 8.794457912445068359e-01
5.661045532226562500e+02 1.200044433593750000e+03 6.441584825515747070e-01
5.400537109375000000e+02 1.194586303710937500e+03 4.940921664237976074e-01
3.512291564941406250e+02 1.315341552734375000e+03 9.155600070953369141e-01
4.821861877441406250e+02 1.540412841796875000e+03 8.219071030616760254e-01
5.766121826171875000e+02 1.226106811523437500e+03 6.672763228416442871e-01
3.357425231933593750e+02 1.477438964843750000e+03 8.342606425285339355e-01
4.878241882324218750e+02 1.692157226562500000e+03 8.259096145629882812e-01
0.000000000000000000e+00 0.000000000000000000e+00 0.000000000000000000e+00
2.674569396972656250e+02 7.232940673828125000e+02 9.161534905433654785e-01
0.000000000000000000e+00 0.000000000000000000e+00 0.000000000000000000e+00
3.514201354980468750e+02 7.340476074218750000e+02 9.439439177513122559e-01
3.827952880859375000e+02 1.755090454101562500e+03 7.709698677062988281e-01
4.143020629882812500e+02 1.765650634765625000e+03 7.738716602325439453e-01
5.243876953125000000e+02 1.697487548828125000e+03 8.937727212905883789e-01
4.089935607910156250e+02 1.597964965820312500e+03 9.674917161464691162e-02
0.000000000000000000e+00 0.000000000000000000e+00 0.000000000000000000e+00
5.138285522460937500e+02 1.566524047851562500e+03 8.945243358612060547e-01
