8.018670043945312500e+02 7.443173217773437500e+02 8.417313098907470703e-01
6.185280151367187500e+02 8.176500854492187500e+02 6.758806705474853516e-01
6.133148803710937500e+02 8.489000854492187500e+02 8.246667981147766113e-01
5.187733764648437500e+02 1.021937133789062500e+03 9.736341834068298340e-01
6.500991821289062500e+02 8.961747436523437500e+02 9.023562669754028320e-01
6.291054687500000000e+02 8.018888549804687500e+02 5.547055006027221680e-01
0.000000000000000000e+00 0.000000000000000000e+00 0.000000000000000000e+00
0.000000000000000000e+00 0.000000000000000000e+00 0.000000000000000000e+00
3.304878845214843750e+02 1.032283813476562500e+03 6.207045316696166992e-01
3.148693542480468750e+02 1.053362060546875000e+03 7.110463380813598633e-01
6.078839721679687500e+02 1.195047485351562500e+03 9.217413067817687988e-01
4.718035888671875000e+02 1.477639404296875000e+03 8.196741342544555664e-01
3.513796997070312500e+02 1.016698608398437500e+03 4.468029141426086426e-01
5.923390502929687500e+02 1.110890136718750000e+03 8.627259731292724609e-01
4.613812561035156250e+02 1.362501098632812500e+03 7.918181419372558594e-01
7.808847045898437500e+02 7.284755249023437500e+02 9.332302808761596680e-01
0.000000000000000000e+00 0.000000000000000000e+00 0.000000000000000000e+00
7.232189941406250000e+02 7.335478515625000000e+02 9.368627667427062988e-01
0.000000000000000000e+00 0.000000000000000000e+00 0.000000000000000000e+00
5.663760986328125000e+02 1.398770874023437500e+03 7.292708754539489746e-01
5.662015991210937500e+02 1.388474243164062500e+03 7.008918523788452148e-01
4.299623718261718750e+02 1.388591308593750000e+03 8.577978610992431641e-01
5.871649169921875000e+02 1.524490356445312500e+03 7.819149494171142578e-01
5.607936401367187500e+02 1.529885131835937500e+03 8.464501500129699707e-01
4.352626953125000000e+02 1.488255615234375000e+03 8.338984251022338867e-01
