1.105129470825195312e+02 8.385034179687500000e+02 8.536021709442138672e-01
3.200759277343750000e+02 9.170983276367187500e+02 6.731788516044616699e-01
3.252391662597656250e+02 8.962751464843750000e+02 5.347948074340820312e-01
0.000000000000000000e+00 0.000000000000000000e+00 0.000000000000000000e+00
0.000000000000000000e+00 0.000000000000000000e+00 0.000000000000000000e+00
3.201754760742187500e+02 9.380709228515625000e+02 7.977728843688964844e-01
4.614358825683593750e+02 1.111222412109375000e+03 8.489866256713867188e-01
2.362075347900390625e+02 1.011274658203125000e+03 8.496716022491455078e-01
6.134783935546875000e+02 1.199969116210937500e+03 4.621718823909759521e-01
6.133482055664062500e+02 1.184308715820312500e+03 2.899102270603179932e-01
3.620376892089843750e+02 1.173775512695312500e+03 1.778494417667388916e-01
4.981296997070312500e+02 1.383262084960937500e+03 3.241830170154571533e-01
6.290645751953125000e+02 1.231218017578125000e+03 6.448650956153869629e-01
3.147065124511718750e+02 1.341329223632812500e+03 8.340362906455993652e-01
5.295123291015625000e+02 1.561367065429687500e+03 7.815921306610107422e-01
0.000000000000000000e+00 0.000000000000000000e+00 0.000000000000000000e+00
1.417993316650390625e+02 8.125637817382812500e+02 9.467846155166625977e-01
0.000000000000000000e+00 0.000000000000000000e+00 0.000000000000000000e+00
2.205465545654296875e+02 8.490849609375000000e+02 8.936660885810852051e-01
4.351288146972656250e+02 1.681899414062500000e+03 7.555979490280151367e-01
4.771427917480468750e+02 1.681806762695312500e+03 6.789554953575134277e-01
5.714829711914062500e+02 1.566678100585937500e+03 7.827872037887573242e-01
5.245048217773437500e+02 1.404193725585937500e+03 1.474028378725051880e-01
5.244127807617187500e+02 1.399130859375000000e+03 1.571852266788482666e-01
5.243383178710937500e+02 1.388535766601562500e+03 3.123278617858886719e-01
