1.418132019042968750e+02 6.812326049804687500e+02 9.049661159515380859e-01
3.305613403320312500e+02 7.703471069335937500e+02 6.761506199836730957e-01
3.252783508300781250e+02 7.598838500976562500e+02 5.028870105743408203e-01
4.719571838378906250e+02 8.281285400390625000e+02 5.464921891689300537e-02
0.000000000000000000e+00 0.000000000000000000e+00 0.000000000000000000e+00
3.461519165039062500e+02 7.755703735351562500e+02 8.324192166328430176e-01
5.192472534179687500e+02 9.537592773437500000e+02 8.885498642921447754e-01
3.093802795410156250e+02 8.544738769531250000e+02 9.221035242080688477e-01
6.029072875976562500e+02 1.105576660156250000e+03 6.271683573722839355e-01
5.662243041992187500e+02 1.084771240234375000e+03 4.349589049816131592e-01
3.513072509765625000e+02 1.147569335937500000e+03 8.394274711608886719e-01
5.188516845703125000e+02 1.409590576171875000e+03 8.164701461791992188e-01
6.342192993164062500e+02 1.111166381835937500e+03 6.613622307777404785e-01
3.564899597167968750e+02 1.351850219726562500e+03 8.739433288574218750e-01
5.349049682617187500e+02 1.577244506835937500e+03 7.867642045021057129e-01
0.000000000000000000e+00 0.000000000000000000e+00 0.000000000000000000e+00
1.628172454833984375e+02 6.499319458007812500e+02 8.719660639762878418e-01
0.000000000000000000e+00 0.000000000000000000e+00 0.000000000000000000e+00
2.414463958740234375e+02 6.813731689453125000e+02 8.529473543167114258e-01
4.353031311035156250e+02 1.702936035156250000e+03 7.726513147354125977e-01
4.822681579589843750e+02 1.702811401367187500e+03 6.930207014083862305e-01
5.767589111328125000e+02 1.592833496093750000e+03 7.853500247001647949e-01
5.138077392578125000e+02 1.488109008789062500e+03 1.059652566909790039e-01
0.000000000000000000e+00 0.000000000000000000e+00 0.000000000000000000e+00
5.399992065429687500e+02 1.430461914062500000e+03 7.820245623588562012e-01
