8.700538940429687500e+02 3.512706909179687500e+02 8.000878095626831055e-01
6.029185180664062500e+02 4.772085266113281250e+02 5.689805746078491211e-01
5.610443115234375000e+02 4.876896057128906250e+02 5.292797088623046875e-01
3.146282348632812500e+02 6.551616210937500000e+02 7.796218991279602051e-01
5.188394165039062500e+02 3.881557922363281250e+02 8.132278919219970703e-01
6.552156982421875000e+02 4.719359436035156250e+02 3.730990290641784668e-01
0.000000000000000000e+00 0.000000000000000000e+00 0.000000000000000000e+00
0.000000000000000000e+00 0.000000000000000000e+00 0.000000000000000000e+00
3.985762939453125000e+02 9.172041015625000000e+02 5.167313218116760254e-01
3.357574157714843750e+02 9.381969604492187500e+02 5.276112556457519531e-01
7.180342407226562500e+02 1.116320434570312500e+03 7.772876620292663574e-01
4.509499511718750000e+02 1.566458740234375000e+03 7.109797000885009766e-01
4.771112670898437500e+02 9.012621459960937500e+02 4.236288368701934814e-01
7.754923095703125000e+02 1.021956298828125000e+03 7.832551598548889160e-01
6.238508911132812500e+02 1.194683593750000000e+03 6.703370064496994019e-02
8.592862548828125000e+02 2.990483093261718750e+02 8.477952480316162109e-01
0.000000000000000000e+00 0.000000000000000000e+00 0.000000000000000000e+00
7.442036132812500000e+02 2.728326721191406250e+02 8.530978560447692871e-01
0.000000000000000000e+00 0.000000000000000000e+00 0.000000000000000000e+00
0.000000000000000000e+00 0.000000000000000000e+00 0.000000000000000000e+00
0.000000000000000000e+00 0.000000000000000000e+00 0.000000000000000000e+00
0.000000000000000000e+00 0.000000000000000000e+00 0.000000000000000000e+00
5.663038940429687500e+02 1.697610595703125000e+03 6.581605076789855957e-01
5.243051147460937500e+02 1.697557861328125000e+03 5.681804418563842773e-01
4.038185729980468750e+02 1.572053588867187500e+03 6.649296283721923828e-01
