1.419773864746093750e+02 6.814049682617187500e+02 9.257548451423645020e-01
3.356432800292968750e+02 7.704494628906250000e+02 6.705685257911682129e-01
3.252167663574218750e+02 7.599700927734375000e+02 4.945548772811889648e-01
4.769755249023437500e+02 8.282052612304687500e+02 5.909507721662521362e-02
0.000000000000000000e+00 0.000000000000000000e+00 0.000000000000000000e+00
3.462860107421875000e+02 7.757227172851562500e+02 8.310011029243469238e-01
5.241775512695312500e+02 9.589841308593750000e+02 8.769691586494445801e-01
3.094229431152343750e+02 8.594113769531250000e+02 9.191219210624694824e-01
6.028141479492187500e+02 1.105641113281250000e+03 6.365656256675720215e-01
5.661668701171875000e+02 1.089972900390625000e+03 4.542934596538543701e-01
3.513262023925781250e+02 1.147811035156250000e+03 8.383058309555053711e-01
5.189575195312500000e+02 1.409450439453125000e+03 8.298513293266296387e-01
6.290717163085937500e+02 1.111170654296875000e+03 6.626822948455810547e-01
3.565592346191406250e+02 1.351962158203125000e+03 8.867474794387817383e-01
5.348274536132812500e+02 1.587510498046875000e+03 7.610421776771545410e-01
0.000000000000000000e+00 0.000000000000000000e+00 0.000000000000000000e+00
1.629139404296875000e+02 6.501143798828125000e+02 8.698232173919677734e-01
0.000000000000000000e+00 0.000000000000000000e+00 0.000000000000000000e+00
2.414722900390625000e+02 6.864716186523437500e+02 8.657653927803039551e-01
4.350729980468750000e+02 1.702805541992187500e+03 7.914707660675048828e-01
4.770733032226562500e+02 1.702752075195312500e+03 7.067147493362426758e-01
5.766498413085937500e+02 1.603131835937500000e+03 7.967033386230468750e-01
5.137650756835937500e+02 1.451366699218750000e+03 7.871282100677490234e-02
5.244501953125000000e+02 1.440893920898437500e+03 8.479154109954833984e-02
5.451863403320312500e+02 1.430350585937500000e+03 7.875208854675292969e-01
