7.909880828857421875e+01 8.908065185546875000e+02 8.256849050521850586e-01
3.042370910644531250e+02 9.537085571289062500e+02 6.739296913146972656e-01
3.095468139648437500e+02 9.223850097656250000e+02 5.301210284233093262e-01
0.000000000000000000e+00 0.000000000000000000e+00 0.000000000000000000e+00
0.000000000000000000e+00 0.000000000000000000e+00 0.000000000000000000e+00
2.990896911621093750e+02 9.851959228515625000e+02 7.563871145248413086e-01
4.141940612792968750e+02 1.178944824218750000e+03 8.297296762466430664e-01
1.890502166748046875e+02 1.063765014648437500e+03 9.017107486724853516e-01
5.975971679687500000e+02 1.215707031250000000e+03 4.644564092159271240e-01
5.714567871093750000e+02 1.194793457031250000e+03 2.795608341693878174e-01
3.094896850585937500e+02 1.320308959960937500e+03 1.547734886407852173e-01
0.000000000000000000e+00 0.000000000000000000e+00 0.000000000000000000e+00
6.083085937500000000e+02 1.236583740234375000e+03 6.762686371803283691e-01
3.093841247558593750e+02 1.351947753906250000e+03 8.643929362297058105e-01
5.346948242187500000e+02 1.540430786132812500e+03 7.660370469093322754e-01
0.000000000000000000e+00 0.000000000000000000e+00 0.000000000000000000e+00
1.051635742187500000e+02 8.595660400390625000e+02 9.227079153060913086e-01
0.000000000000000000e+00 0.000000000000000000e+00 0.000000000000000000e+00
1.839336395263671875e+02 8.963283691406250000e+02 8.995421528816223145e-01
4.352478332519531250e+02 1.660826049804687500e+03 7.718157768249511719e-01
4.772315368652343750e+02 1.655773071289062500e+03 7.012299299240112305e-01
5.766060791015625000e+02 1.545764404296875000e+03 7.630522847175598145e-01
0.000000000000000000e+00 0.000000000000000000e+00 0.000000000000000000e+00
0.000000000000000000e+00 0.000000000000000000e+00 0.000000000000000000e+00
0.000000000000000000e+00 0.000000000000000000e+00 0.000000000000000000e+00
