7.758086547851562500e+02 7.128687133789062500e+02 8.949528336524963379e-01
6.082225341796875000e+02 8.544515991210937500e+02 7.688794136047363281e-01
5.768040161132812500e+02 8.541784057617187500e+02 7.559162378311157227e-01
4.773123168945312500e+02 1.147661254882812500e+03 9.063808917999267578e-01
5.611804809570312500e+02 9.484693603515625000e+02 7.523752450942993164e-01
6.449492797851562500e+02 8.594090576171875000e+02 7.415030598640441895e-01
6.083156738281250000e+02 1.032418823242187500e+03 9.331882745027542114e-02
0.000000000000000000e+00 0.000000000000000000e+00 0.000000000000000000e+00
4.090182189941406250e+02 1.199912475585937500e+03 6.196765899658203125e-01
3.671632385253906250e+02 1.226046386718750000e+03 6.503263711929321289e-01
7.180918579101562500e+02 1.398740478515625000e+03 8.430527448654174805e-01
5.188378906250000000e+02 1.655807983398437500e+03 8.540067672729492188e-01
4.509920654296875000e+02 1.189353149414062500e+03 5.272967815399169922e-01
6.865742797851562500e+02 1.231618774414062500e+03 8.857139348983764648e-01
5.191531982421875000e+02 1.482914428710937500e+03 8.665479421615600586e-01
7.650372924804687500e+02 6.866351928710937500e+02 8.844873905181884766e-01
0.000000000000000000e+00 0.000000000000000000e+00 0.000000000000000000e+00
6.813073120117187500e+02 6.920090942382812500e+02 7.694950699806213379e-01
0.000000000000000000e+00 0.000000000000000000e+00 0.000000000000000000e+00
5.713958740234375000e+02 1.524547729492187500e+03 1.430205553770065308e-01
5.505979003906250000e+02 1.488208740234375000e+03 1.128220558166503906e-01
4.826127929687500000e+02 1.498639892578125000e+03 8.725292682647705078e-01
6.395805664062500000e+02 1.729040405273437500e+03 7.339439988136291504e-01
6.026822509765625000e+02 1.734356445312500000e+03 7.550784349441528320e-01
4.770796203613281250e+02 1.666221435546875000e+03 8.199572563171386719e-01
