7.861706542968750000e+02 7.338724365234375000e+02 9.077290296554565430e-01
6.289801635742187500e+02 8.804176025390625000e+02 7.342002987861633301e-01
6.028510742187500000e+02 8.855848388671875000e+02 7.793940305709838867e-01
4.824290161132812500e+02 1.168578247070312500e+03 8.846804499626159668e-01
5.714371948242187500e+02 9.798322143554687500e+02 7.388172745704650879e-01
6.502877197265625000e+02 8.699862060546875000e+02 7.485970854759216309e-01
6.449053344726562500e+02 1.011445373535156250e+03 1.785340309143066406e-01
6.133052978515625000e+02 1.105478271484375000e+03 5.557837486267089844e-01
4.142167358398437500e+02 1.220944580078125000e+03 6.048001050949096680e-01
3.775420532226562500e+02 1.236719238281250000e+03 6.936036944389343262e-01
7.283263549804687500e+02 1.399239257812500000e+03 8.913656473159790039e-01
5.138981933593750000e+02 1.655657958984375000e+03 8.531982302665710449e-01
4.509411621093750000e+02 1.194665405273437500e+03 5.075728893280029297e-01
6.916987304687500000e+02 1.236488647460937500e+03 8.922123312950134277e-01
5.241168823242187500e+02 1.482794677734375000e+03 8.491218090057373047e-01
7.705111083984375000e+02 7.077025756835937500e+02 8.887456655502319336e-01
0.000000000000000000e+00 0.000000000000000000e+00 0.000000000000000000e+00
6.917310791015625000e+02 7.283786621093750000e+02 8.151714801788330078e-01
0.000000000000000000e+00 0.000000000000000000e+00 0.000000000000000000e+00
5.818326416015625000e+02 1.514274169921875000e+03 1.591965258121490479e-01
5.713897705078125000e+02 1.487990234375000000e+03 1.439436227083206177e-01
4.825871276855468750e+02 1.498453125000000000e+03 8.714132308959960938e-01
6.342826538085937500e+02 1.729024169921875000e+03 7.174515724182128906e-01
5.975230102539062500e+02 1.734305419921875000e+03 7.520280480384826660e-01
4.770034790039062500e+02 1.666088867187500000e+03 8.239463567733764648e-01
