2.307683105468750000e+02 7.757130737304687500e+02 9.443332552909851074e-01
3.933529968261718750e+02 8.963845214843750000e+02 7.247329950332641602e-01
3.932782287597656250e+02 8.856982421875000000e+02 5.414130687713623047e-01
0.000000000000000000e+00 0.000000000000000000e+00 0.000000000000000000e+00
0.000000000000000000e+00 0.000000000000000000e+00 0.000000000000000000e+00
3.934102478027343750e+02 9.067972412109375000e+02 8.477091789245605469e-01
4.142992553710937500e+02 1.147735717773437500e+03 8.884525895118713379e-01
3.150718078613281250e+02 9.433886718750000000e+02 8.852713108062744141e-01
5.714138183593750000e+02 1.231220214843750000e+03 6.259021759033203125e-01
5.662739868164062500e+02 1.199987548828125000e+03 4.640628099441528320e-01
3.511515197753906250e+02 1.315099365234375000e+03 9.037925004959106445e-01
4.771739196777343750e+02 1.535334838867187500e+03 8.286661505699157715e-01
5.715323486328125000e+02 1.252380981445312500e+03 6.258928775787353516e-01
3.149773559570312500e+02 1.482907958984375000e+03 9.304570555686950684e-01
4.927972412109375000e+02 1.692095703125000000e+03 8.164259195327758789e-01
0.000000000000000000e+00 0.000000000000000000e+00 0.000000000000000000e+00
2.570745239257812500e+02 7.600228271484375000e+02 8.568879365921020508e-01
0.000000000000000000e+00 0.000000000000000000e+00 0.000000000000000000e+00
3.357203063964843750e+02 7.756131591796875000e+02 9.125943183898925781e-01
3.827501525878906250e+02 1.749940673828125000e+03 7.634295821189880371e-01
4.142677917480468750e+02 1.760491088867187500e+03 7.645445466041564941e-01
5.244990234375000000e+02 1.697370361328125000e+03 8.984943032264709473e-01
4.301083068847656250e+02 1.603256713867187500e+03 8.938129246234893799e-02
4.354716186523437500e+02 1.608321289062500000e+03 7.974041253328323364e-02
5.136578369140625000e+02 1.566411254882812500e+03 8.841922283172607422e-01
