8.752623901367187500e+02 3.148320312500000000e+02 8.217937946319580078e-01
6.079529418945312500e+02 4.352253417968750000e+02 5.648977160453796387e-01
5.662362670898437500e+02 4.300812988281250000e+02 5.594395399093627930e-01
3.149436035156250000e+02 6.030346069335937500e+02 8.016750812530517578e-01
5.295345458984375000e+02 3.511994018554687500e+02 8.163940310478210449e-01
6.604819335937500000e+02 4.404765319824218750e+02 4.279804825782775879e-01
0.000000000000000000e+00 0.000000000000000000e+00 0.000000000000000000e+00
0.000000000000000000e+00 0.000000000000000000e+00 0.000000000000000000e+00
3.776162109375000000e+02 8.857136230468750000e+02 5.029494166374206543e-01
3.147007446289062500e+02 9.013485107421875000e+02 5.384700298309326172e-01
6.762265625000000000e+02 1.105471801757812500e+03 7.907289266586303711e-01
4.350914611816406250e+02 1.535222656250000000e+03 7.440121173858642578e-01
4.509251708984375000e+02 8.596713867187500000e+02 4.104151427745819092e-01
7.547034301757812500e+02 9.904770507812500000e+02 7.695308327674865723e-01
6.028356323242187500e+02 1.268067138671875000e+03 6.234459206461906433e-02
8.597811279296875000e+02 2.675619812011718750e+02 8.878251314163208008e-01
0.000000000000000000e+00 0.000000000000000000e+00 0.000000000000000000e+00
7.495446166992187500e+02 2.363003540039062500e+02 8.331611156463623047e-01
0.000000000000000000e+00 0.000000000000000000e+00 0.000000000000000000e+00
6.498651733398437500e+02 1.325802490234375000e+03 1.412321925163269043e-01
6.448181762695312500e+02 1.325638061523437500e+03 1.405692249536514282e-01
0.000000000000000000e+00 0.000000000000000000e+00 0.000000000000000000e+00
5.400455322265625000e+02 1.671297363281250000e+03 6.388374567031860352e-01
4.981089477539062500e+02 1.661059814453125000e+03 5.589367747306823730e-01
3.829326171875000000e+02 1.561306884765625000e+03 6.701000332832336426e-01
