7.233436889648437500e+02 6.290968627929687500e+02 8.579356074333190918e-01
5.767852783203125000e+02 8.070876464843750000e+02 7.810623049736022949e-01
5.607535400390625000e+02 8.228726196289062500e+02 7.616512179374694824e-01
4.457783813476562500e+02 1.037535400390625000e+03 8.326137065887451172e-01
5.607905273437500000e+02 9.326566772460937500e+02 7.799232602119445801e-01
6.082413940429687500e+02 7.757554321289062500e+02 5.804555416107177734e-01
4.457390747070312500e+02 8.649587402343750000e+02 1.892249137163162231e-01
0.000000000000000000e+00 0.000000000000000000e+00 0.000000000000000000e+00
3.672092285156250000e+02 1.184245727539062500e+03 5.799181461334228516e-01
3.253306579589843750e+02 1.194746337890625000e+03 6.005392670631408691e-01
6.134645385742187500e+02 1.472330566406250000e+03 7.898008823394775391e-01
4.458063049316406250e+02 1.760426757812500000e+03 7.775892615318298340e-01
4.143367309570312500e+02 1.163294189453125000e+03 4.752862751483917236e-01
5.923117675781250000e+02 1.278732421875000000e+03 8.320667147636413574e-01
4.406277160644531250e+02 1.561362060546875000e+03 7.841125130653381348e-01
6.918372192382812500e+02 6.029779663085937500e+02 9.734542369842529297e-01
0.000000000000000000e+00 0.000000000000000000e+00 0.000000000000000000e+00
6.083607177734375000e+02 6.395059204101562500e+02 8.837002515792846680e-01
0.000000000000000000e+00 0.000000000000000000e+00 0.000000000000000000e+00
5.137842407226562500e+02 1.608410888671875000e+03 5.993882566690444946e-02
0.000000000000000000e+00 0.000000000000000000e+00 0.000000000000000000e+00
4.091734924316406250e+02 1.582401245117187500e+03 8.065355420112609863e-01
6.027387695312500000e+02 1.823281738281250000e+03 7.557460665702819824e-01
5.556308593750000000e+02 1.833831909179687500e+03 6.342514157295227051e-01
4.089811706542968750e+02 1.776004394531250000e+03 7.575286626815795898e-01
