7.861824951171875000e+02 9.435501708984375000e+02 8.831728696823120117e-01
6.081340942382812500e+02 1.069019653320312500e+03 8.469254970550537109e-01
5.660162963867187500e+02 1.068997680664062500e+03 8.220288753509521484e-01
4.353616333007812500e+02 1.283968994140625000e+03 8.694322109222412109e-01
5.607849121093750000e+02 1.110755615234375000e+03 8.454550504684448242e-01
6.553427124023437500e+02 1.068972412109375000e+03 7.201731204986572266e-01
0.000000000000000000e+00 0.000000000000000000e+00 0.000000000000000000e+00
0.000000000000000000e+00 0.000000000000000000e+00 0.000000000000000000e+00
4.456552124023437500e+02 1.451522949218750000e+03 6.512067317962646484e-01
3.933826904296875000e+02 1.487991821289062500e+03 6.890327334403991699e-01
7.338956909179687500e+02 1.519513183593750000e+03 8.313451409339904785e-01
5.400779418945312500e+02 1.786788208007812500e+03 7.624182701110839844e-01
5.032678833007812500e+02 1.425246459960937500e+03 5.599715709686279297e-01
7.287020874023437500e+02 1.446193603515625000e+03 6.953875422477722168e-01
5.191115722656250000e+02 1.692541748046875000e+03 7.716099023818969727e-01
7.704917602539062500e+02 9.224244995117187500e+02 8.848384022712707520e-01
0.000000000000000000e+00 0.000000000000000000e+00 0.000000000000000000e+00
6.866311645507812500e+02 9.382858886718750000e+02 9.293210506439208984e-01
0.000000000000000000e+00 0.000000000000000000e+00 0.000000000000000000e+00
5.767689208984375000e+02 1.749936523437500000e+03 5.264591053128242493e-02
0.000000000000000000e+00 0.000000000000000000e+00 0.000000000000000000e+00
4.773416442871093750e+02 1.707991699218750000e+03 7.010911703109741211e-01
6.761970214843750000e+02 1.849387329101562500e+03 7.099848985671997070e-01
6.445959472656250000e+02 1.859878906250000000e+03 7.467145919799804688e-01
4.980352478027343750e+02 1.812750976562500000e+03 7.695243358612060547e-01
