8.070881347656250000e+02 8.280344238281250000e+02 8.624910116195678711e-01
6.343600463867187500e+02 9.641930541992187500e+02 7.051866054534912109e-01
6.081094970703125000e+02 9.746881713867187500e+02 7.773492932319641113e-01
4.876144714355468750e+02 1.257502319335937500e+03 8.379537463188171387e-01
5.975209350585937500e+02 1.063908081054687500e+03 7.072992324829101562e-01
6.605807495117187500e+02 9.485511474609375000e+02 6.300841569900512695e-01
6.448333740234375000e+02 1.142220336914062500e+03 6.315255165100097656e-02
6.448632812500000000e+02 1.147676269531250000e+03 2.528867125511169434e-01
3.984783325195312500e+02 1.278513427734375000e+03 5.847983956336975098e-01
3.672220458984375000e+02 1.315022460937500000e+03 6.765217781066894531e-01
7.284555053710937500e+02 1.404232177734375000e+03 8.957042098045349121e-01
5.136304321289062500e+02 1.650461181640625000e+03 8.351560831069946289e-01
4.247196044921875000e+02 1.241800415039062500e+03 4.119510650634765625e-01
6.919702148437500000e+02 1.231470458984375000e+03 8.595652580261230469e-01
5.191264038085937500e+02 1.482730834960937500e+03 8.057132363319396973e-01
7.759199829101562500e+02 8.122205810546875000e+02 9.166682362556457520e-01
0.000000000000000000e+00 0.000000000000000000e+00 0.000000000000000000e+00
6.971527099609375000e+02 8.177775268554687500e+02 7.689654827117919922e-01
0.000000000000000000e+00 0.000000000000000000e+00 0.000000000000000000e+00
5.611037597656250000e+02 1.503783325195312500e+03 1.855733841657638550e-01
5.609116821289062500e+02 1.487942260742187500e+03 1.827282905578613281e-01
4.822933349609375000e+02 1.493320190429687500e+03 7.940558791160583496e-01
6.342884521484375000e+02 1.723644287109375000e+03 7.021644711494445801e-01
5.923842773437500000e+02 1.729067871093750000e+03 7.207735180854797363e-01
4.718908081054687500e+02 1.655783203125000000e+03 8.128594160079956055e-01
