7.758133544921875000e+02 7.128613281250000000e+02 9.020714163780212402e-01
6.083426513671875000e+02 8.544650268554687500e+02 7.513884902000427246e-01
5.871494750976562500e+02 8.543605346679687500e+02 7.524621486663818359e-01
4.772492980957031250e+02 1.147540893554687500e+03 9.044589996337890625e-01
5.610583496093750000e+02 9.435427246093750000e+02 7.481104731559753418e-01
6.499159545898437500e+02 8.544066162109375000e+02 7.334361076354980469e-01
6.238553466796875000e+02 1.021880920410156250e+03 1.042631193995475769e-01
0.000000000000000000e+00 0.000000000000000000e+00 0.000000000000000000e+00
4.090374755859375000e+02 1.194955322265625000e+03 6.161097288131713867e-01
3.671955566406250000e+02 1.226110839843750000e+03 6.468729972839355469e-01
7.180485229492187500e+02 1.398822509765625000e+03 8.507710099220275879e-01
5.188092041015625000e+02 1.655816528320312500e+03 8.520674109458923340e-01
4.509943847656250000e+02 1.184295532226562500e+03 5.130238533020019531e-01
6.864584350585937500e+02 1.231570922851562500e+03 8.706231117248535156e-01
5.190744018554687500e+02 1.482973144531250000e+03 8.599543571472167969e-01
7.650212402343750000e+02 6.865939331054687500e+02 8.863732814788818359e-01
0.000000000000000000e+00 0.000000000000000000e+00 0.000000000000000000e+00
6.813073120117187500e+02 6.919675903320312500e+02 7.740262150764465332e-01
0.000000000000000000e+00 0.000000000000000000e+00 0.000000000000000000e+00
5.663741455078125000e+02 1.524697387695312500e+03 1.566306501626968384e-01
5.608276977539062500e+02 1.493269165039062500e+03 1.176346912980079651e-01
4.824541320800781250e+02 1.503758789062500000e+03 8.784813880920410156e-01
6.395353393554687500e+02 1.729088012695312500e+03 7.332753539085388184e-01
5.976661376953125000e+02 1.734408935546875000e+03 7.547313570976257324e-01
4.770559997558593750e+02 1.666258056640625000e+03 8.184329867362976074e-01
