9.066444702148437500e+02 1.142244262695312500e+03 8.487372398376464844e-01
6.760870971679687500e+02 1.226120971679687500e+03 6.247777342796325684e-01
6.762405395507812500e+02 1.236522460937500000e+03 8.000333905220031738e-01
6.029892578125000000e+02 1.493463256835937500e+03 8.300966024398803711e-01
7.759902954101562500e+02 1.283800048828125000e+03 8.518165349960327148e-01
6.604958496093750000e+02 1.194817260742187500e+03 4.961660802364349365e-01
0.000000000000000000e+00 0.000000000000000000e+00 0.000000000000000000e+00
0.000000000000000000e+00 0.000000000000000000e+00 0.000000000000000000e+00
3.932681579589843750e+02 1.571819580078125000e+03 4.933443069458007812e-01
3.723892517089843750e+02 1.592778320312500000e+03 6.012111902236938477e-01
7.024525146484375000e+02 1.587633544921875000e+03 7.128288745880126953e-01
5.347106323242187500e+02 1.912357421875000000e+03 5.772060751914978027e-01
4.038029174804687500e+02 1.556181640625000000e+03 3.251503109931945801e-01
7.286425170898437500e+02 1.571846069335937500e+03 2.821224033832550049e-01
5.661674194335937500e+02 1.844221069335937500e+03 1.994277089834213257e-01
8.910059204101562500e+02 1.105578491210937500e+03 9.199893474578857422e-01
0.000000000000000000e+00 0.000000000000000000e+00 0.000000000000000000e+00
7.966235961914062500e+02 1.111023803710937500e+03 8.837587833404541016e-01
0.000000000000000000e+00 0.000000000000000000e+00 0.000000000000000000e+00
6.813378295898437500e+02 1.865234130859375000e+03 7.516581565141677856e-02
0.000000000000000000e+00 0.000000000000000000e+00 0.000000000000000000e+00
0.000000000000000000e+00 0.000000000000000000e+00 0.000000000000000000e+00
5.400042724609375000e+02 1.912491088867187500e+03 1.127258762717247009e-01
0.000000000000000000e+00 0.000000000000000000e+00 0.000000000000000000e+00
5.189603271484375000e+02 1.912387329101562500e+03 4.030544757843017578e-01
