8.540681152343750000e+02 5.191098632812500000e+02 9.315783977508544922e-01
6.499282226562500000e+02 6.552416992187500000e+02 6.588987112045288086e-01
6.186597290039062500e+02 6.553650512695312500e+02 7.421548366546630859e-01
4.771987609863281250e+02 9.065659179687500000e+02 8.821205496788024902e-01
6.446555175781250000e+02 7.129177856445312500e+02 8.146260976791381836e-01
6.865795288085937500e+02 6.552986450195312500e+02 5.775217413902282715e-01
6.447401123046875000e+02 8.229134521484375000e+02 6.143956258893013000e-02
0.000000000000000000e+00 0.000000000000000000e+00 0.000000000000000000e+00
3.515517883300781250e+02 9.486029663085937500e+02 6.342882513999938965e-01
3.093934936523437500e+02 9.642946166992187500e+02 6.432713270187377930e-01
5.663050537109375000e+02 1.231597656250000000e+03 8.232028484344482422e-01
4.876362304687500000e+02 1.582274780273437500e+03 7.923136949539184570e-01
4.038314819335937500e+02 9.433004150390625000e+02 5.471337437629699707e-01
5.664633178710937500e+02 1.116307739257812500e+03 8.053101897239685059e-01
5.190426025390625000e+02 1.399122070312500000e+03 7.455248832702636719e-01
8.280163574218750000e+02 4.825744628906250000e+02 8.742758035659790039e-01
0.000000000000000000e+00 0.000000000000000000e+00 0.000000000000000000e+00
7.443967285156250000e+02 4.929193115234375000e+02 7.073528766632080078e-01
0.000000000000000000e+00 0.000000000000000000e+00 0.000000000000000000e+00
6.132711181640625000e+02 1.435624267578125000e+03 7.703355550765991211e-01
6.080261840820312500e+02 1.419896362304687500e+03 7.573895454406738281e-01
4.562256164550781250e+02 1.430421875000000000e+03 3.362686634063720703e-01
6.290847778320312500e+02 1.650438720703125000e+03 8.075829744338989258e-01
5.819719238281250000e+02 1.655881469726562500e+03 7.652365565299987793e-01
4.561938171386718750e+02 1.608571777343750000e+03 7.646403312683105469e-01
