2.414180297851562500e+02 4.773092956542968750e+02 8.788664340972900391e-01
4.248259582519531250e+02 6.291184692382812500e+02 6.848751306533813477e-01
3.935397644042968750e+02 6.446849975585937500e+02 6.014882326126098633e-01
5.347698364257812500e+02 8.596016845703125000e+02 1.414195448160171509e-01
4.404671630859375000e+02 9.799581298828125000e+02 3.957505822181701660e-01
4.458638305664062500e+02 6.083583984375000000e+02 7.804811000823974609e-01
6.135068969726562500e+02 6.918848876953125000e+02 8.641240000724792480e-01
4.771336059570312500e+02 4.350262145996093750e+02 7.936655282974243164e-01
6.920420532226562500e+02 9.956469116210937500e+02 5.149821043014526367e-01
6.604720458984375000e+02 1.016505187988281250e+03 3.518345654010772705e-01
4.666270141601562500e+02 1.289039062500000000e+03 2.154094576835632324e-01
5.242579345703125000e+02 1.634709594726562500e+03 2.304163277149200439e-01
7.233676147460937500e+02 9.853493652343750000e+02 5.757074952125549316e-01
4.561931762695312500e+02 1.320577514648437500e+03 7.821205258369445801e-01
5.608080444335937500e+02 1.781585571289062500e+03 7.710858583450317383e-01
0.000000000000000000e+00 0.000000000000000000e+00 0.000000000000000000e+00
2.728016967773437500e+02 4.458718566894531250e+02 9.034695625305175781e-01
0.000000000000000000e+00 0.000000000000000000e+00 0.000000000000000000e+00
3.569466247558593750e+02 4.772468872070312500e+02 9.037770032882690430e-01
3.986541442871093750e+02 1.854625488281250000e+03 6.611696481704711914e-01
4.456756286621093750e+02 1.859973022460937500e+03 6.333280205726623535e-01
5.976022949218750000e+02 1.823142089843750000e+03 6.985108256340026855e-01
3.987420959472656250e+02 1.660821044921875000e+03 5.674077272415161133e-01
4.091300048828125000e+02 1.655520874023437500e+03 5.063822865486145020e-01
0.000000000000000000e+00 0.000000000000000000e+00 0.000000000000000000e+00
