7.914350585937500000e+02 1.021686645507812500e+03 8.926086425781250000e-01
6.132715454101562500e+02 9.854873046875000000e+02 7.755627632141113281e-01
6.133680419921875000e+02 1.026992553710937500e+03 8.521733283996582031e-01
4.822831115722656250e+02 1.205298217773437500e+03 8.613732457160949707e-01
6.186451416015625000e+02 1.111082031250000000e+03 7.830845117568969727e-01
6.133231811523437500e+02 9.537810058593750000e+02 6.927970051765441895e-01
5.452684326171875000e+02 1.090023315429687500e+03 5.895505845546722412e-02
0.000000000000000000e+00 0.000000000000000000e+00 0.000000000000000000e+00
2.990285949707031250e+02 1.215618896484375000e+03 5.837354063987731934e-01
3.042377624511718750e+02 1.236622680664062500e+03 7.090173959732055664e-01
6.393504638671875000e+02 1.247231201171875000e+03 8.369639515876770020e-01
4.821825561523437500e+02 1.519384155273437500e+03 8.436317443847656250e-01
2.833630371093750000e+02 1.189485839843750000e+03 4.463570713996887207e-01
6.342938842773437500e+02 1.158149047851562500e+03 6.758099198341369629e-01
4.825510253906250000e+02 1.409445434570312500e+03 8.140910863876342773e-01
7.913524169921875000e+02 9.854597778320312500e+02 8.812981247901916504e-01
0.000000000000000000e+00 0.000000000000000000e+00 0.000000000000000000e+00
7.336408691406250000e+02 9.746336059570312500e+02 9.348942637443542480e-01
0.000000000000000000e+00 0.000000000000000000e+00 0.000000000000000000e+00
5.976218261718750000e+02 1.430485351562500000e+03 6.517838835716247559e-01
5.975908813476562500e+02 1.425226928710937500e+03 6.523449420928955078e-01
4.407066345214843750e+02 1.430383544921875000e+03 7.735753655433654785e-01
6.026950073242187500e+02 1.571763793945312500e+03 7.665439248085021973e-01
5.609442138671875000e+02 1.577136718750000000e+03 8.073778748512268066e-01
4.407258605957031250e+02 1.530065795898437500e+03 8.626124858856201172e-01
