1.629145812988281250e+02 9.748178100585937500e+02 8.522300124168395996e-01
3.934142150878906250e+02 1.016515014648437500e+03 7.164070606231689453e-01
4.090825805664062500e+02 9.801063842773437500e+02 5.943059921264648438e-01
0.000000000000000000e+00 0.000000000000000000e+00 0.000000000000000000e+00
0.000000000000000000e+00 0.000000000000000000e+00 0.000000000000000000e+00
3.828670654296875000e+02 1.032505615234375000e+03 7.421972751617431641e-01
5.451403198242187500e+02 1.200187744140625000e+03 8.360525369644165039e-01
3.201320495605468750e+02 1.142260742187500000e+03 8.670048713684082031e-01
6.760844726562500000e+02 1.320409790039062500e+03 4.596960246562957764e-01
6.814263305664062500e+02 1.315052490234375000e+03 3.060044050216674805e-01
3.986821594238281250e+02 1.346652465820312500e+03 1.182086095213890076e-01
0.000000000000000000e+00 0.000000000000000000e+00 0.000000000000000000e+00
6.709783325195312500e+02 1.336113159179687500e+03 6.250814199447631836e-01
3.566348266601562500e+02 1.393676879882812500e+03 8.202977180480957031e-01
5.714791259765625000e+02 1.587682983398437500e+03 7.582221031188964844e-01
0.000000000000000000e+00 0.000000000000000000e+00 0.000000000000000000e+00
1.839362182617187500e+02 9.433953857421875000e+02 9.260831475257873535e-01
0.000000000000000000e+00 0.000000000000000000e+00 0.000000000000000000e+00
2.675495605468750000e+02 9.643511352539062500e+02 8.450285196304321289e-01
4.719073181152343750e+02 1.702950927734375000e+03 7.465340495109558105e-01
5.138060913085937500e+02 1.702804565429687500e+03 6.998402476310729980e-01
6.135173339843750000e+02 1.598068359375000000e+03 7.386890053749084473e-01
0.000000000000000000e+00 0.000000000000000000e+00 0.000000000000000000e+00
0.000000000000000000e+00 0.000000000000000000e+00 0.000000000000000000e+00
0.000000000000000000e+00 0.000000000000000000e+00 0.000000000000000000e+00
