7.915027465820312500e+02 8.438647460937500000e+02 8.279728293418884277e-01
6.081727905273437500e+02 9.642599487304687500e+02 7.895539402961730957e-01
5.608420410156250000e+02 9.436232299804687500e+02 8.303418159484863281e-01
4.458474426269531250e+02 1.189262695312500000e+03 8.619238138198852539e-01
5.663314819335937500e+02 1.000918945312500000e+03 8.124437928199768066e-01
6.656378173828125000e+02 9.798102416992187500e+02 7.244277000427246094e-01
5.871694946289062500e+02 1.215714233398437500e+03 1.209908649325370789e-01
6.341878662109375000e+02 1.304605102539062500e+03 5.690160766243934631e-02
4.719560241699218750e+02 1.383315307617187500e+03 6.598521471023559570e-01
4.247163085937500000e+02 1.399064819335937500e+03 6.438739895820617676e-01
7.443329467773437500e+02 1.519301513671875000e+03 7.785434126853942871e-01
5.556710205078125000e+02 1.781448120117187500e+03 7.935910224914550781e-01
5.191625976562500000e+02 1.362419799804687500e+03 6.404355168342590332e-01
7.392002563476562500e+02 1.446375366210937500e+03 6.757612824440002441e-01
5.244033813476562500e+02 1.687109130859375000e+03 7.359838485717773438e-01
7.755460815429687500e+02 8.122706298828125000e+02 9.289931058883666992e-01
0.000000000000000000e+00 0.000000000000000000e+00 0.000000000000000000e+00
6.865332641601562500e+02 8.177377319335937500e+02 8.845535516738891602e-01
0.000000000000000000e+00 0.000000000000000000e+00 0.000000000000000000e+00
5.820557861328125000e+02 1.729012817382812500e+03 5.673875659704208374e-02
0.000000000000000000e+00 0.000000000000000000e+00 0.000000000000000000e+00
4.876073303222656250e+02 1.697504760742187500e+03 6.924570202827453613e-01
6.867374877929687500e+02 1.833775878906250000e+03 7.276658415794372559e-01
6.500342407226562500e+02 1.854709350585937500e+03 7.320474386215209961e-01
5.137501220703125000e+02 1.797140380859375000e+03 7.751943469047546387e-01
