7.810515747070312500e+02 7.232573852539062500e+02 8.953666687011718750e-01
6.134821166992187500e+02 8.596555786132812500e+02 7.720043063163757324e-01
5.976043090820312500e+02 8.595809936523437500e+02 7.962974905967712402e-01
4.821662292480468750e+02 1.152946777343750000e+03 8.983176946640014648e-01
5.663670043945312500e+02 9.746199340820312500e+02 7.654973268508911133e-01
6.501225585937500000e+02 8.595773925781250000e+02 7.902160882949829102e-01
6.447266235351562500e+02 1.016665710449218750e+03 1.395065784454345703e-01
6.082331542968750000e+02 1.084744750976562500e+03 4.430032968521118164e-01
4.090935668945312500e+02 1.205250488281250000e+03 5.906577110290527344e-01
3.724155273437500000e+02 1.231541870117187500e+03 6.625232696533203125e-01
7.233206787109375000e+02 1.399035766601562500e+03 8.811097145080566406e-01
5.187934570312500000e+02 1.655654785156250000e+03 8.557427525520324707e-01
4.509484863281250000e+02 1.189390869140625000e+03 4.888809919357299805e-01
6.867252197265625000e+02 1.236400268554687500e+03 8.795161247253417969e-01
5.190054321289062500e+02 1.482948974609375000e+03 8.662454485893249512e-01
7.703012084960937500e+02 6.918362426757812500e+02 9.467992186546325684e-01
0.000000000000000000e+00 0.000000000000000000e+00 0.000000000000000000e+00
6.867979125976562500e+02 7.024288330078125000e+02 7.822786569595336914e-01
0.000000000000000000e+00 0.000000000000000000e+00 0.000000000000000000e+00
5.610780029296875000e+02 1.524617553710937500e+03 1.959466040134429932e-01
5.557955322265625000e+02 1.493404785156250000e+03 1.628109365701675415e-01
4.824084777832031250e+02 1.498626586914062500e+03 8.795547485351562500e-01
6.395869140625000000e+02 1.728901489257812500e+03 7.329600453376770020e-01
6.027354125976562500e+02 1.734283935546875000e+03 7.648669481277465820e-01
4.770046691894531250e+02 1.666118652343750000e+03 8.330274820327758789e-01
