1.469442443847656250e+02 6.863401489257812500e+02 9.281600713729858398e-01
3.253344421386718750e+02 7.704257812500000000e+02 6.631109714508056641e-01
3.146943969726562500e+02 7.651081542968750000e+02 4.683502912521362305e-01
0.000000000000000000e+00 0.000000000000000000e+00 0.000000000000000000e+00
0.000000000000000000e+00 0.000000000000000000e+00 0.000000000000000000e+00
3.513520202636718750e+02 7.755563964843750000e+02 8.428017497062683105e-01
5.243840942382812500e+02 9.538870849609375000e+02 8.669306039810180664e-01
3.097076110839843750e+02 8.595314941406250000e+02 9.283968806266784668e-01
6.028088989257812500e+02 1.105629150390625000e+03 6.312355995178222656e-01
5.610162963867187500e+02 1.084695190429687500e+03 4.668530523777008057e-01
3.515475463867187500e+02 1.152609863281250000e+03 8.473407030105590820e-01
5.137827148437500000e+02 1.409629272460937500e+03 7.934177517890930176e-01
6.343574218750000000e+02 1.116223388671875000e+03 6.511879563331604004e-01
3.565961608886718750e+02 1.356883178710937500e+03 8.942671418190002441e-01
5.347692871093750000e+02 1.598032348632812500e+03 7.755191922187805176e-01
0.000000000000000000e+00 0.000000000000000000e+00 0.000000000000000000e+00
1.733794708251953125e+02 6.551549072265625000e+02 8.589887619018554688e-01
0.000000000000000000e+00 0.000000000000000000e+00 0.000000000000000000e+00
2.466984252929687500e+02 6.865916137695312500e+02 8.800534009933471680e-01
4.351867370605468750e+02 1.708035156250000000e+03 7.536025047302246094e-01
4.772569274902343750e+02 1.702955932617187500e+03 6.891272664070129395e-01
5.716471557617187500e+02 1.608389526367187500e+03 7.889397740364074707e-01
5.243199462890625000e+02 1.472312500000000000e+03 8.144277334213256836e-02
5.555355834960937500e+02 1.446258544921875000e+03 1.012819185853004456e-01
5.347490844726562500e+02 1.430486938476562500e+03 7.760460376739501953e-01
