7.862415161132812500e+02 9.435942382812500000e+02 8.741855025291442871e-01
6.081318969726562500e+02 1.069033935546875000e+03 8.494551777839660645e-01
5.610609741210937500e+02 1.068956909179687500e+03 8.195132613182067871e-01
4.354170532226562500e+02 1.283960693359375000e+03 8.721103668212890625e-01
5.608519897460937500e+02 1.105883422851562500e+03 8.517099022865295410e-01
6.604737548828125000e+02 1.069037231445312500e+03 7.291811704635620117e-01
0.000000000000000000e+00 0.000000000000000000e+00 0.000000000000000000e+00
0.000000000000000000e+00 0.000000000000000000e+00 0.000000000000000000e+00
4.405097656250000000e+02 1.456641967773437500e+03 6.405128836631774902e-01
3.932291564941406250e+02 1.488071166992187500e+03 6.778095960617065430e-01
7.338345947265625000e+02 1.519496704101562500e+03 8.318508863449096680e-01
5.399639282226562500e+02 1.791800781250000000e+03 7.554722428321838379e-01
4.929397277832031250e+02 1.430458618164062500e+03 5.475045442581176758e-01
7.287186889648437500e+02 1.446098632812500000e+03 6.964458823204040527e-01
5.189857177734375000e+02 1.697547119140625000e+03 7.797403335571289062e-01
7.705220947265625000e+02 9.224093627929687500e+02 8.830280303955078125e-01
0.000000000000000000e+00 0.000000000000000000e+00 0.000000000000000000e+00
6.865625000000000000e+02 9.382893066406250000e+02 9.256722927093505859e-01
0.000000000000000000e+00 0.000000000000000000e+00 0.000000000000000000e+00
6.028312377929687500e+02 1.770895263671875000e+03 5.328651145100593567e-02
0.000000000000000000e+00 0.000000000000000000e+00 0.000000000000000000e+00
4.772370605468750000e+02 1.713274536132812500e+03 6.998944878578186035e-01
6.762656860351562500e+02 1.849460449218750000e+03 7.144404053688049316e-01
6.446580200195312500e+02 1.859919311523437500e+03 7.550600767135620117e-01
4.929696350097656250e+02 1.812837036132812500e+03 7.825680971145629883e-01
