2.727812805175781250e+02 7.653188476562500000e+02 9.284331202507019043e-01
4.351071777343750000e+02 8.855926513671875000e+02 6.560075283050537109e-01
4.247785644531250000e+02 8.647346801757812500e+02 5.005103349685668945e-01
0.000000000000000000e+00 0.000000000000000000e+00 0.000000000000000000e+00
0.000000000000000000e+00 0.000000000000000000e+00 0.000000000000000000e+00
4.354393005371093750e+02 8.960773925781250000e+02 8.768513202667236328e-01
4.717344360351562500e+02 1.137074340820312500e+03 8.349767327308654785e-01
3.724115600585937500e+02 9.224552612304687500e+02 8.067003488540649414e-01
5.818654785156250000e+02 1.220956176757812500e+03 6.177591085433959961e-01
5.557482910156250000e+02 1.194833862304687500e+03 4.959179461002349854e-01
3.564969787597656250e+02 1.315300903320312500e+03 9.376543760299682617e-01
4.823390197753906250e+02 1.535318969726562500e+03 8.103033304214477539e-01
6.029191894531250000e+02 1.236808593750000000e+03 6.863201260566711426e-01
3.461428527832031250e+02 1.482871337890625000e+03 8.940091133117675781e-01
5.084479675292968750e+02 1.692526733398437500e+03 8.321757316589355469e-01
0.000000000000000000e+00 0.000000000000000000e+00 0.000000000000000000e+00
2.989475097656250000e+02 7.340441894531250000e+02 8.921766877174377441e-01
0.000000000000000000e+00 0.000000000000000000e+00 0.000000000000000000e+00
3.828505554199218750e+02 7.652885742187500000e+02 8.871783018112182617e-01
3.880418701171875000e+02 1.755201049804687500e+03 7.678168416023254395e-01
4.246729431152343750e+02 1.770711303710937500e+03 7.761280536651611328e-01
5.297147216796875000e+02 1.697753784179687500e+03 8.833767771720886230e-01
4.667167358398437500e+02 1.608339965820312500e+03 9.895168989896774292e-02
0.000000000000000000e+00 0.000000000000000000e+00 0.000000000000000000e+00
5.189536132812500000e+02 1.566459472656250000e+03 8.673101663589477539e-01
