7.966109008789062500e+02 7.127833251953125000e+02 8.212876915931701660e-01
6.186328735351562500e+02 7.809467163085937500e+02 6.221520900726318359e-01
6.184952392578125000e+02 8.071829223632812500e+02 8.176285028457641602e-01
5.138637084960937500e+02 9.850969238281250000e+02 9.290405511856079102e-01
6.551643676757812500e+02 8.543945922851562500e+02 8.897770047187805176e-01
6.342161865234375000e+02 7.702283325195312500e+02 5.299629569053649902e-01
0.000000000000000000e+00 0.000000000000000000e+00 0.000000000000000000e+00
0.000000000000000000e+00 0.000000000000000000e+00 0.000000000000000000e+00
3.410287475585937500e+02 1.006154357910156250e+03 6.063947677612304688e-01
3.201231689453125000e+02 1.021931762695312500e+03 7.425350546836853027e-01
6.030180664062500000e+02 1.199877075195312500e+03 9.183956384658813477e-01
4.667729492187500000e+02 1.482568847656250000e+03 8.190765976905822754e-01
3.566899108886718750e+02 9.852388916015625000e+02 4.667900502681732178e-01
5.973859252929687500e+02 1.110766845703125000e+03 8.787980079650878906e-01
4.666293029785156250e+02 1.362238769531250000e+03 7.873582243919372559e-01
7.760239868164062500e+02 6.867438964843750000e+02 9.324610829353332520e-01
0.000000000000000000e+00 0.000000000000000000e+00 0.000000000000000000e+00
7.282726440429687500e+02 6.917326660156250000e+02 9.529139399528503418e-01
0.000000000000000000e+00 0.000000000000000000e+00 0.000000000000000000e+00
5.664152832031250000e+02 1.393771728515625000e+03 7.108670473098754883e-01
5.662071533203125000e+02 1.383270385742187500e+03 6.991020441055297852e-01
4.300360107421875000e+02 1.383331787109375000e+03 8.414536714553833008e-01
5.871643676757812500e+02 1.519426025390625000e+03 7.771128416061401367e-01
5.608788452148437500e+02 1.524898681640625000e+03 8.775010108947753906e-01
4.352035522460937500e+02 1.493255859375000000e+03 8.420172333717346191e-01
