8.804188232421875000e+02 3.042437744140625000e+02 7.740125656127929688e-01
6.027864990234375000e+02 4.299462280273437500e+02 5.639084577560424805e-01
5.610654907226562500e+02 4.403693237304687500e+02 5.519492626190185547e-01
3.199320373535156250e+02 5.818510131835937500e+02 7.612102031707763672e-01
5.296221923828125000e+02 3.201429443359375000e+02 7.859578728675842285e-01
6.552332153320312500e+02 4.247473754882812500e+02 3.913887441158294678e-01
0.000000000000000000e+00 0.000000000000000000e+00 0.000000000000000000e+00
0.000000000000000000e+00 0.000000000000000000e+00 0.000000000000000000e+00
3.828688354492187500e+02 8.700216064453125000e+02 5.153967142105102539e-01
3.147090759277343750e+02 8.961597290039062500e+02 5.464030504226684570e-01
6.710237426757812500e+02 1.100296508789062500e+03 7.475216388702392578e-01
4.403296813964843750e+02 1.545620361328125000e+03 7.251213788986206055e-01
4.614255065917968750e+02 8.543276367187500000e+02 4.195051193237304688e-01
7.599184570312500000e+02 9.956057739257812500e+02 7.645550370216369629e-01
5.976527709960937500e+02 1.278624145507812500e+03 1.814029961824417114e-01
8.596373291015625000e+02 2.571314086914062500e+02 8.575910329818725586e-01
0.000000000000000000e+00 0.000000000000000000e+00 0.000000000000000000e+00
7.443558959960937500e+02 2.259105834960937500e+02 8.605458736419677734e-01
0.000000000000000000e+00 0.000000000000000000e+00 0.000000000000000000e+00
6.502431640625000000e+02 1.346600952148437500e+03 4.542040526866912842e-01
6.499221191406250000e+02 1.330873413085937500e+03 4.603232741355895996e-01
6.028220214843750000e+02 1.320498779296875000e+03 1.077492609620094299e-01
5.451784667968750000e+02 1.676690307617187500e+03 6.098329424858093262e-01
4.980938110351562500e+02 1.676574707031250000e+03 5.265696048736572266e-01
3.931893615722656250e+02 1.566650756835937500e+03 6.832135915756225586e-01
