8.071129760742187500e+02 8.124868164062500000e+02 9.267410039901733398e-01
6.393850097656250000e+02 9.433549194335937500e+02 7.327992320060729980e-01
6.082613525390625000e+02 9.435424194335937500e+02 7.856166958808898926e-01
4.928636474609375000e+02 1.236411987304687500e+03 8.738883137702941895e-01
5.976997680664062500e+02 1.027219848632812500e+03 6.714762449264526367e-01
6.605655517578125000e+02 9.432229003906250000e+02 6.267567276954650879e-01
0.000000000000000000e+00 0.000000000000000000e+00 0.000000000000000000e+00
0.000000000000000000e+00 0.000000000000000000e+00 0.000000000000000000e+00
4.142432250976562500e+02 1.273127075195312500e+03 5.893412828445434570e-01
3.827814025878906250e+02 1.294347900390625000e+03 6.320018768310546875e-01
7.287171020507812500e+02 1.404276489257812500e+03 9.013056159019470215e-01
5.136714477539062500e+02 1.650553588867187500e+03 8.395717740058898926e-01
4.405166625976562500e+02 1.231518676757812500e+03 4.572236537933349609e-01
6.919115600585937500e+02 1.231476440429687500e+03 8.838562965393066406e-01
5.192011108398437500e+02 1.482723754882812500e+03 8.340361118316650391e-01
7.808693237304687500e+02 7.810420532226562500e+02 8.901978731155395508e-01
0.000000000000000000e+00 0.000000000000000000e+00 0.000000000000000000e+00
7.023105468750000000e+02 8.069769897460937500e+02 7.120835781097412109e-01
0.000000000000000000e+00 0.000000000000000000e+00 0.000000000000000000e+00
5.766409912109375000e+02 1.498498779296875000e+03 2.435359507799148560e-01
5.664111328125000000e+02 1.483001708984375000e+03 2.462645173072814941e-01
4.823566284179687500e+02 1.493304077148437500e+03 8.555067777633666992e-01
6.291198730468750000e+02 1.723711669921875000e+03 7.071987390518188477e-01
5.922933349609375000e+02 1.733993164062500000e+03 7.262167930603027344e-01
4.719511108398437500e+02 1.655901123046875000e+03 8.226232528686523438e-01
