7.913385009765625000e+02 9.747113647460937500e+02 8.258485794067382812e-01
6.081531372070312500e+02 1.069298828125000000e+03 7.940163612365722656e-01
5.611489257812500000e+02 1.068992797851562500e+03 8.407879471778869629e-01
4.717635498046875000e+02 1.315110717773437500e+03 8.816246390342712402e-01
5.975093994140625000e+02 1.142145507812500000e+03 8.192971944808959961e-01
6.553542480468750000e+02 1.074450927734375000e+03 6.651229262351989746e-01
0.000000000000000000e+00 0.000000000000000000e+00 0.000000000000000000e+00
0.000000000000000000e+00 0.000000000000000000e+00 0.000000000000000000e+00
4.404766540527343750e+02 1.451560058593750000e+03 6.182997226715087891e-01
3.932911376953125000e+02 1.488091918945312500e+03 6.693476438522338867e-01
7.338340454101562500e+02 1.509086669921875000e+03 8.217929005622863770e-01
5.607298583984375000e+02 1.781525024414062500e+03 8.166213631629943848e-01
4.877260437011718750e+02 1.425195312500000000e+03 5.112534761428833008e-01
7.076532592773437500e+02 1.430494140625000000e+03 7.482581138610839844e-01
5.243427734375000000e+02 1.692346801757812500e+03 7.854989767074584961e-01
7.755367431640625000e+02 9.431842041015625000e+02 9.434756040573120117e-01
0.000000000000000000e+00 0.000000000000000000e+00 0.000000000000000000e+00
6.868682861328125000e+02 9.538348999023437500e+02 8.561144471168518066e-01
0.000000000000000000e+00 0.000000000000000000e+00 0.000000000000000000e+00
6.081119384765625000e+02 1.734241577148437500e+03 7.137742638587951660e-02
0.000000000000000000e+00 0.000000000000000000e+00 0.000000000000000000e+00
4.826360778808593750e+02 1.702772583007812500e+03 7.031434178352355957e-01
6.919545288085937500e+02 1.838931640625000000e+03 6.955056786537170410e-01
6.552283935546875000e+02 1.859677001953125000e+03 7.050558328628540039e-01
5.187808227539062500e+02 1.807544555664062500e+03 8.146983385086059570e-01
