7.811464233398437500e+02 8.279976196289062500e+02 8.358244299888610840e-01
6.079295654296875000e+02 9.434786376953125000e+02 8.362054824829101562e-01
5.608178100585937500e+02 9.381976928710937500e+02 8.172279000282287598e-01
4.456828308105468750e+02 1.168517333984375000e+03 8.186095356941223145e-01
5.660213012695312500e+02 9.850037841796875000e+02 8.319056034088134766e-01
6.552603149414062500e+02 9.537636108398437500e+02 7.174091935157775879e-01
0.000000000000000000e+00 0.000000000000000000e+00 0.000000000000000000e+00
0.000000000000000000e+00 0.000000000000000000e+00 0.000000000000000000e+00
4.823978271484375000e+02 1.383331054687500000e+03 6.597494482994079590e-01
4.353760375976562500e+02 1.399088867187500000e+03 6.415343284606933594e-01
7.390885620117187500e+02 1.514253540039062500e+03 7.827044725418090820e-01
5.505241088867187500e+02 1.781530883789062500e+03 7.828586697578430176e-01
5.295037841796875000e+02 1.362402709960937500e+03 6.370263695716857910e-01
7.495642089843750000e+02 1.467075927734375000e+03 6.625144481658935547e-01
5.191132202148437500e+02 1.692435913085937500e+03 7.574368715286254883e-01
7.706651611328125000e+02 7.966129760742187500e+02 8.681517839431762695e-01
0.000000000000000000e+00 0.000000000000000000e+00 0.000000000000000000e+00
6.864829101562500000e+02 8.072000122070312500e+02 8.700018525123596191e-01
0.000000000000000000e+00 0.000000000000000000e+00 0.000000000000000000e+00
0.000000000000000000e+00 0.000000000000000000e+00 0.000000000000000000e+00
0.000000000000000000e+00 0.000000000000000000e+00 0.000000000000000000e+00
4.822354736328125000e+02 1.702892089843750000e+03 6.689051985740661621e-01
6.865587768554687500e+02 1.839011474609375000e+03 7.087389826774597168e-01
6.498656005859375000e+02 1.859696655273437500e+03 7.425791025161743164e-01
5.135975341796875000e+02 1.802372558593750000e+03 7.719690799713134766e-01
