9.066013183593750000e+02 1.142256347656250000e+03 8.588924407958984375e-01
6.762391967773437500e+02 1.226106323242187500e+03 6.454811692237854004e-01
6.813860473632812500e+02 1.236670654296875000e+03 8.015383481979370117e-01
6.029407348632812500e+02 1.498544311523437500e+03 8.226947188377380371e-01
7.759821777343750000e+02 1.288959960937500000e+03 8.360545635223388672e-01
6.605269165039062500e+02 1.194666625976562500e+03 5.072708129882812500e-01
0.000000000000000000e+00 0.000000000000000000e+00 0.000000000000000000e+00
0.000000000000000000e+00 0.000000000000000000e+00 0.000000000000000000e+00
3.881586303710937500e+02 1.571808837890625000e+03 4.677166044712066650e-01
3.723919372558593750e+02 1.587600463867187500e+03 5.870426297187805176e-01
7.024176025390625000e+02 1.587503540039062500e+03 7.190663218498229980e-01
5.295859375000000000e+02 1.912351318359375000e+03 5.894449949264526367e-01
3.985686035156250000e+02 1.561273559570312500e+03 3.042114377021789551e-01
7.232564086914062500e+02 1.566671875000000000e+03 1.536611169576644897e-01
5.608883666992187500e+02 1.839032958984375000e+03 1.172505244612693787e-01
8.910219726562500000e+02 1.105663574218750000e+03 9.289518594741821289e-01
0.000000000000000000e+00 0.000000000000000000e+00 0.000000000000000000e+00
7.967177734375000000e+02 1.111171386718750000e+03 8.809002637863159180e-01
0.000000000000000000e+00 0.000000000000000000e+00 0.000000000000000000e+00
0.000000000000000000e+00 0.000000000000000000e+00 0.000000000000000000e+00
0.000000000000000000e+00 0.000000000000000000e+00 0.000000000000000000e+00
0.000000000000000000e+00 0.000000000000000000e+00 0.000000000000000000e+00
5.347544555664062500e+02 1.912491943359375000e+03 1.119410544633865356e-01
0.000000000000000000e+00 0.000000000000000000e+00 0.000000000000000000e+00
5.188565063476562500e+02 1.912389526367187500e+03 4.108880162239074707e-01
