8.541838378906250000e+02 5.244558105468750000e+02 9.387829303741455078e-01
6.501775512695312500e+02 6.761583251953125000e+02 6.717485189437866211e-01
6.289780273437500000e+02 6.762487792968750000e+02 7.067011594772338867e-01
4.773127746582031250e+02 9.326551513671875000e+02 8.540474176406860352e-01
6.395568847656250000e+02 7.338761596679687500e+02 8.399068117141723633e-01
6.917464599609375000e+02 6.760749511718750000e+02 5.867286920547485352e-01
6.499730834960937500e+02 8.489480590820312500e+02 1.080595031380653381e-01
0.000000000000000000e+00 0.000000000000000000e+00 0.000000000000000000e+00
3.512618713378906250e+02 9.694772949218750000e+02 6.177381873130798340e-01
3.043373718261718750e+02 9.798127441406250000e+02 6.630444526672363281e-01
5.819356079101562500e+02 1.236896850585937500e+03 7.757720351219177246e-01
4.875913085937500000e+02 1.577266235351562500e+03 7.988009452819824219e-01
3.934731140136718750e+02 9.589433593750000000e+02 5.342565774917602539e-01
5.870982666015625000e+02 1.116186523437500000e+03 7.917073965072631836e-01
5.189732055664062500e+02 1.393678955078125000e+03 7.150306701660156250e-01
8.229171142578125000e+02 5.033272705078125000e+02 8.592360019683837891e-01
0.000000000000000000e+00 0.000000000000000000e+00 0.000000000000000000e+00
7.443047485351562500e+02 5.191810302734375000e+02 7.440375685691833496e-01
0.000000000000000000e+00 0.000000000000000000e+00 0.000000000000000000e+00
6.082659912109375000e+02 1.430418701171875000e+03 7.393478751182556152e-01
6.080348510742187500e+02 1.414728881835937500e+03 7.403637170791625977e-01
4.615017700195312500e+02 1.414698974609375000e+03 4.233844578266143799e-01
6.289877929687500000e+02 1.650432495117187500e+03 7.829827070236206055e-01
5.767753295898437500e+02 1.655877807617187500e+03 7.459889054298400879e-01
4.561283264160156250e+02 1.608543945312500000e+03 7.484891414642333984e-01
