3.931647338867187500e+02 8.594229736328125000e+02 9.093961715698242188e-01
5.714348144531250000e+02 9.014318847656250000e+02 7.725685238838195801e-01
5.138181762695312500e+02 9.015568237304687500e+02 6.482668519020080566e-01
5.608403930664062500e+02 1.105528930664062500e+03 2.010423541069030762e-01
5.557744140625000000e+02 1.105623291015625000e+03 6.427262723445892334e-02
6.446052856445312500e+02 9.015714111328125000e+02 7.494830489158630371e-01
7.546574707031250000e+02 1.126594360351562500e+03 7.550345659255981445e-01
6.133803100585937500e+02 1.011391601562500000e+03 7.584130167961120605e-01
7.180159912109375000e+02 1.226088256835937500e+03 6.103579998016357422e-01
6.498550415039062500e+02 1.179023803710937500e+03 5.399302244186401367e-01
4.090290527343750000e+02 1.189578979492187500e+03 8.425922393798828125e-01
6.133145141601562500e+02 1.362423461914062500e+03 4.225426912307739258e-01
7.705603027343750000e+02 1.273123046875000000e+03 6.617804765701293945e-01
3.986499938964843750e+02 1.314910400390625000e+03 9.091683626174926758e-01
6.238664550781250000e+02 1.619128295898437500e+03 7.518581748008728027e-01
0.000000000000000000e+00 0.000000000000000000e+00 0.000000000000000000e+00
3.933674011230468750e+02 8.280982666015625000e+02 8.865619897842407227e-01
0.000000000000000000e+00 0.000000000000000000e+00 0.000000000000000000e+00
4.717593383789062500e+02 7.965574340820312500e+02 8.375415802001953125e-01
5.555396728515625000e+02 1.708089355468750000e+03 6.476713418960571289e-01
5.924187011718750000e+02 1.713287475585937500e+03 6.809097528457641602e-01
6.761603393554687500e+02 1.639920410156250000e+03 6.584925651550292969e-01
0.000000000000000000e+00 0.000000000000000000e+00 0.000000000000000000e+00
0.000000000000000000e+00 0.000000000000000000e+00 0.000000000000000000e+00
6.552197265625000000e+02 1.367683593750000000e+03 3.817428052425384521e-01
