8.753300170898437500e+02 3.146235351562500000e+02 8.086962103843688965e-01
6.080295410156250000e+02 4.456761169433593750e+02 5.651053190231323242e-01
5.923263549804687500e+02 4.771111755371093750e+02 5.129680037498474121e-01
3.253465270996093750e+02 6.028859863281250000e+02 7.588436603546142578e-01
5.245576171875000000e+02 3.514737243652343750e+02 8.249894380569458008e-01
6.551784667968750000e+02 4.353168029785156250e+02 3.520199656486511230e-01
0.000000000000000000e+00 0.000000000000000000e+00 0.000000000000000000e+00
0.000000000000000000e+00 0.000000000000000000e+00 0.000000000000000000e+00
3.776436767578125000e+02 8.857382812500000000e+02 4.907562434673309326e-01
3.146702880859375000e+02 9.015292358398437500e+02 5.365737676620483398e-01
6.864415283203125000e+02 1.105563964843750000e+03 8.249689340591430664e-01
4.351462402343750000e+02 1.535183471679687500e+03 7.441253066062927246e-01
4.613747253417968750e+02 8.595019531250000000e+02 3.954191207885742188e-01
7.598558349609375000e+02 9.906264038085937500e+02 7.458676099777221680e-01
6.078900146484375000e+02 1.252286621093750000e+03 6.055056303739547729e-02
8.594505004882812500e+02 2.673452758789062500e+02 8.863737583160400391e-01
0.000000000000000000e+00 0.000000000000000000e+00 0.000000000000000000e+00
7.442009887695312500e+02 2.361071166992187500e+02 8.529921174049377441e-01
0.000000000000000000e+00 0.000000000000000000e+00 0.000000000000000000e+00
6.501520996093750000e+02 1.325858642578125000e+03 1.005026772618293762e-01
6.498720703125000000e+02 1.325661499023437500e+03 9.692322462797164917e-02
0.000000000000000000e+00 0.000000000000000000e+00 0.000000000000000000e+00
5.400601806640625000e+02 1.666239746093750000e+03 6.367220282554626465e-01
4.980797119140625000e+02 1.661049926757812500e+03 5.243575572967529297e-01
3.880543518066406250e+02 1.551005859375000000e+03 6.508238315582275391e-01
