8.648485717773437500e+02 4.248336486816406250e+02 8.059113621711730957e-01
6.028439941406250000e+02 4.877731628417968750e+02 5.664573907852172852e-01
5.609094848632812500e+02 4.876851196289062500e+02 6.117031574249267578e-01
3.357675476074218750e+02 6.813054199218750000e+02 7.344208359718322754e-01
5.452998657226562500e+02 3.988295593261718750e+02 7.742579579353332520e-01
6.553147583007812500e+02 4.929539184570312500e+02 4.379808902740478516e-01
0.000000000000000000e+00 0.000000000000000000e+00 0.000000000000000000e+00
0.000000000000000000e+00 0.000000000000000000e+00 0.000000000000000000e+00
3.724389343261718750e+02 9.381320800781250000e+02 5.359970331192016602e-01
3.095967712402343750e+02 9.537370605468750000e+02 5.339504480361938477e-01
6.917023925781250000e+02 1.147786987304687500e+03 8.654089570045471191e-01
4.509861145019531250e+02 1.608588012695312500e+03 7.330710887908935547e-01
4.509012451171875000e+02 9.224340209960937500e+02 4.217050671577453613e-01
7.494942016601562500e+02 1.032490478515625000e+03 7.433605790138244629e-01
6.026917724609375000e+02 1.231281860351562500e+03 6.315103173255920410e-02
8.646878662109375000e+02 3.671090087890625000e+02 8.136147856712341309e-01
0.000000000000000000e+00 0.000000000000000000e+00 0.000000000000000000e+00
7.494695434570312500e+02 3.148732910156250000e+02 8.296965956687927246e-01
0.000000000000000000e+00 0.000000000000000000e+00 0.000000000000000000e+00
0.000000000000000000e+00 0.000000000000000000e+00 0.000000000000000000e+00
0.000000000000000000e+00 0.000000000000000000e+00 0.000000000000000000e+00
0.000000000000000000e+00 0.000000000000000000e+00 0.000000000000000000e+00
5.818589477539062500e+02 1.734252685546875000e+03 6.410690546035766602e-01
5.399393920898437500e+02 1.734287963867187500e+03 5.653299093246459961e-01
4.038059692382812500e+02 1.624161132812500000e+03 6.672599911689758301e-01
