7.810773925781250000e+02 1.042926513671875000e+03 8.637389540672302246e-01
6.082923583984375000e+02 1.021702392578125000e+03 7.994787693023681641e-01
6.081281127929687500e+02 1.058422119140625000e+03 8.363862037658691406e-01
4.773127136230468750e+02 1.231425415039062500e+03 8.706995248794555664e-01
6.185166015625000000e+02 1.147305908203125000e+03 8.232734203338623047e-01
6.133354492187500000e+02 9.799770507812500000e+02 7.105287909507751465e-01
5.189297485351562500e+02 1.131813842773437500e+03 5.854573473334312439e-02
0.000000000000000000e+00 0.000000000000000000e+00 0.000000000000000000e+00
2.886761779785156250e+02 1.236808105468750000e+03 5.942429900169372559e-01
2.989903564453125000e+02 1.267982666015625000e+03 6.869465112686157227e-01
6.342337036132812500e+02 1.257574829101562500e+03 8.305194377899169922e-01
4.823831176757812500e+02 1.519364990234375000e+03 8.320875763893127441e-01
2.730329284667968750e+02 1.220846191406250000e+03 4.259738624095916748e-01
5.870532836914062500e+02 1.215603515625000000e+03 4.987615048885345459e-01
4.825455017089843750e+02 1.409658325195312500e+03 7.962443828582763672e-01
7.810402832031250000e+02 1.021898193359375000e+03 9.167685508728027344e-01
0.000000000000000000e+00 0.000000000000000000e+00 0.000000000000000000e+00
7.285066528320312500e+02 9.905525512695312500e+02 9.289447665214538574e-01
0.000000000000000000e+00 0.000000000000000000e+00 0.000000000000000000e+00
6.026219482421875000e+02 1.435524658203125000e+03 6.573501229286193848e-01
6.025832519531250000e+02 1.425290893554687500e+03 6.527004241943359375e-01
4.407709655761718750e+02 1.430514526367187500e+03 7.734284996986389160e-01
6.028211669921875000e+02 1.571703857421875000e+03 8.048076629638671875e-01
5.660346069335937500e+02 1.577032958984375000e+03 8.313528299331665039e-01
4.457821044921875000e+02 1.530081298828125000e+03 8.505295515060424805e-01
