3.986621093750000000e+02 8.962958984375000000e+02 9.270076155662536621e-01
6.026432495117187500e+02 9.745858764648437500e+02 7.565667629241943359e-01
5.555841064453125000e+02 9.537183837890625000e+02 5.741593241691589355e-01
5.660109863281250000e+02 1.178981811523437500e+03 1.783909052610397339e-01
0.000000000000000000e+00 0.000000000000000000e+00 0.000000000000000000e+00
6.447090454101562500e+02 9.800305175781250000e+02 7.525326609611511230e-01
7.652382812500000000e+02 1.153092895507812500e+03 7.975581288337707520e-01
6.081042480468750000e+02 1.068918945312500000e+03 8.278968334197998047e-01
7.233855590820312500e+02 1.283759399414062500e+03 5.219293236732482910e-01
6.605087890625000000e+02 1.231405639648437500e+03 4.315156340599060059e-01
4.194577026367187500e+02 1.189398315429687500e+03 8.152360916137695312e-01
5.766843872070312500e+02 1.440822021484375000e+03 1.098024919629096985e-01
7.704539184570312500e+02 1.336060668945312500e+03 6.281787753105163574e-01
3.983627624511718750e+02 1.315148071289062500e+03 9.227649569511413574e-01
6.449160766601562500e+02 1.613718994140625000e+03 8.003692030906677246e-01
3.933689270019531250e+02 8.597852172851562500e+02 8.826648443937301636e-02
4.091942749023437500e+02 8.647641601562500000e+02 8.468441367149353027e-01
0.000000000000000000e+00 0.000000000000000000e+00 0.000000000000000000e+00
4.877325134277343750e+02 8.542064819335937500e+02 8.726781010627746582e-01
5.610060424804687500e+02 1.713304199218750000e+03 6.869220137596130371e-01
6.028836059570312500e+02 1.713338745117187500e+03 6.930794715881347656e-01
6.917089233398437500e+02 1.618928710937500000e+03 7.685737013816833496e-01
0.000000000000000000e+00 0.000000000000000000e+00 0.000000000000000000e+00
0.000000000000000000e+00 0.000000000000000000e+00 0.000000000000000000e+00
0.000000000000000000e+00 0.000000000000000000e+00 0.000000000000000000e+00
