8.070243530273437500e+02 7.706134033203125000e+02 9.312818050384521484e-01
6.393395996093750000e+02 9.068350219726562500e+02 7.434778213500976562e-01
6.029241943359375000e+02 9.171032714843750000e+02 7.742599844932556152e-01
4.929346313476562500e+02 1.199879638671875000e+03 8.389540910720825195e-01
6.028112792968750000e+02 1.006089111328125000e+03 7.640944123268127441e-01
6.657161254882812500e+02 9.016264648437500000e+02 6.918485164642333984e-01
6.500941162109375000e+02 1.105678955078125000e+03 1.082061976194381714e-01
0.000000000000000000e+00 0.000000000000000000e+00 0.000000000000000000e+00
4.142041320800781250e+02 1.236563476562500000e+03 5.885673761367797852e-01
3.827631225585937500e+02 1.273202270507812500e+03 6.680070161819458008e-01
7.286699829101562500e+02 1.404349121093750000e+03 8.856586813926696777e-01
5.137504272460937500e+02 1.650590576171875000e+03 8.397596478462219238e-01
4.456483459472656250e+02 1.194869995117187500e+03 4.573334753513336182e-01
6.918350830078125000e+02 1.236533813476562500e+03 8.751149177551269531e-01
5.192462158203125000e+02 1.477612182617187500e+03 8.336930274963378906e-01
7.758829345703125000e+02 7.392423095703125000e+02 8.826938271522521973e-01
0.000000000000000000e+00 0.000000000000000000e+00 0.000000000000000000e+00
6.971068115234375000e+02 7.651282348632812500e+02 7.204721570014953613e-01
0.000000000000000000e+00 0.000000000000000000e+00 0.000000000000000000e+00
5.871825561523437500e+02 1.488030151367187500e+03 3.444638848304748535e-01
5.767902832031250000e+02 1.477613403320312500e+03 3.324206471443176270e-01
4.825161132812500000e+02 1.493245361328125000e+03 9.048896431922912598e-01
6.290856933593750000e+02 1.723759765625000000e+03 7.057757377624511719e-01
5.923045043945312500e+02 1.734008422851562500e+03 7.275679111480712891e-01
4.768624267578125000e+02 1.655946655273437500e+03 8.317291736602783203e-01
