8.752465209960937500e+02 3.096002502441406250e+02 7.981289625167846680e-01
6.028785400390625000e+02 4.300350646972656250e+02 5.577759146690368652e-01
5.607784423828125000e+02 4.247164306640625000e+02 5.587803125381469727e-01
3.147523498535156250e+02 6.079558105468750000e+02 8.119273185729980469e-01
5.243312988281250000e+02 3.461732177734375000e+02 8.095769882202148438e-01
6.657127075195312500e+02 4.353502197265625000e+02 4.471962451934814453e-01
0.000000000000000000e+00 0.000000000000000000e+00 0.000000000000000000e+00
0.000000000000000000e+00 0.000000000000000000e+00 0.000000000000000000e+00
3.828008117675781250e+02 8.805096435546875000e+02 4.992499053478240967e-01
3.096310729980468750e+02 9.012958984375000000e+02 5.370308756828308105e-01
6.709852905273437500e+02 1.105421508789062500e+03 7.756721377372741699e-01
4.352735595703125000e+02 1.535217163085937500e+03 7.447193861007690430e-01
4.614427795410156250e+02 8.595621948242187500e+02 4.132280647754669189e-01
7.495416259765625000e+02 9.903803710937500000e+02 7.795400619506835938e-01
6.026712646484375000e+02 1.247079956054687500e+03 1.430106461048126221e-01
8.595510864257812500e+02 2.673299865722656250e+02 8.922435641288757324e-01
0.000000000000000000e+00 0.000000000000000000e+00 0.000000000000000000e+00
7.392380981445312500e+02 2.361887207031250000e+02 8.389877080917358398e-01
0.000000000000000000e+00 0.000000000000000000e+00 0.000000000000000000e+00
6.498367919921875000e+02 1.330882934570312500e+03 2.810857892036437988e-01
6.449495849609375000e+02 1.320670532226562500e+03 2.892280817031860352e-01
6.079227905273437500e+02 1.315159912109375000e+03 7.291932404041290283e-02
5.296145629882812500e+02 1.671357788085937500e+03 6.133015155792236328e-01
4.771526184082031250e+02 1.661014282226562500e+03 5.246109366416931152e-01
3.881273803710937500e+02 1.556198242187500000e+03 6.392576098442077637e-01
