8.018253173828125000e+02 7.651060180664062500e+02 8.650828003883361816e-01
6.342587890625000000e+02 9.013235473632812500e+02 7.681407332420349121e-01
6.028787231445312500e+02 9.014069213867187500e+02 8.082514405250549316e-01
4.876531677246093750e+02 1.194530517578125000e+03 9.086969494819641113e-01
6.025781250000000000e+02 9.854132080078125000e+02 7.935861349105834961e-01
6.604552612304687500e+02 8.962985229492187500e+02 7.393648028373718262e-01
6.501821899414062500e+02 1.032522949218750000e+03 1.624043285846710205e-01
6.393640136718750000e+02 1.111103759765625000e+03 4.329127371311187744e-01
4.090696105957031250e+02 1.236490478515625000e+03 6.081987023353576660e-01
3.776159667968750000e+02 1.267938354492187500e+03 6.526914834976196289e-01
7.286840820312500000e+02 1.404208374023437500e+03 9.032942056655883789e-01
5.139071655273437500e+02 1.655483154296875000e+03 8.411722779273986816e-01
4.457594909667968750e+02 1.200070678710937500e+03 4.662971794605255127e-01
6.916835327148437500e+02 1.236406738281250000e+03 8.768219351768493652e-01
5.188569946289062500e+02 1.482811889648437500e+03 8.560683727264404297e-01
7.755393676757812500e+02 7.337116088867187500e+02 9.533328413963317871e-01
0.000000000000000000e+00 0.000000000000000000e+00 0.000000000000000000e+00
6.920374145507812500e+02 7.441956787109375000e+02 7.380647659301757812e-01
0.000000000000000000e+00 0.000000000000000000e+00 0.000000000000000000e+00
5.715540161132812500e+02 1.498474487304687500e+03 3.345355987548828125e-01
5.663225097656250000e+02 1.482893554687500000e+03 3.456265628337860107e-01
4.773401184082031250e+02 1.493452026367187500e+03 9.009095430374145508e-01
6.394139404296875000e+02 1.723821533203125000e+03 7.312450408935546875e-01
5.976083374023437500e+02 1.734127441406250000e+03 7.583649754524230957e-01
4.769806213378906250e+02 1.660920532226562500e+03 8.347026705741882324e-01
