7.913650512695312500e+02 9.435111694335937500e+02 8.694239258766174316e-01
6.081381225585937500e+02 1.069105102539062500e+03 8.445283770561218262e-01
5.611468505859375000e+02 1.069002807617187500e+03 8.259746432304382324e-01
4.353795471191406250e+02 1.283833251953125000e+03 8.856406211853027344e-01
5.608072509765625000e+02 1.105852905273437500e+03 8.500862121582031250e-01
6.604129028320312500e+02 1.069120239257812500e+03 7.227354645729064941e-01
0.000000000000000000e+00 0.000000000000000000e+00 0.000000000000000000e+00
0.000000000000000000e+00 0.000000000000000000e+00 0.000000000000000000e+00
4.404199218750000000e+02 1.451487304687500000e+03 6.411650180816650391e-01
3.880998229980468750e+02 1.487869506835937500e+03 6.610000133514404297e-01
7.338714599609375000e+02 1.519484741210937500e+03 8.264676332473754883e-01
5.348455810546875000e+02 1.791826660156250000e+03 7.646052241325378418e-01
4.928676452636718750e+02 1.430336059570312500e+03 5.421459674835205078e-01
7.286453247070312500e+02 1.446046386718750000e+03 6.938226222991943359e-01
5.188872680664062500e+02 1.697659423828125000e+03 7.564577460289001465e-01
7.705765991210937500e+02 9.223314819335937500e+02 8.827349543571472168e-01
0.000000000000000000e+00 0.000000000000000000e+00 0.000000000000000000e+00
6.866079711914062500e+02 9.382025146484375000e+02 9.244310259819030762e-01
0.000000000000000000e+00 0.000000000000000000e+00 0.000000000000000000e+00
0.000000000000000000e+00 0.000000000000000000e+00 0.000000000000000000e+00
0.000000000000000000e+00 0.000000000000000000e+00 0.000000000000000000e+00
4.770768432617187500e+02 1.713329223632812500e+03 6.700301766395568848e-01
6.761870727539062500e+02 1.844246948242187500e+03 7.230129241943359375e-01
6.445976562500000000e+02 1.859803344726562500e+03 7.476400732994079590e-01
4.929144897460937500e+02 1.812835327148437500e+03 7.647012472152709961e-01
