1.106032409667968750e+02 8.333525390625000000e+02 8.448490500450134277e-01
3.252863464355468750e+02 9.066735229492187500e+02 6.866337060928344727e-01
3.409233703613281250e+02 8.908697509765625000e+02 5.352984666824340820e-01
0.000000000000000000e+00 0.000000000000000000e+00 0.000000000000000000e+00
0.000000000000000000e+00 0.000000000000000000e+00 0.000000000000000000e+00
3.201155700683593750e+02 9.329069213867187500e+02 7.804756760597229004e-01
4.666791992187500000e+02 1.110919433593750000e+03 8.836012482643127441e-01
2.414889373779296875e+02 1.006082397460937500e+03 8.146328926086425781e-01
6.237976074218750000e+02 1.205287109375000000e+03 4.882868826389312744e-01
6.290607299804687500e+02 1.189594116210937500e+03 3.229776024818420410e-01
3.567090759277343750e+02 1.267942749023437500e+03 2.738095223903656006e-01
4.929618835449218750e+02 1.398748779296875000e+03 6.296701431274414062e-01
6.238750610351562500e+02 1.231397949218750000e+03 6.458968520164489746e-01
3.148426513671875000e+02 1.341299804687500000e+03 8.351339101791381836e-01
5.294847412109375000e+02 1.561384887695312500e+03 8.011295795440673828e-01
0.000000000000000000e+00 0.000000000000000000e+00 0.000000000000000000e+00
1.418568725585937500e+02 8.122696533203125000e+02 9.198855161666870117e-01
0.000000000000000000e+00 0.000000000000000000e+00 0.000000000000000000e+00
2.254616546630859375e+02 8.488917846679687500e+02 8.710988759994506836e-01
4.351033935546875000e+02 1.681743041992187500e+03 7.766940593719482422e-01
4.769951171875000000e+02 1.676606201171875000e+03 6.862663030624389648e-01
5.714241943359375000e+02 1.566650756835937500e+03 8.103348016738891602e-01
0.000000000000000000e+00 0.000000000000000000e+00 0.000000000000000000e+00
0.000000000000000000e+00 0.000000000000000000e+00 0.000000000000000000e+00
5.294815063476562500e+02 1.393866088867187500e+03 5.465632677078247070e-01
