1.054102935791015625e+02 6.448886108398437500e+02 9.450041055679321289e-01
3.147564697265625000e+02 7.391498413085937500e+02 6.559489369392395020e-01
3.094143676757812500e+02 7.337931518554687500e+02 4.623980522155761719e-01
0.000000000000000000e+00 0.000000000000000000e+00 0.000000000000000000e+00
0.000000000000000000e+00 0.000000000000000000e+00 0.000000000000000000e+00
3.252149963378906250e+02 7.495123901367187500e+02 7.583126425743103027e-01
4.878130187988281250e+02 9.430852050781250000e+02 8.947664499282836914e-01
2.728511657714843750e+02 8.384992675781250000e+02 8.523075580596923828e-01
5.976875000000000000e+02 1.069177978515625000e+03 6.174398660659790039e-01
5.713784790039062500e+02 1.063802490234375000e+03 4.563194215297698975e-01
3.304919128417968750e+02 1.116100341796875000e+03 8.142334222793579102e-01
4.980183715820312500e+02 1.372936523437500000e+03 7.628252506256103516e-01
6.133821411132812500e+02 1.084817016601562500e+03 6.497867703437805176e-01
3.460928039550781250e+02 1.315350097656250000e+03 8.817046880722045898e-01
5.296453247070312500e+02 1.566471435546875000e+03 8.151836395263671875e-01
0.000000000000000000e+00 0.000000000000000000e+00 0.000000000000000000e+00
1.416916656494140625e+02 6.186690063476562500e+02 8.759166002273559570e-01
0.000000000000000000e+00 0.000000000000000000e+00 0.000000000000000000e+00
2.204011077880859375e+02 6.499429931640625000e+02 9.202516674995422363e-01
4.350220031738281250e+02 1.681943237304687500e+03 7.991843223571777344e-01
4.719557189941406250e+02 1.681863159179687500e+03 7.041681408882141113e-01
5.714589843750000000e+02 1.571814453125000000e+03 8.234017491340637207e-01
5.084688720703125000e+02 1.425247802734375000e+03 9.122850000858306885e-02
5.241253051757812500e+02 1.414693237304687500e+03 9.606233239173889160e-02
5.244664916992187500e+02 1.398841064453125000e+03 8.240768909454345703e-01
