8.855749511718750000e+02 3.986306457519531250e+02 7.969907522201538086e-01
6.079440917968750000e+02 4.981594238281250000e+02 6.004391908645629883e-01
5.294619140625000000e+02 4.770192260742187500e+02 5.865068435668945312e-01
3.461754760742187500e+02 6.918804931640625000e+02 8.045310974121093750e-01
5.400391235351562500e+02 4.349924316406250000e+02 7.781308889389038086e-01
6.866719970703125000e+02 5.295715332031250000e+02 4.793629944324493408e-01
0.000000000000000000e+00 0.000000000000000000e+00 0.000000000000000000e+00
0.000000000000000000e+00 0.000000000000000000e+00 0.000000000000000000e+00
4.090192565917968750e+02 9.432954101562500000e+02 5.432511568069458008e-01
3.357813720703125000e+02 9.590363159179687500e+02 4.974739551544189453e-01
7.075742187500000000e+02 1.147489257812500000e+03 8.084346055984497070e-01
4.510522460937500000e+02 1.597975585937500000e+03 6.750315427780151367e-01
4.824878845214843750e+02 9.328709716796875000e+02 4.581620395183563232e-01
7.705388793945312500e+02 1.032470336914062500e+03 8.171444535255432129e-01
6.237996826171875000e+02 1.231419555664062500e+03 6.879865378141403198e-02
8.700483398437500000e+02 3.514149169921875000e+02 8.133168816566467285e-01
0.000000000000000000e+00 0.000000000000000000e+00 0.000000000000000000e+00
7.599586181640625000e+02 3.147409667968750000e+02 8.374034762382507324e-01
0.000000000000000000e+00 0.000000000000000000e+00 0.000000000000000000e+00
0.000000000000000000e+00 0.000000000000000000e+00 0.000000000000000000e+00
0.000000000000000000e+00 0.000000000000000000e+00 0.000000000000000000e+00
0.000000000000000000e+00 0.000000000000000000e+00 0.000000000000000000e+00
5.714255981445312500e+02 1.728973022460937500e+03 6.265261769294738770e-01
5.347677612304687500e+02 1.728877929687500000e+03 4.999623894691467285e-01
4.039193420410156250e+02 1.608697387695312500e+03 6.883072257041931152e-01
