1.472026062011718750e+02 6.500968627929687500e+02 9.167670607566833496e-01
3.513010253906250000e+02 7.494707031250000000e+02 6.504406332969665527e-01
3.409439392089843750e+02 7.339494018554687500e+02 4.877081811428070068e-01
0.000000000000000000e+00 0.000000000000000000e+00 0.000000000000000000e+00
0.000000000000000000e+00 0.000000000000000000e+00 0.000000000000000000e+00
3.567338867187500000e+02 7.599392089843750000e+02 8.033818602561950684e-01
5.347346191406250000e+02 9.431608886718750000e+02 8.926700353622436523e-01
3.147587280273437500e+02 8.489307250976562500e+02 8.916025161743164062e-01
6.082393798828125000e+02 1.074311157226562500e+03 6.155558228492736816e-01
5.766523437500000000e+02 1.063961059570312500e+03 4.742848873138427734e-01
3.619210510253906250e+02 1.126578491210937500e+03 8.095607161521911621e-01
5.242374267578125000e+02 1.404133056640625000e+03 8.203911781311035156e-01
6.446614379882812500e+02 1.095240356445312500e+03 6.589270234107971191e-01
3.671751098632812500e+02 1.325664184570312500e+03 8.329686522483825684e-01
5.556014404296875000e+02 1.571733886718750000e+03 8.486798405647277832e-01
0.000000000000000000e+00 0.000000000000000000e+00 0.000000000000000000e+00
1.785983123779296875e+02 6.343503417968750000e+02 8.654329776763916016e-01
0.000000000000000000e+00 0.000000000000000000e+00 0.000000000000000000e+00
2.622988586425781250e+02 6.553109130859375000e+02 8.845698833465576172e-01
4.405481872558593750e+02 1.687153442382812500e+03 7.917226552963256836e-01
4.825474243164062500e+02 1.687154174804687500e+03 7.041313052177429199e-01
5.924177856445312500e+02 1.577198120117187500e+03 7.778375148773193359e-01
5.296306152343750000e+02 1.445995849609375000e+03 1.645883023738861084e-01
0.000000000000000000e+00 0.000000000000000000e+00 0.000000000000000000e+00
5.555748901367187500e+02 1.414717651367187500e+03 7.492156624794006348e-01
