1.054918899536132812e+02 8.857626342773437500e+02 8.595706820487976074e-01
3.461188964843750000e+02 9.014283447265625000e+02 7.874799370765686035e-01
3.567232971191406250e+02 8.647019042968750000e+02 7.303961515426635742e-01
5.085496826171875000e+02 9.326644287109375000e+02 6.931689381599426270e-01
4.770800781250000000e+02 9.746810913085937500e+02 1.461845636367797852e-01
3.201260986328125000e+02 9.381371459960937500e+02 8.142957091331481934e-01
5.136179199218750000e+02 1.100303222656250000e+03 8.674660921096801758e-01
2.782661437988281250e+02 1.021810852050781250e+03 8.975799083709716797e-01
6.134630737304687500e+02 1.205246948242187500e+03 4.721060991287231445e-01
6.132980346679687500e+02 1.189483032226562500e+03 3.008706867694854736e-01
3.983866577148437500e+02 1.220873413085937500e+03 1.828525662422180176e-01
0.000000000000000000e+00 0.000000000000000000e+00 0.000000000000000000e+00
6.290761718750000000e+02 1.231473144531250000e+03 6.455354690551757812e-01
3.252221679687500000e+02 1.351795654296875000e+03 8.238345384597778320e-01
5.295592041015625000e+02 1.540501098632812500e+03 7.915521264076232910e-01
0.000000000000000000e+00 0.000000000000000000e+00 0.000000000000000000e+00
1.315116577148437500e+02 8.544159545898437500e+02 8.656922578811645508e-01
0.000000000000000000e+00 0.000000000000000000e+00 0.000000000000000000e+00
2.151664123535156250e+02 8.646618041992187500e+02 8.380225300788879395e-01
4.351397399902343750e+02 1.655946044921875000e+03 7.784334421157836914e-01
4.771494140625000000e+02 1.655805908203125000e+03 7.340602874755859375e-01
5.715087280273437500e+02 1.550890136718750000e+03 7.748078107833862305e-01
0.000000000000000000e+00 0.000000000000000000e+00 0.000000000000000000e+00
0.000000000000000000e+00 0.000000000000000000e+00 0.000000000000000000e+00
0.000000000000000000e+00 0.000000000000000000e+00 0.000000000000000000e+00
