2.310083770751953125e+02 5.924426269531250000e+02 8.664587736129760742e-01
4.038878479003906250e+02 7.285101318359375000e+02 6.397757530212402344e-01
3.880260925292968750e+02 7.339716186523437500e+02 4.718956053256988525e-01
5.033504638671875000e+02 9.275446777343750000e+02 6.050706282258033752e-02
4.089809570312500000e+02 9.800175170898437500e+02 1.579288840293884277e-01
4.402889099121093750e+02 7.181388549804687500e+02 7.815628051757812500e-01
6.083623046875000000e+02 8.174263305664062500e+02 9.060689806938171387e-01
4.613773803710937500e+02 5.713358764648437500e+02 7.845478057861328125e-01
7.023442382812500000e+02 1.069110107421875000e+03 5.367082953453063965e-01
6.551745605468750000e+02 1.074348144531250000e+03 3.936139941215515137e-01
4.039622802734375000e+02 1.309862548828125000e+03 3.211932182312011719e-01
5.192114868164062500e+02 1.645185913085937500e+03 2.410888224840164185e-01
7.391753540039062500e+02 1.069097778320312500e+03 6.044467091560363770e-01
4.247238159179687500e+02 1.341368774414062500e+03 7.649228572845458984e-01
5.557924194335937500e+02 1.786616699218750000e+03 7.593036890029907227e-01
0.000000000000000000e+00 0.000000000000000000e+00 0.000000000000000000e+00
2.675306701660156250e+02 5.611643676757812500e+02 9.316647052764892578e-01
0.000000000000000000e+00 0.000000000000000000e+00 0.000000000000000000e+00
3.567301330566406250e+02 5.767704467773437500e+02 8.302730917930603027e-01
3.986960449218750000e+02 1.854760498046875000e+03 6.505476832389831543e-01
4.457772521972656250e+02 1.860088256835937500e+03 6.240198612213134766e-01
5.974918823242187500e+02 1.823098632812500000e+03 7.103962302207946777e-01
3.987736511230468750e+02 1.660876831054687500e+03 4.966284036636352539e-01
4.143247070312500000e+02 1.655556762695312500e+03 4.489445686340332031e-01
5.714495239257812500e+02 1.645115722656250000e+03 7.508082687854766846e-02
