1.472748718261718750e+02 6.551954956054687500e+02 9.006025791168212891e-01
3.513794555664062500e+02 7.548312988281250000e+02 6.459348797798156738e-01
3.462340393066406250e+02 7.391361083984375000e+02 4.737881422042846680e-01
0.000000000000000000e+00 0.000000000000000000e+00 0.000000000000000000e+00
0.000000000000000000e+00 0.000000000000000000e+00 0.000000000000000000e+00
3.565790710449218750e+02 7.651790771484375000e+02 8.390011787414550781e-01
5.296387329101562500e+02 9.433536376953125000e+02 8.846864104270935059e-01
3.145827636718750000e+02 8.541379394531250000e+02 9.241801500320434570e-01
6.080270996093750000e+02 1.074406005859375000e+03 6.248875856399536133e-01
5.662815551757812500e+02 1.069009887695312500e+03 5.049483776092529297e-01
3.567454528808593750e+02 1.121500122070312500e+03 8.226923942565917969e-01
5.242495727539062500e+02 1.398925903320312500e+03 8.266361951828002930e-01
6.446670532226562500e+02 1.095191650390625000e+03 6.681033372879028320e-01
3.620612792968750000e+02 1.325830444335937500e+03 8.324109911918640137e-01
5.555532836914062500e+02 1.566817993164062500e+03 8.402139544486999512e-01
0.000000000000000000e+00 0.000000000000000000e+00 0.000000000000000000e+00
1.835253753662109375e+02 6.394483642578125000e+02 8.837751150131225586e-01
0.000000000000000000e+00 0.000000000000000000e+00 0.000000000000000000e+00
2.622256469726562500e+02 6.553651123046875000e+02 8.628410696983337402e-01
4.404684753417968750e+02 1.687038330078125000e+03 7.934682369232177734e-01
4.876321411132812500e+02 1.687000610351562500e+03 6.930729150772094727e-01
5.922943115234375000e+02 1.572029296875000000e+03 7.887651324272155762e-01
5.243461303710937500e+02 1.445974487304687500e+03 1.747169792652130127e-01
0.000000000000000000e+00 0.000000000000000000e+00 0.000000000000000000e+00
5.555993652343750000e+02 1.404425292968750000e+03 7.969753146171569824e-01
