8.437422943115234375e+01 8.804251098632812500e+02 8.245302438735961914e-01
3.042140808105468750e+02 9.537506713867187500e+02 6.810639500617980957e-01
3.094197387695312500e+02 9.172321166992187500e+02 5.279080271720886230e-01
0.000000000000000000e+00 0.000000000000000000e+00 0.000000000000000000e+00
0.000000000000000000e+00 0.000000000000000000e+00 0.000000000000000000e+00
3.042326354980468750e+02 9.853339233398437500e+02 7.595968842506408691e-01
4.143150329589843750e+02 1.173722167968750000e+03 8.249960541725158691e-01
1.890491790771484375e+02 1.063645141601562500e+03 9.088952541351318359e-01
5.924462890625000000e+02 1.210500488281250000e+03 4.726826548576354980e-01
5.662117919921875000e+02 1.194675781250000000e+03 2.856183648109436035e-01
3.094473876953125000e+02 1.315106079101562500e+03 1.722745895385742188e-01
0.000000000000000000e+00 0.000000000000000000e+00 0.000000000000000000e+00
6.082567749023437500e+02 1.236471557617187500e+03 6.872789263725280762e-01
3.094591064453125000e+02 1.356822998046875000e+03 8.761293292045593262e-01
5.347059326171875000e+02 1.535395996093750000e+03 7.738348841667175293e-01
0.000000000000000000e+00 0.000000000000000000e+00 0.000000000000000000e+00
1.053098144531250000e+02 8.544479370117187500e+02 9.266592860221862793e-01
0.000000000000000000e+00 0.000000000000000000e+00 0.000000000000000000e+00
1.888615417480468750e+02 8.962544555664062500e+02 9.145488739013671875e-01
4.403341064453125000e+02 1.655902587890625000e+03 7.679815292358398438e-01
4.823794555664062500e+02 1.655688964843750000e+03 6.898512840270996094e-01
5.766456909179687500e+02 1.545653320312500000e+03 7.581341862678527832e-01
0.000000000000000000e+00 0.000000000000000000e+00 0.000000000000000000e+00
0.000000000000000000e+00 0.000000000000000000e+00 0.000000000000000000e+00
0.000000000000000000e+00 0.000000000000000000e+00 0.000000000000000000e+00
