7.861712646484375000e+02 9.487380371093750000e+02 8.249492049217224121e-01
6.083797607421875000e+02 1.063869262695312500e+03 8.276188373565673828e-01
5.659860839843750000e+02 1.063551391601562500e+03 8.262537717819213867e-01
4.717364807128906250e+02 1.294188354492187500e+03 8.209727406501770020e-01
5.974442749023437500e+02 1.111199584960937500e+03 8.256319761276245117e-01
6.709161987304687500e+02 1.068955566406250000e+03 6.868864297866821289e-01
6.080672607421875000e+02 1.309983276367187500e+03 7.451989501714706421e-02
6.079064331054687500e+02 1.320332275390625000e+03 7.548981159925460815e-02
4.353247070312500000e+02 1.446166748046875000e+03 6.278860569000244141e-01
3.931604919433593750e+02 1.482687377929687500e+03 6.504858732223510742e-01
7.340011596679687500e+02 1.514138305664062500e+03 8.104306459426879883e-01
5.607428588867187500e+02 1.781450195312500000e+03 8.193519711494445801e-01
4.876040954589843750e+02 1.414672607421875000e+03 5.072546005249023438e-01
7.075501708984375000e+02 1.425156494140625000e+03 7.653493285179138184e-01
5.192586669921875000e+02 1.692437988281250000e+03 8.068604469299316406e-01
7.706126708984375000e+02 9.326601562500000000e+02 8.934984207153320312e-01
0.000000000000000000e+00 0.000000000000000000e+00 0.000000000000000000e+00
6.867131958007812500e+02 9.381217041015625000e+02 9.255709052085876465e-01
0.000000000000000000e+00 0.000000000000000000e+00 0.000000000000000000e+00
5.820411987304687500e+02 1.739474853515625000e+03 5.747016891837120056e-02
0.000000000000000000e+00 0.000000000000000000e+00 0.000000000000000000e+00
4.824595642089843750e+02 1.702920532226562500e+03 7.321053743362426758e-01
6.868136596679687500e+02 1.838992797851562500e+03 7.186861038208007812e-01
6.500977783203125000e+02 1.854746215820312500e+03 7.407650947570800781e-01
5.187703857421875000e+02 1.802330444335937500e+03 8.130467534065246582e-01
