8.071567993164062500e+02 8.174865722656250000e+02 9.368743896484375000e-01
6.341790161132812500e+02 9.485867919921875000e+02 7.161506414413452148e-01
6.079841918945312500e+02 9.589948120117187500e+02 7.779374122619628906e-01
4.928500976562500000e+02 1.236752319335937500e+03 8.496801257133483887e-01
6.027996826171875000e+02 1.058598999023437500e+03 6.034162044525146484e-01
6.553234863281250000e+02 9.432542114257812500e+02 6.316699385643005371e-01
0.000000000000000000e+00 0.000000000000000000e+00 0.000000000000000000e+00
0.000000000000000000e+00 0.000000000000000000e+00 0.000000000000000000e+00
3.986934204101562500e+02 1.273270629882812500e+03 5.814478993415832520e-01
3.775494689941406250e+02 1.299572387695312500e+03 6.427447795867919922e-01
7.286564331054687500e+02 1.404360229492187500e+03 8.947894573211669922e-01
5.137080078125000000e+02 1.650599365234375000e+03 8.422773480415344238e-01
4.351162719726562500e+02 1.231460815429687500e+03 4.264609515666961670e-01
6.918377075195312500e+02 1.231520874023437500e+03 8.746667504310607910e-01
5.192030029296875000e+02 1.482714477539062500e+03 8.354869484901428223e-01
7.809056396484375000e+02 7.913848876953125000e+02 8.617500066757202148e-01
0.000000000000000000e+00 0.000000000000000000e+00 0.000000000000000000e+00
7.024814453125000000e+02 8.121250610351562500e+02 7.036788463592529297e-01
0.000000000000000000e+00 0.000000000000000000e+00 0.000000000000000000e+00
5.715678100585937500e+02 1.503742065429687500e+03 2.135939896106719971e-01
5.662998657226562500e+02 1.487853149414062500e+03 2.167322784662246704e-01
4.824051208496093750e+02 1.493389038085937500e+03 8.266823887825012207e-01
6.394039306640625000e+02 1.723705932617187500e+03 7.167845368385314941e-01
5.975339355468750000e+02 1.734069335937500000e+03 7.417986392974853516e-01
4.719754028320312500e+02 1.655894042968750000e+03 8.300374150276184082e-01
