8.489390869140625000e+02 5.608823852539062500e+02 9.277758598327636719e-01
6.498004150390625000e+02 6.921440429687500000e+02 7.206373214721679688e-01
6.133731079101562500e+02 6.972426147460937500e+02 7.479813098907470703e-01
4.770837707519531250e+02 9.537780761718750000e+02 8.566024303436279297e-01
6.343306884765625000e+02 7.652103271484375000e+02 8.013969659805297852e-01
6.866114501953125000e+02 6.920113525390625000e+02 6.665385365486145020e-01
6.447938232421875000e+02 8.751318359375000000e+02 8.110867440700531006e-02
0.000000000000000000e+00 0.000000000000000000e+00 0.000000000000000000e+00
3.513395385742187500e+02 9.852390747070312500e+02 6.063188910484313965e-01
3.041967468261718750e+02 9.906015014648437500e+02 6.255753636360168457e-01
5.977070312500000000e+02 1.262736450195312500e+03 8.037980794906616211e-01
4.875964965820312500e+02 1.582391357421875000e+03 7.974228262901306152e-01
3.987037353515625000e+02 9.799081420898437500e+02 5.075509548187255859e-01
5.974389648437500000e+02 1.126587280273437500e+03 8.014531135559082031e-01
5.084566040039062500e+02 1.404163208007812500e+03 7.811496257781982422e-01
8.176743164062500000e+02 5.244130249023437500e+02 9.416470527648925781e-01
0.000000000000000000e+00 0.000000000000000000e+00 0.000000000000000000e+00
7.338533325195312500e+02 5.400275268554687500e+02 7.432949542999267578e-01
0.000000000000000000e+00 0.000000000000000000e+00 0.000000000000000000e+00
6.080745849609375000e+02 1.435537109375000000e+03 4.254284501075744629e-01
6.079992065429687500e+02 1.425208984375000000e+03 4.246092438697814941e-01
4.614580383300781250e+02 1.430452270507812500e+03 6.481974124908447266e-01
6.290870361328125000e+02 1.655506347656250000e+03 7.855970859527587891e-01
5.818718872070312500e+02 1.660976562500000000e+03 7.294532656669616699e-01
4.510424499511718750e+02 1.608608642578125000e+03 7.501193284988403320e-01
