8.700567016601562500e+02 3.097422485351562500e+02 8.156803846359252930e-01
6.027579345703125000e+02 4.300814208984375000e+02 5.662657022476196289e-01
5.504963989257812500e+02 4.248088989257812500e+02 5.385044813156127930e-01
3.146006164550781250e+02 6.080349121093750000e+02 8.148546814918518066e-01
5.243955078125000000e+02 3.462597656250000000e+02 8.113310337066650391e-01
6.657485961914062500e+02 4.403874816894531250e+02 4.388741254806518555e-01
0.000000000000000000e+00 0.000000000000000000e+00 0.000000000000000000e+00
0.000000000000000000e+00 0.000000000000000000e+00 0.000000000000000000e+00
3.828826599121093750e+02 8.804245605468750000e+02 5.217376351356506348e-01
3.146959533691406250e+02 8.963147583007812500e+02 5.636175870895385742e-01
6.761094970703125000e+02 1.100472534179687500e+03 7.690765261650085449e-01
4.352209472656250000e+02 1.535180419921875000e+03 7.381673455238342285e-01
4.614526672363281250e+02 8.595342407226562500e+02 4.308502674102783203e-01
7.496055297851562500e+02 9.904387207031250000e+02 7.701547741889953613e-01
6.026061401367187500e+02 1.236664062500000000e+03 1.300031691789627075e-01
8.593586425781250000e+02 2.674644470214843750e+02 9.254784584045410156e-01
0.000000000000000000e+00 0.000000000000000000e+00 0.000000000000000000e+00
7.442230834960937500e+02 2.361216735839843750e+02 8.413977622985839844e-01
0.000000000000000000e+00 0.000000000000000000e+00 0.000000000000000000e+00
6.499739379882812500e+02 1.325842529296875000e+03 2.706480920314788818e-01
6.498719482421875000e+02 1.320621704101562500e+03 2.684660553932189941e-01
0.000000000000000000e+00 0.000000000000000000e+00 0.000000000000000000e+00
5.296090087890625000e+02 1.666243530273437500e+03 6.248075366020202637e-01
4.876252441406250000e+02 1.661015747070312500e+03 5.353288054466247559e-01
3.880571289062500000e+02 1.556168212890625000e+03 6.257779002189636230e-01
