7.862531127929687500e+02 7.547811889648437500e+02 8.502968549728393555e-01
6.184892578125000000e+02 8.961460571289062500e+02 7.741582393646240234e-01
5.924009399414062500e+02 8.909719848632812500e+02 7.624037861824035645e-01
4.825245666503906250e+02 1.189290405273437500e+03 9.189897179603576660e-01
5.871574096679687500e+02 9.852398681640625000e+02 7.753768563270568848e-01
6.552208862304687500e+02 8.963415527343750000e+02 7.701638936996459961e-01
6.500191650390625000e+02 1.069178710937500000e+03 1.200030595064163208e-01
0.000000000000000000e+00 0.000000000000000000e+00 0.000000000000000000e+00
4.142531738281250000e+02 1.231492553710937500e+03 6.137443780899047852e-01
3.775603027343750000e+02 1.257548950195312500e+03 6.423830389976501465e-01
7.284760131835937500e+02 1.404230590820312500e+03 8.925053477287292480e-01
5.138131713867187500e+02 1.655654663085937500e+03 8.462988138198852539e-01
4.561539306640625000e+02 1.205238891601562500e+03 4.672412872314453125e-01
6.918209228515625000e+02 1.236553466796875000e+03 8.852903842926025391e-01
5.191271972656250000e+02 1.482776855468750000e+03 8.480275869369506836e-01
7.704848022460937500e+02 7.286250610351562500e+02 9.559929370880126953e-01
0.000000000000000000e+00 0.000000000000000000e+00 0.000000000000000000e+00
6.867925415039062500e+02 7.338793945312500000e+02 7.917847037315368652e-01
0.000000000000000000e+00 0.000000000000000000e+00 0.000000000000000000e+00
5.766943359375000000e+02 1.493353149414062500e+03 2.921444773674011230e-01
5.713630981445312500e+02 1.482764404296875000e+03 2.935497760772705078e-01
4.824783935546875000e+02 1.498546752929687500e+03 8.850317001342773438e-01
6.342025146484375000e+02 1.728804443359375000e+03 7.021034955978393555e-01
5.923624877929687500e+02 1.734109008789062500e+03 7.280213832855224609e-01
4.769506835937500000e+02 1.661094360351562500e+03 7.997429370880126953e-01
