1.419601898193359375e+02 6.812872314453125000e+02 9.165374040603637695e-01
3.357852783203125000e+02 7.705840454101562500e+02 6.657274961471557617e-01
3.252775268554687500e+02 7.702955932617187500e+02 5.021568536758422852e-01
0.000000000000000000e+00 0.000000000000000000e+00 0.000000000000000000e+00
0.000000000000000000e+00 0.000000000000000000e+00 0.000000000000000000e+00
3.462790222167968750e+02 7.755581054687500000e+02 8.442122340202331543e-01
5.242449951171875000e+02 9.589573974609375000e+02 8.756390213966369629e-01
3.094867553710937500e+02 8.593733520507812500e+02 9.343412518501281738e-01
6.027105102539062500e+02 1.105658569335937500e+03 6.257368326187133789e-01
5.609437255859375000e+02 1.089970092773437500e+03 4.576197564601898193e-01
3.514023132324218750e+02 1.147733032226562500e+03 8.282638788223266602e-01
5.136634521484375000e+02 1.409622558593750000e+03 7.848805189132690430e-01
6.342553100585937500e+02 1.116113281250000000e+03 6.584039330482482910e-01
3.568056945800781250e+02 1.356817626953125000e+03 8.812914490699768066e-01
5.348747558593750000e+02 1.592764038085937500e+03 7.617332935333251953e-01
0.000000000000000000e+00 0.000000000000000000e+00 0.000000000000000000e+00
1.680654907226562500e+02 6.500533447265625000e+02 8.708984255790710449e-01
0.000000000000000000e+00 0.000000000000000000e+00 0.000000000000000000e+00
2.415113983154296875e+02 6.867254028320312500e+02 8.932393193244934082e-01
4.352713928222656250e+02 1.702724609375000000e+03 7.801458239555358887e-01
4.772778320312500000e+02 1.702720825195312500e+03 7.084217667579650879e-01
5.766876220703125000e+02 1.603328735351562500e+03 7.901067733764648438e-01
0.000000000000000000e+00 0.000000000000000000e+00 0.000000000000000000e+00
0.000000000000000000e+00 0.000000000000000000e+00 0.000000000000000000e+00
5.347028198242187500e+02 1.430502929687500000e+03 7.613611221313476562e-01
