8.700313110351562500e+02 3.513610839843750000e+02 8.213700056076049805e-01
6.081277465820312500e+02 4.771966247558593750e+02 6.141281127929687500e-01
5.608364868164062500e+02 4.769905395507812500e+02 5.491646528244018555e-01
3.149676818847656250e+02 6.502053222656250000e+02 7.639508843421936035e-01
5.188239135742187500e+02 3.931964721679687500e+02 8.194068074226379395e-01
6.762060546875000000e+02 4.876375122070312500e+02 4.668580889701843262e-01
0.000000000000000000e+00 0.000000000000000000e+00 0.000000000000000000e+00
0.000000000000000000e+00 0.000000000000000000e+00 0.000000000000000000e+00
3.986237792968750000e+02 9.224461669921875000e+02 5.214124917984008789e-01
3.357106018066406250e+02 9.433637084960937500e+02 5.269040465354919434e-01
7.129132690429687500e+02 1.116255859375000000e+03 7.711101174354553223e-01
4.459243164062500000e+02 1.566748291015625000e+03 7.382183074951171875e-01
4.823163146972656250e+02 9.013807373046875000e+02 4.304570555686950684e-01
7.706690673828125000e+02 1.021945251464843750e+03 7.988500595092773438e-01
0.000000000000000000e+00 0.000000000000000000e+00 0.000000000000000000e+00
8.544938354492187500e+02 2.990297241210937500e+02 8.638483881950378418e-01
8.906956176757812500e+02 3.145675354003906250e+02 5.919966474175453186e-02
7.390229492187500000e+02 2.728705139160156250e+02 8.934559226036071777e-01
0.000000000000000000e+00 0.000000000000000000e+00 0.000000000000000000e+00
0.000000000000000000e+00 0.000000000000000000e+00 0.000000000000000000e+00
0.000000000000000000e+00 0.000000000000000000e+00 0.000000000000000000e+00
0.000000000000000000e+00 0.000000000000000000e+00 0.000000000000000000e+00
5.662008056640625000e+02 1.697594116210937500e+03 7.055867314338684082e-01
5.242326660156250000e+02 1.697554809570312500e+03 6.171964406967163086e-01
4.038661499023437500e+02 1.577177368164062500e+03 7.020515203475952148e-01
