7.862540893554687500e+02 7.391586914062500000e+02 8.750492334365844727e-01
6.291235961914062500e+02 8.857431640625000000e+02 7.347440719604492188e-01
6.079357910156250000e+02 8.959133911132812500e+02 8.209406137466430664e-01
4.825014953613281250e+02 1.178902221679687500e+03 8.776364326477050781e-01
5.715930786132812500e+02 9.801035156250000000e+02 7.564344406127929688e-01
6.551635742187500000e+02 8.751514282226562500e+02 7.151961326599121094e-01
6.499556274414062500e+02 9.956967163085937500e+02 1.348866671323776245e-01
6.447690429687500000e+02 1.069138305664062500e+03 3.156296908855438232e-01
4.089794921875000000e+02 1.231168457031250000e+03 6.055716276168823242e-01
3.775801696777343750e+02 1.241988403320312500e+03 6.619430184364318848e-01
7.283422851562500000e+02 1.404188354492187500e+03 8.906468749046325684e-01
5.188616943359375000e+02 1.655728637695312500e+03 8.557590246200561523e-01
4.456593322753906250e+02 1.194883789062500000e+03 4.738753139972686768e-01
6.916754760742187500e+02 1.236568359375000000e+03 8.821032047271728516e-01
5.191953735351562500e+02 1.482750976562500000e+03 8.472369909286499023e-01
7.705428466796875000e+02 7.231892700195312500e+02 9.067577719688415527e-01
0.000000000000000000e+00 0.000000000000000000e+00 0.000000000000000000e+00
6.917942504882812500e+02 7.287041625976562500e+02 8.139653801918029785e-01
0.000000000000000000e+00 0.000000000000000000e+00 0.000000000000000000e+00
5.818287353515625000e+02 1.498573120117187500e+03 2.583490610122680664e-01
5.714340209960937500e+02 1.482937988281250000e+03 2.541149556636810303e-01
4.825184326171875000e+02 1.498459594726562500e+03 8.873245716094970703e-01
6.343662109375000000e+02 1.729070434570312500e+03 7.407691478729248047e-01
5.976217041015625000e+02 1.734333007812500000e+03 7.823100686073303223e-01
4.770747375488281250e+02 1.666078247070312500e+03 8.287993669509887695e-01
