8.803989257812500000e+02 3.409013061523437500e+02 7.665288448333740234e-01
6.029207153320312500e+02 4.771416320800781250e+02 5.645438432693481445e-01
5.608303833007812500e+02 4.876123352050781250e+02 4.834485352039337158e-01
3.253150329589843750e+02 6.445041503906250000e+02 7.414792776107788086e-01
5.192308959960937500e+02 3.879539184570312500e+02 8.019464015960693359e-01
6.604603271484375000e+02 4.718848571777343750e+02 3.674098849296569824e-01
0.000000000000000000e+00 0.000000000000000000e+00 0.000000000000000000e+00
0.000000000000000000e+00 0.000000000000000000e+00 0.000000000000000000e+00
3.985320739746093750e+02 9.067596435546875000e+02 5.258638262748718262e-01
3.305060424804687500e+02 9.379589843750000000e+02 5.210825800895690918e-01
7.023335571289062500e+02 1.110964843750000000e+03 8.035093545913696289e-01
4.406921691894531250e+02 1.561243286132812500e+03 7.262756228446960449e-01
4.770722045898437500e+02 8.959993896484375000e+02 4.150969088077545166e-01
7.704385986328125000e+02 1.011367370605468750e+03 7.883318662643432617e-01
6.185692138671875000e+02 1.194802001953125000e+03 7.221543043851852417e-02
8.594643554687500000e+02 2.834277648925781250e+02 8.417627811431884766e-01
0.000000000000000000e+00 0.000000000000000000e+00 0.000000000000000000e+00
7.442694091796875000e+02 2.677933654785156250e+02 8.584995269775390625e-01
0.000000000000000000e+00 0.000000000000000000e+00 0.000000000000000000e+00
0.000000000000000000e+00 0.000000000000000000e+00 0.000000000000000000e+00
0.000000000000000000e+00 0.000000000000000000e+00 0.000000000000000000e+00
0.000000000000000000e+00 0.000000000000000000e+00 0.000000000000000000e+00
5.610817871093750000e+02 1.687185913085937500e+03 6.187497377395629883e-01
5.033302612304687500e+02 1.687157592773437500e+03 5.224474668502807617e-01
3.985758972167968750e+02 1.571769531250000000e+03 7.308071851730346680e-01
