1.523356170654296875e+02 6.604445800781250000e+02 8.683797717094421387e-01
3.514272155761718750e+02 7.651284179687500000e+02 6.937900781631469727e-01
3.462511291503906250e+02 7.391705322265625000e+02 5.218375921249389648e-01
0.000000000000000000e+00 0.000000000000000000e+00 0.000000000000000000e+00
0.000000000000000000e+00 0.000000000000000000e+00 0.000000000000000000e+00
3.567483520507812500e+02 7.703981323242187500e+02 8.367367386817932129e-01
5.347111206054687500e+02 9.431741333007812500e+02 8.850493431091308594e-01
3.147645263671875000e+02 8.489020385742187500e+02 8.994154930114746094e-01
6.027591552734375000e+02 1.100453613281250000e+03 6.214534640312194824e-01
5.609500122070312500e+02 1.079435791015625000e+03 4.578824639320373535e-01
3.515738830566406250e+02 1.147603637695312500e+03 8.444191217422485352e-01
5.138186645507812500e+02 1.420000366210937500e+03 7.837716937065124512e-01
6.343396606445312500e+02 1.111008911132812500e+03 6.762322187423706055e-01
3.566871032714843750e+02 1.351822265625000000e+03 8.805038928985595703e-01
5.348189697265625000e+02 1.603284912109375000e+03 7.838924527168273926e-01
0.000000000000000000e+00 0.000000000000000000e+00 0.000000000000000000e+00
1.836439514160156250e+02 6.445775146484375000e+02 9.191724061965942383e-01
0.000000000000000000e+00 0.000000000000000000e+00 0.000000000000000000e+00
2.624502258300781250e+02 6.813023071289062500e+02 8.851180076599121094e-01
4.351527099609375000e+02 1.713362060546875000e+03 7.827090620994567871e-01
4.770848083496093750e+02 1.713358520507812500e+03 7.009805440902709961e-01
5.766206665039062500e+02 1.608664428710937500e+03 8.140470981597900391e-01
5.136882934570312500e+02 1.477492797851562500e+03 7.041567564010620117e-02
0.000000000000000000e+00 0.000000000000000000e+00 0.000000000000000000e+00
5.347839355468750000e+02 1.440666870117187500e+03 7.938708662986755371e-01
