8.752192382812500000e+02 2.677611694335937500e+02 7.872685790061950684e-01
6.080253906250000000e+02 3.881389770507812500e+02 5.760796666145324707e-01
5.661699829101562500e+02 3.879533081054687500e+02 6.221178770065307617e-01
3.145999145507812500e+02 5.504023437500000000e+02 7.800338268280029297e-01
5.241134033203125000e+02 2.728707885742187500e+02 8.712316751480102539e-01
6.656874389648437500e+02 3.984593505859375000e+02 4.364845454692840576e-01
0.000000000000000000e+00 0.000000000000000000e+00 0.000000000000000000e+00
0.000000000000000000e+00 0.000000000000000000e+00 0.000000000000000000e+00
3.775980834960937500e+02 8.490304565429687500e+02 5.215756297111511230e-01
3.146985168457031250e+02 8.646862792968750000e+02 5.382518768310546875e-01
6.552706298828125000e+02 1.074361450195312500e+03 7.756574153900146484e-01
4.402903137207031250e+02 1.530146850585937500e+03 7.537716031074523926e-01
4.457364501953125000e+02 8.228514404296875000e+02 4.100614786148071289e-01
7.391237792968750000e+02 9.852048339843750000e+02 7.887163162231445312e-01
5.922964477539062500e+02 1.247183471679687500e+03 8.235326409339904785e-02
8.595414428710937500e+02 2.204647979736328125e+02 8.737314939498901367e-01
0.000000000000000000e+00 0.000000000000000000e+00 0.000000000000000000e+00
7.495733032226562500e+02 1.891306762695312500e+02 8.194772601127624512e-01
0.000000000000000000e+00 0.000000000000000000e+00 0.000000000000000000e+00
6.447091674804687500e+02 1.325729980468750000e+03 2.176488786935806274e-01
6.395858764648437500e+02 1.320657226562500000e+03 2.045636475086212158e-01
0.000000000000000000e+00 0.000000000000000000e+00 0.000000000000000000e+00
5.557644042968750000e+02 1.660973510742187500e+03 6.616290807723999023e-01
5.137991943359375000e+02 1.660891723632812500e+03 5.785188078880310059e-01
3.931572265625000000e+02 1.561245239257812500e+03 6.684458851814270020e-01
