7.396777343750000000e+01 8.908861083984375000e+02 8.373412489891052246e-01
3.043704528808593750e+02 9.487235717773437500e+02 7.026528120040893555e-01
3.146683044433593750e+02 9.171559448242187500e+02 5.775897502899169922e-01
0.000000000000000000e+00 0.000000000000000000e+00 0.000000000000000000e+00
0.000000000000000000e+00 0.000000000000000000e+00 0.000000000000000000e+00
2.990540771484375000e+02 9.852125854492187500e+02 7.617347240447998047e-01
4.090870971679687500e+02 1.184224731445312500e+03 8.570829629898071289e-01
1.889691619873046875e+02 1.063980102539062500e+03 9.132033586502075195e-01
6.028328857421875000e+02 1.215749145507812500e+03 4.708728790283203125e-01
5.923714599609375000e+02 1.194821289062500000e+03 2.782375514507293701e-01
3.147772216796875000e+02 1.320475830078125000e+03 1.339969485998153687e-01
0.000000000000000000e+00 0.000000000000000000e+00 0.000000000000000000e+00
6.132554321289062500e+02 1.236626586914062500e+03 6.744638681411743164e-01
3.095100708007812500e+02 1.351817749023437500e+03 8.693127632141113281e-01
5.297331542968750000e+02 1.540371337890625000e+03 7.564252614974975586e-01
0.000000000000000000e+00 0.000000000000000000e+00 0.000000000000000000e+00
1.050953369140625000e+02 8.595552368164062500e+02 9.205053448677062988e-01
0.000000000000000000e+00 0.000000000000000000e+00 0.000000000000000000e+00
1.836685333251953125e+02 8.962029418945312500e+02 9.008305072784423828e-01
4.352838745117187500e+02 1.660838256835937500e+03 7.646461129188537598e-01
4.822994079589843750e+02 1.655762207031250000e+03 6.875743269920349121e-01
5.767119140625000000e+02 1.545629272460937500e+03 7.287636995315551758e-01
0.000000000000000000e+00 0.000000000000000000e+00 0.000000000000000000e+00
0.000000000000000000e+00 0.000000000000000000e+00 0.000000000000000000e+00
0.000000000000000000e+00 0.000000000000000000e+00 0.000000000000000000e+00
