8.648500366210937500e+02 3.252682495117187500e+02 8.220515251159667969e-01
6.029882202148437500e+02 4.510335998535156250e+02 5.574929714202880859e-01
5.557599487304687500e+02 4.405720825195312500e+02 5.755103826522827148e-01
3.148067626953125000e+02 6.394520263671875000e+02 8.043564558029174805e-01
5.244118652343750000e+02 3.618659973144531250e+02 8.346787691116333008e-01
6.710011596679687500e+02 4.718372802734375000e+02 4.423486590385437012e-01
0.000000000000000000e+00 0.000000000000000000e+00 0.000000000000000000e+00
0.000000000000000000e+00 0.000000000000000000e+00 0.000000000000000000e+00
3.828565368652343750e+02 9.015310058593750000e+02 5.315260887145996094e-01
3.147509155273437500e+02 9.326860351562500000e+02 5.460488200187683105e-01
6.919740600585937500e+02 1.110737182617187500e+03 8.536109328269958496e-01
4.403849792480468750e+02 1.535366455078125000e+03 7.207024097442626953e-01
4.562297668457031250e+02 8.908712768554687500e+02 4.116521775722503662e-01
7.652482910156250000e+02 1.000928405761718750e+03 7.664749026298522949e-01
6.081484985351562500e+02 1.179062133789062500e+03 6.706289947032928467e-02
8.544495849609375000e+02 2.731447143554687500e+02 8.979588150978088379e-01
0.000000000000000000e+00 0.000000000000000000e+00 0.000000000000000000e+00
7.441864624023437500e+02 2.571679687500000000e+02 8.168033957481384277e-01
0.000000000000000000e+00 0.000000000000000000e+00 0.000000000000000000e+00
0.000000000000000000e+00 0.000000000000000000e+00 0.000000000000000000e+00
0.000000000000000000e+00 0.000000000000000000e+00 0.000000000000000000e+00
0.000000000000000000e+00 0.000000000000000000e+00 0.000000000000000000e+00
5.295854492187500000e+02 1.681796630859375000e+03 5.806844830513000488e-01
4.510636901855468750e+02 1.661007446289062500e+03 4.719891548156738281e-01
3.932443847656250000e+02 1.561246704101562500e+03 6.440700888633728027e-01
