8.070250244140625000e+02 7.702741088867187500e+02 8.991640210151672363e-01
6.393650512695312500e+02 9.067824096679687500e+02 7.556779384613037109e-01
6.027327880859375000e+02 9.223145751953125000e+02 7.450349330902099609e-01
4.980181274414062500e+02 1.194674926757812500e+03 8.634141683578491211e-01
6.029618530273437500e+02 9.903884277343750000e+02 8.180410265922546387e-01
6.710336914062500000e+02 9.013895874023437500e+02 6.999574303627014160e-01
6.449246215820312500e+02 1.095101318359375000e+03 6.273531913757324219e-02
0.000000000000000000e+00 0.000000000000000000e+00 0.000000000000000000e+00
4.142216491699218750e+02 1.231569946289062500e+03 6.091222763061523438e-01
3.776542663574218750e+02 1.268046508789062500e+03 6.554850339889526367e-01
7.284821166992187500e+02 1.404298095703125000e+03 8.833427429199218750e-01
5.138159790039062500e+02 1.650621704101562500e+03 8.445297479629516602e-01
4.457492980957031250e+02 1.194886840820312500e+03 4.756565392017364502e-01
6.916767578125000000e+02 1.236453491210937500e+03 8.737079501152038574e-01
5.188266601562500000e+02 1.482860961914062500e+03 8.623852133750915527e-01
7.758995971679687500e+02 7.340256347656250000e+02 9.155054092407226562e-01
0.000000000000000000e+00 0.000000000000000000e+00 0.000000000000000000e+00
6.971329345703125000e+02 7.650897827148437500e+02 7.199478745460510254e-01
0.000000000000000000e+00 0.000000000000000000e+00 0.000000000000000000e+00
5.713877563476562500e+02 1.493332763671875000e+03 3.452685475349426270e-01
5.661504516601562500e+02 1.482847778320312500e+03 3.511977791786193848e-01
4.821967163085937500e+02 1.498463134765625000e+03 9.093143939971923828e-01
6.395773315429687500e+02 1.723689819335937500e+03 7.085192203521728516e-01
6.027108764648437500e+02 1.734067749023437500e+03 7.297770977020263672e-01
4.769127807617187500e+02 1.655951171875000000e+03 8.428981900215148926e-01
