1.054735412597656250e+02 8.805198364257812500e+02 8.677966594696044922e-01
3.461782531738281250e+02 9.015167236328125000e+02 7.613944411277770996e-01
3.565894470214843750e+02 8.700764770507812500e+02 6.746075153350830078e-01
5.086283569335937500e+02 9.379220581054687500e+02 6.684026122093200684e-01
0.000000000000000000e+00 0.000000000000000000e+00 0.000000000000000000e+00
3.304093017578125000e+02 9.379208374023437500e+02 7.880711555480957031e-01
5.084501953125000000e+02 1.089921508789062500e+03 8.426222801208496094e-01
2.885331420898437500e+02 1.021622314453125000e+03 8.593436479568481445e-01
6.238408203125000000e+02 1.215676757812500000e+03 4.917193353176116943e-01
6.289694213867187500e+02 1.199919433593750000e+03 3.357842564582824707e-01
3.462349243164062500e+02 1.320485351562500000e+03 2.266006320714950562e-01
0.000000000000000000e+00 0.000000000000000000e+00 0.000000000000000000e+00
6.289968872070312500e+02 1.231424438476562500e+03 6.500792503356933594e-01
3.409034118652343750e+02 1.351767211914062500e+03 7.998087406158447266e-01
5.296708984375000000e+02 1.545613281250000000e+03 7.801470756530761719e-01
0.000000000000000000e+00 0.000000000000000000e+00 0.000000000000000000e+00
1.365078430175781250e+02 8.543818359375000000e+02 8.792510628700256348e-01
0.000000000000000000e+00 0.000000000000000000e+00 0.000000000000000000e+00
2.152286224365234375e+02 8.597727050781250000e+02 8.615404963493347168e-01
4.299190673828125000e+02 1.660879394531250000e+03 7.527183294296264648e-01
4.719137268066406250e+02 1.655901245117187500e+03 6.962377429008483887e-01
5.765844116210937500e+02 1.556165283203125000e+03 7.656413912773132324e-01
0.000000000000000000e+00 0.000000000000000000e+00 0.000000000000000000e+00
0.000000000000000000e+00 0.000000000000000000e+00 0.000000000000000000e+00
0.000000000000000000e+00 0.000000000000000000e+00 0.000000000000000000e+00
