8.700614624023437500e+02 3.200221557617187500e+02 8.014682531356811523e-01
6.028504028320312500e+02 4.719014892578125000e+02 5.597898364067077637e-01
5.557465820312500000e+02 4.823594360351562500e+02 4.291633963584899902e-01
3.252941284179687500e+02 6.445583496093750000e+02 7.413450479507446289e-01
5.191856079101562500e+02 3.827528991699218750e+02 7.950370907783508301e-01
6.501077270507812500e+02 4.509207153320312500e+02 3.479459285736083984e-01
0.000000000000000000e+00 0.000000000000000000e+00 0.000000000000000000e+00
0.000000000000000000e+00 0.000000000000000000e+00 0.000000000000000000e+00
3.932060852050781250e+02 9.065879516601562500e+02 5.066725015640258789e-01
3.199897155761718750e+02 9.378867187500000000e+02 5.256013870239257812e-01
6.973147583007812500e+02 1.110835693359375000e+03 8.163774013519287109e-01
4.405348510742187500e+02 1.545751220703125000e+03 7.224991321563720703e-01
4.667049560546875000e+02 8.857611083984375000e+02 3.834569454193115234e-01
7.704429321289062500e+02 1.006227050781250000e+03 7.948917746543884277e-01
0.000000000000000000e+00 0.000000000000000000e+00 0.000000000000000000e+00
8.594929809570312500e+02 2.729554748535156250e+02 8.981574773788452148e-01
0.000000000000000000e+00 0.000000000000000000e+00 0.000000000000000000e+00
7.443247070312500000e+02 2.624627380371093750e+02 8.375648260116577148e-01
0.000000000000000000e+00 0.000000000000000000e+00 0.000000000000000000e+00
0.000000000000000000e+00 0.000000000000000000e+00 0.000000000000000000e+00
0.000000000000000000e+00 0.000000000000000000e+00 0.000000000000000000e+00
0.000000000000000000e+00 0.000000000000000000e+00 0.000000000000000000e+00
5.557691040039062500e+02 1.681781127929687500e+03 6.313644051551818848e-01
5.137319946289062500e+02 1.676644287109375000e+03 5.255867838859558105e-01
3.983905334472656250e+02 1.566659179687500000e+03 7.151705622673034668e-01
