7.861990966796875000e+02 1.021819152832031250e+03 9.093881845474243164e-01
6.134053955078125000e+02 9.854066772460937500e+02 7.841208577156066895e-01
6.134622192382812500e+02 1.027106933593750000e+03 8.430685400962829590e-01
4.822999572753906250e+02 1.210436523437500000e+03 8.717949986457824707e-01
6.343357543945312500e+02 1.111005126953125000e+03 8.306079506874084473e-01
6.134514770507812500e+02 9.485779418945312500e+02 7.040520906448364258e-01
5.296094360351562500e+02 1.105729370117187500e+03 6.054967269301414490e-02
0.000000000000000000e+00 0.000000000000000000e+00 0.000000000000000000e+00
2.938197021484375000e+02 1.220981201171875000e+03 5.926905870437622070e-01
3.042854309082031250e+02 1.236908569335937500e+03 6.968817114830017090e-01
6.343437500000000000e+02 1.252277099609375000e+03 8.318285942077636719e-01
4.822007141113281250e+02 1.519385742187500000e+03 8.431209325790405273e-01
2.781171264648437500e+02 1.194579833984375000e+03 4.539464414119720459e-01
6.341811523437500000e+02 1.163353393554687500e+03 6.451918482780456543e-01
4.825890808105468750e+02 1.409426635742187500e+03 8.079254627227783203e-01
7.862274169921875000e+02 9.904524536132812500e+02 8.692425489425659180e-01
0.000000000000000000e+00 0.000000000000000000e+00 0.000000000000000000e+00
7.336669921875000000e+02 9.748138427734375000e+02 9.383341073989868164e-01
0.000000000000000000e+00 0.000000000000000000e+00 0.000000000000000000e+00
5.976565551757812500e+02 1.430498901367187500e+03 6.579778194427490234e-01
5.976246337890625000e+02 1.425228759765625000e+03 6.595772504806518555e-01
4.407333374023437500e+02 1.430376098632812500e+03 7.466403841972351074e-01
6.026828613281250000e+02 1.571768310546875000e+03 7.669796943664550781e-01
5.609279785156250000e+02 1.577150756835937500e+03 8.088022470474243164e-01
4.407337646484375000e+02 1.530070800781250000e+03 8.594338893890380859e-01
