1.469959259033203125e+02 6.813605957031250000e+02 9.182821512222290039e-01
3.410312194824218750e+02 7.705255737304687500e+02 6.926625967025756836e-01
3.357451477050781250e+02 7.600471801757812500e+02 5.123131275177001953e-01
4.772965087890625000e+02 8.230463256835937500e+02 7.289581745862960815e-02
0.000000000000000000e+00 0.000000000000000000e+00 0.000000000000000000e+00
3.511862792968750000e+02 7.757272949218750000e+02 8.320009112358093262e-01
5.243883666992187500e+02 9.539072265625000000e+02 8.589565157890319824e-01
3.096699523925781250e+02 8.596152954101562500e+02 9.220048785209655762e-01
6.027941894531250000e+02 1.105586303710937500e+03 6.336190104484558105e-01
5.610129394531250000e+02 1.084697143554687500e+03 4.652520120143890381e-01
3.515028381347656250e+02 1.152625000000000000e+03 8.521977663040161133e-01
5.138289184570312500e+02 1.409658203125000000e+03 7.980031371116638184e-01
6.343304443359375000e+02 1.116141357421875000e+03 6.627749204635620117e-01
3.567422790527343750e+02 1.356898925781250000e+03 8.942770957946777344e-01
5.347701416015625000e+02 1.598000244140625000e+03 7.744551897048950195e-01
0.000000000000000000e+00 0.000000000000000000e+00 0.000000000000000000e+00
1.733837738037109375e+02 6.501002197265625000e+02 8.768026232719421387e-01
0.000000000000000000e+00 0.000000000000000000e+00 0.000000000000000000e+00
2.467346954345703125e+02 6.866381225585937500e+02 8.906308412551879883e-01
4.351289062500000000e+02 1.708123779296875000e+03 7.586797475814819336e-01
4.771397399902343750e+02 1.708036132812500000e+03 6.800943017005920410e-01
5.716502685546875000e+02 1.608360229492187500e+03 7.925287485122680664e-01
5.191821899414062500e+02 1.487949462890625000e+03 9.242728352546691895e-02
0.000000000000000000e+00 0.000000000000000000e+00 0.000000000000000000e+00
5.347750244140625000e+02 1.430452392578125000e+03 7.630071640014648438e-01
