7.913738403320312500e+02 1.027247070312500000e+03 9.073255658149719238e-01
6.083171386718750000e+02 1.006113525390625000e+03 7.742978334426879883e-01
6.133795776367187500e+02 1.037537719726562500e+03 8.161037564277648926e-01
4.823468322753906250e+02 1.221003906250000000e+03 8.607413768768310547e-01
6.186502075195312500e+02 1.142385131835937500e+03 8.006430268287658691e-01
6.082117309570312500e+02 9.643464965820312500e+02 6.954516768455505371e-01
5.188939819335937500e+02 1.121411621093750000e+03 1.020038127899169922e-01
6.289874877929687500e+02 1.116179199218750000e+03 2.142485529184341431e-01
2.937745361328125000e+02 1.231277465820312500e+03 6.108785271644592285e-01
3.043450927734375000e+02 1.247182983398437500e+03 6.852181553840637207e-01
6.393457641601562500e+02 1.247235229492187500e+03 8.446635007858276367e-01
4.823874511718750000e+02 1.519315429687500000e+03 8.291178941726684570e-01
2.780243835449218750e+02 1.194902465820312500e+03 4.656870961189270020e-01
5.819367675781250000e+02 1.200065917968750000e+03 5.157591104507446289e-01
4.824855651855468750e+02 1.414709594726562500e+03 7.900666594505310059e-01
7.861427001953125000e+02 1.016481384277343750e+03 8.753957748413085938e-01
0.000000000000000000e+00 0.000000000000000000e+00 0.000000000000000000e+00
7.287453002929687500e+02 9.850568237304687500e+02 9.621983170509338379e-01
0.000000000000000000e+00 0.000000000000000000e+00 0.000000000000000000e+00
5.977163085937500000e+02 1.435541870117187500e+03 6.614080667495727539e-01
5.976713256835937500e+02 1.430332153320312500e+03 6.541954874992370605e-01
4.406732788085937500e+02 1.435510742187500000e+03 7.480535507202148438e-01
6.029864501953125000e+02 1.571794189453125000e+03 7.896830439567565918e-01
5.661268310546875000e+02 1.577149047851562500e+03 8.149101734161376953e-01
4.458012084960937500e+02 1.529993530273437500e+03 8.508057594299316406e-01
