7.757753906250000000e+02 7.075469970703125000e+02 9.009305238723754883e-01
6.133651123046875000e+02 8.490850219726562500e+02 7.348258495330810547e-01
5.924381103515625000e+02 8.490897827148437500e+02 7.513868808746337891e-01
4.770992736816406250e+02 1.142404663085937500e+03 8.914011716842651367e-01
5.610755615234375000e+02 9.432727050781250000e+02 7.951161265373229980e-01
6.499907836914062500e+02 8.489617309570312500e+02 7.173888683319091797e-01
6.133433227539062500e+02 1.021771728515625000e+03 7.649226486682891846e-02
0.000000000000000000e+00 0.000000000000000000e+00 0.000000000000000000e+00
4.142955322265625000e+02 1.194591796875000000e+03 6.243590116500854492e-01
3.620386657714843750e+02 1.215722900390625000e+03 6.308761239051818848e-01
7.180356445312500000e+02 1.398713500976562500e+03 8.415939807891845703e-01
5.138627319335937500e+02 1.655879272460937500e+03 8.332510590553283691e-01
4.665918273925781250e+02 1.168624633789062500e+03 5.011276602745056152e-01
6.815120239257812500e+02 1.236513305664062500e+03 8.718015551567077637e-01
5.191298828125000000e+02 1.482749511718750000e+03 8.478106260299682617e-01
7.598704833984375000e+02 6.863659667968750000e+02 8.623188138008117676e-01
7.706400146484375000e+02 6.863469848632812500e+02 8.810153603553771973e-02
6.709201660156250000e+02 6.918485717773437500e+02 7.391771078109741211e-01
0.000000000000000000e+00 0.000000000000000000e+00 0.000000000000000000e+00
5.713491210937500000e+02 1.514287475585937500e+03 1.599525213241577148e-01
5.609182128906250000e+02 1.488018676757812500e+03 1.376505047082901001e-01
4.824882812500000000e+02 1.498592285156250000e+03 8.623340129852294922e-01
6.342920532226562500e+02 1.734002929687500000e+03 7.242103815078735352e-01
5.974864501953125000e+02 1.739267089843750000e+03 7.430485486984252930e-01
4.769582824707031250e+02 1.671381713867187500e+03 8.157564997673034668e-01
