2.675136718750000000e+02 5.611394042968750000e+02 9.278421401977539062e-01
4.090674133300781250e+02 7.233748779296875000e+02 6.793425083160400391e-01
3.931123046875000000e+02 7.285925292968750000e+02 5.405356884002685547e-01
4.718139343261718750e+02 9.118734130859375000e+02 6.094214692711830139e-02
0.000000000000000000e+00 0.000000000000000000e+00 0.000000000000000000e+00
4.403707275390625000e+02 7.076668090820312500e+02 8.051751852035522461e-01
6.187050781250000000e+02 7.913704223632812500e+02 8.180395364761352539e-01
4.825119628906250000e+02 5.297092895507812500e+02 8.294490575790405273e-01
7.023366088867187500e+02 1.079519897460937500e+03 5.109992027282714844e-01
6.761976318359375000e+02 1.084725341796875000e+03 3.352346420288085938e-01
4.351229858398437500e+02 1.273339965820312500e+03 2.788705229759216309e-01
0.000000000000000000e+00 0.000000000000000000e+00 0.000000000000000000e+00
7.286756591796875000e+02 1.079609130859375000e+03 5.892812609672546387e-01
3.987464599609375000e+02 1.357149780273437500e+03 8.651834726333618164e-01
5.557065429687500000e+02 1.786528686523437500e+03 7.796571850776672363e-01
0.000000000000000000e+00 0.000000000000000000e+00 0.000000000000000000e+00
2.990646362304687500e+02 5.347738647460937500e+02 8.478514552116394043e-01
0.000000000000000000e+00 0.000000000000000000e+00 0.000000000000000000e+00
3.724507751464843750e+02 5.713396606445312500e+02 8.497627973556518555e-01
3.985377807617187500e+02 1.854632446289062500e+03 6.722201108932495117e-01
4.456956176757812500e+02 1.860012695312500000e+03 6.364213228225708008e-01
5.924528808593750000e+02 1.818155639648437500e+03 7.176548242568969727e-01
0.000000000000000000e+00 0.000000000000000000e+00 0.000000000000000000e+00
0.000000000000000000e+00 0.000000000000000000e+00 0.000000000000000000e+00
0.000000000000000000e+00 0.000000000000000000e+00 0.000000000000000000e+00
