9.460117340087890625e+01 8.700247802734375000e+02 8.463798165321350098e-01
3.094887390136718750e+02 9.434605102539062500e+02 7.022918462753295898e-01
3.095232543945312500e+02 9.067467651367187500e+02 5.156901478767395020e-01
0.000000000000000000e+00 0.000000000000000000e+00 0.000000000000000000e+00
0.000000000000000000e+00 0.000000000000000000e+00 0.000000000000000000e+00
3.146596984863281250e+02 9.800477294921875000e+02 7.895488142967224121e-01
4.353685913085937500e+02 1.157991333007812500e+03 9.046450257301330566e-01
2.203654937744140625e+02 1.063604370117187500e+03 8.666359782218933105e-01
6.081246948242187500e+02 1.205151367187500000e+03 4.595494568347930908e-01
5.976737060546875000e+02 1.189574340820312500e+03 2.747865021228790283e-01
3.513412170410156250e+02 1.278614868164062500e+03 1.517258435487747192e-01
0.000000000000000000e+00 0.000000000000000000e+00 0.000000000000000000e+00
6.238842773437500000e+02 1.231294677734375000e+03 6.542897820472717285e-01
3.202023010253906250e+02 1.346550659179687500e+03 8.177772164344787598e-01
5.348427124023437500e+02 1.540518066406250000e+03 7.586943507194519043e-01
0.000000000000000000e+00 0.000000000000000000e+00 0.000000000000000000e+00
1.104048690795898438e+02 8.542809448242187500e+02 8.921344876289367676e-01
0.000000000000000000e+00 0.000000000000000000e+00 0.000000000000000000e+00
1.892428131103515625e+02 8.909432983398437500e+02 8.827552795410156250e-01
4.403159484863281250e+02 1.666180908203125000e+03 7.515935301780700684e-01
4.822657165527343750e+02 1.661054443359375000e+03 6.711059212684631348e-01
5.819412841796875000e+02 1.556086303710937500e+03 7.379332780838012695e-01
0.000000000000000000e+00 0.000000000000000000e+00 0.000000000000000000e+00
0.000000000000000000e+00 0.000000000000000000e+00 0.000000000000000000e+00
0.000000000000000000e+00 0.000000000000000000e+00 0.000000000000000000e+00
