7.810017089843750000e+02 7.283291015625000000e+02 9.232538938522338867e-01
6.184915161132812500e+02 8.648228759765625000e+02 7.243743538856506348e-01
5.975798339843750000e+02 8.596588134765625000e+02 7.703640460968017578e-01
4.821821594238281250e+02 1.158139282226562500e+03 8.959464430809020996e-01
5.766317749023437500e+02 9.487181396484375000e+02 7.397878766059875488e-01
6.502200927734375000e+02 8.647263793945312500e+02 7.589034438133239746e-01
6.395057373046875000e+02 1.027170654296875000e+03 1.150510907173156738e-01
6.080226440429687500e+02 1.100360961914062500e+03 4.169729650020599365e-01
4.195621032714843750e+02 1.210454467773437500e+03 5.925074815750122070e-01
3.776744384765625000e+02 1.231575683593750000e+03 6.781224012374877930e-01
7.233672485351562500e+02 1.404057861328125000e+03 8.851237297058105469e-01
5.138984985351562500e+02 1.655706787109375000e+03 8.502102494239807129e-01
4.666018981933593750e+02 1.189510864257812500e+03 5.056596994400024414e-01
6.868566284179687500e+02 1.236433105468750000e+03 8.941245079040527344e-01
5.191162109375000000e+02 1.482746093750000000e+03 8.540623188018798828e-01
7.702118530273437500e+02 6.919553833007812500e+02 9.148905873298645020e-01
0.000000000000000000e+00 0.000000000000000000e+00 0.000000000000000000e+00
6.866082153320312500e+02 7.023930664062500000e+02 7.753506898880004883e-01
0.000000000000000000e+00 0.000000000000000000e+00 0.000000000000000000e+00
5.663543701171875000e+02 1.514265258789062500e+03 2.333533316850662231e-01
5.660595703125000000e+02 1.488174194335937500e+03 2.144050896167755127e-01
4.824862976074218750e+02 1.498449340820312500e+03 8.827162384986877441e-01
6.342024536132812500e+02 1.729004760742187500e+03 7.143182158470153809e-01
5.924462890625000000e+02 1.734268310546875000e+03 7.466832399368286133e-01
4.769977722167968750e+02 1.666094848632812500e+03 8.282114267349243164e-01
