1.053263244628906250e+02 8.751808471679687500e+02 8.864833712577819824e-01
3.461346435546875000e+02 8.963888549804687500e+02 7.815684676170349121e-01
3.567911987304687500e+02 8.597968750000000000e+02 7.080399990081787109e-01
5.136270751953125000e+02 9.329113159179687500e+02 7.373143434524536133e-01
4.824125366210937500e+02 9.327979736328125000e+02 6.899411231279373169e-02
3.200161743164062500e+02 9.328914184570312500e+02 7.991601228713989258e-01
5.085261230468750000e+02 1.095094848632812500e+03 8.428148627281188965e-01
2.781365051269531250e+02 1.021737487792968750e+03 9.023934602737426758e-01
6.133424682617187500e+02 1.205276977539062500e+03 4.831425547599792480e-01
6.132980346679687500e+02 1.194647094726562500e+03 3.120737373828887939e-01
3.672514343261718750e+02 1.278582885742187500e+03 1.477379053831100464e-01
0.000000000000000000e+00 0.000000000000000000e+00 0.000000000000000000e+00
6.237282714843750000e+02 1.231306030273437500e+03 6.463213562965393066e-01
3.200611267089843750e+02 1.351790405273437500e+03 8.216150999069213867e-01
5.296527709960937500e+02 1.540347656250000000e+03 7.919864654541015625e-01
0.000000000000000000e+00 0.000000000000000000e+00 0.000000000000000000e+00
1.261665115356445312e+02 8.541533203125000000e+02 8.759124279022216797e-01
0.000000000000000000e+00 0.000000000000000000e+00 0.000000000000000000e+00
1.996065673828125000e+02 8.593863525390625000e+02 8.769186139106750488e-01
4.351348876953125000e+02 1.655880126953125000e+03 7.968719601631164551e-01
4.770934753417968750e+02 1.655729248046875000e+03 7.547168135643005371e-01
5.715744628906250000e+02 1.545709960937500000e+03 7.952206730842590332e-01
0.000000000000000000e+00 0.000000000000000000e+00 0.000000000000000000e+00
0.000000000000000000e+00 0.000000000000000000e+00 0.000000000000000000e+00
0.000000000000000000e+00 0.000000000000000000e+00 0.000000000000000000e+00
