1.157597045898437500e+02 6.868982543945312500e+02 8.818611502647399902e-01
3.149367370605468750e+02 7.862075195312500000e+02 6.484775543212890625e-01
3.096451416015625000e+02 7.758471679687500000e+02 4.762603044509887695e-01
4.457295532226562500e+02 8.594407958984375000e+02 6.800538301467895508e-02
0.000000000000000000e+00 0.000000000000000000e+00 0.000000000000000000e+00
3.305757141113281250e+02 7.967261962890625000e+02 7.432523369789123535e-01
5.084333190917968750e+02 9.748345947265625000e+02 8.569706678390502930e-01
2.885185241699218750e+02 8.598029174804687500e+02 8.385127186775207520e-01
5.662896728515625000e+02 1.121427978515625000e+03 5.982068181037902832e-01
5.294813232421875000e+02 1.110806396484375000e+03 4.707888662815093994e-01
3.150256347656250000e+02 1.158235473632812500e+03 8.254110217094421387e-01
4.876298217773437500e+02 1.435576904296875000e+03 7.760832309722900391e-01
6.079577026367187500e+02 1.147385009765625000e+03 6.774314641952514648e-01
3.252504272460937500e+02 1.372773071289062500e+03 8.177536725997924805e-01
5.190481567382812500e+02 1.608585937500000000e+03 8.452664613723754883e-01
0.000000000000000000e+00 0.000000000000000000e+00 0.000000000000000000e+00
1.421051330566406250e+02 6.709302978515625000e+02 8.726207017898559570e-01
0.000000000000000000e+00 0.000000000000000000e+00 0.000000000000000000e+00
2.257161254882812500e+02 6.970672607421875000e+02 9.057878851890563965e-01
4.090286865234375000e+02 1.728783203125000000e+03 7.873312234878540039e-01
4.614478454589843750e+02 1.723721313476562500e+03 6.921150684356689453e-01
5.609046020507812500e+02 1.613852539062500000e+03 8.172248601913452148e-01
4.929124145507812500e+02 1.482822265625000000e+03 1.648516803979873657e-01
0.000000000000000000e+00 0.000000000000000000e+00 0.000000000000000000e+00
5.191939697265625000e+02 1.446096923828125000e+03 8.628851175308227539e-01
