1.157784881591796875e+02 7.335688476562500000e+02 8.953538537025451660e-01
3.096289978027343750e+02 8.281302490234375000e+02 6.034463644027709961e-01
2.885528564453125000e+02 8.229273681640625000e+02 4.383322894573211670e-01
0.000000000000000000e+00 0.000000000000000000e+00 0.000000000000000000e+00
0.000000000000000000e+00 0.000000000000000000e+00 0.000000000000000000e+00
3.357086791992187500e+02 8.437583007812500000e+02 7.515920996665954590e-01
4.718349914550781250e+02 1.021984741210937500e+03 9.273989200592041016e-01
2.466740570068359375e+02 9.016408081054687500e+02 8.367395997047424316e-01
6.027221069335937500e+02 1.137112182617187500e+03 5.657583475112915039e-01
5.661915283203125000e+02 1.110986206054687500e+03 4.051432013511657715e-01
3.356241455078125000e+02 1.147300537109375000e+03 7.955522537231445312e-01
5.084876403808593750e+02 1.388387817382812500e+03 7.459444999694824219e-01
6.186651611328125000e+02 1.152842407226562500e+03 6.587166786193847656e-01
3.251778259277343750e+02 1.325784179687500000e+03 8.214436769485473633e-01
5.295877685546875000e+02 1.561375854492187500e+03 8.004836440086364746e-01
0.000000000000000000e+00 0.000000000000000000e+00 0.000000000000000000e+00
1.420868988037109375e+02 7.180866699218750000e+02 8.988635540008544922e-01
0.000000000000000000e+00 0.000000000000000000e+00 0.000000000000000000e+00
2.257292480468750000e+02 7.442525024414062500e+02 8.773404359817504883e-01
4.351721496582031250e+02 1.676604370117187500e+03 7.818054556846618652e-01
4.771322937011718750e+02 1.676526611328125000e+03 6.862176060676574707e-01
5.714476928710937500e+02 1.566641845703125000e+03 8.068959712982177734e-01
5.138712768554687500e+02 1.404356201171875000e+03 2.111719101667404175e-01
0.000000000000000000e+00 0.000000000000000000e+00 0.000000000000000000e+00
5.294514160156250000e+02 1.399041992187500000e+03 8.183686733245849609e-01
