1.105856399536132812e+02 6.448350830078125000e+02 9.027805924415588379e-01
3.147998657226562500e+02 7.391775512695312500e+02 6.600281596183776855e-01
3.042416381835937500e+02 7.338084106445312500e+02 4.730224907398223877e-01
0.000000000000000000e+00 0.000000000000000000e+00 0.000000000000000000e+00
0.000000000000000000e+00 0.000000000000000000e+00 0.000000000000000000e+00
3.305187988281250000e+02 7.547064819335937500e+02 7.639181017875671387e-01
4.928519592285156250e+02 9.430826416015625000e+02 9.057351946830749512e-01
2.781577453613281250e+02 8.332589721679687500e+02 8.344107270240783691e-01
5.871921386718750000e+02 1.069184204101562500e+03 6.139607429504394531e-01
5.608371582031250000e+02 1.063791503906250000e+03 4.772043824195861816e-01
3.305986938476562500e+02 1.121357543945312500e+03 7.936674356460571289e-01
5.033081665039062500e+02 1.378143066406250000e+03 7.694860696792602539e-01
6.132467041015625000e+02 1.089928588867187500e+03 6.623378992080688477e-01
3.410386352539062500e+02 1.315424194335937500e+03 8.835266828536987305e-01
5.296321411132812500e+02 1.566466796875000000e+03 8.196809291839599609e-01
0.000000000000000000e+00 0.000000000000000000e+00 0.000000000000000000e+00
1.419223175048828125e+02 6.186608276367187500e+02 8.882401585578918457e-01
0.000000000000000000e+00 0.000000000000000000e+00 0.000000000000000000e+00
2.254607543945312500e+02 6.501672363281250000e+02 9.216762185096740723e-01
4.351037292480468750e+02 1.686898803710937500e+03 7.940106391906738281e-01
4.771050109863281250e+02 1.686901000976562500e+03 7.012418508529663086e-01
5.714861450195312500e+02 1.566812866210937500e+03 8.001849651336669922e-01
5.085430297851562500e+02 1.435637207031250000e+03 1.261176764965057373e-01
5.242188720703125000e+02 1.425080078125000000e+03 1.313129067420959473e-01
5.294496459960937500e+02 1.398881225585937500e+03 8.296515941619873047e-01
