1.366641693115234375e+02 6.500538330078125000e+02 9.152862429618835449e-01
3.200237121582031250e+02 7.496139526367187500e+02 6.064168214797973633e-01
3.094482421875000000e+02 7.495203857421875000e+02 4.437611997127532959e-01
0.000000000000000000e+00 0.000000000000000000e+00 0.000000000000000000e+00
0.000000000000000000e+00 0.000000000000000000e+00 0.000000000000000000e+00
3.512219238281250000e+02 7.547100830078125000e+02 7.542187571525573730e-01
5.190073242187500000e+02 9.276757812500000000e+02 8.706079721450805664e-01
3.043138427734375000e+02 8.176623535156250000e+02 8.906593322753906250e-01
5.663320922851562500e+02 1.100451171875000000e+03 6.011105775833129883e-01
5.242690429687500000e+02 1.079560913085937500e+03 4.447774291038513184e-01
3.304517211914062500e+02 1.152875854492187500e+03 8.319858312606811523e-01
4.929068603515625000e+02 1.430518432617187500e+03 7.685449719429016113e-01
6.081922607421875000e+02 1.110944946289062500e+03 6.685464382171630859e-01
3.409286193847656250e+02 1.362263183593750000e+03 8.718134164810180664e-01
5.190949707031250000e+02 1.608638916015625000e+03 8.667060136795043945e-01
0.000000000000000000e+00 0.000000000000000000e+00 0.000000000000000000e+00
1.575964355468750000e+02 6.343229980468750000e+02 8.484599590301513672e-01
0.000000000000000000e+00 0.000000000000000000e+00 0.000000000000000000e+00
2.361068115234375000e+02 6.554451904296875000e+02 8.450135588645935059e-01
4.090886535644531250e+02 1.723786376953125000e+03 7.669274806976318359e-01
4.614815063476562500e+02 1.723661499023437500e+03 6.920506954193115234e-01
5.608353881835937500e+02 1.614005371093750000e+03 7.878525257110595703e-01
5.085713195800781250e+02 1.482682373046875000e+03 2.343755066394805908e-01
0.000000000000000000e+00 0.000000000000000000e+00 0.000000000000000000e+00
5.192014160156250000e+02 1.441115112304687500e+03 8.374476432800292969e-01
