2.308137054443359375e+02 6.237954101562500000e+02 8.805717825889587402e-01
3.984874877929687500e+02 7.702918090820312500e+02 6.888622641563415527e-01
3.618609619140625000e+02 7.758931274414062500e+02 4.729455709457397461e-01
4.771669006347656250e+02 9.484998168945312500e+02 5.578512325882911682e-02
3.984632873535156250e+02 9.855022583007812500e+02 1.274633556604385376e-01
4.353888854980468750e+02 7.494793090820312500e+02 7.887541055679321289e-01
6.083536987304687500e+02 8.593289184570312500e+02 9.190773367881774902e-01
4.666202392578125000e+02 6.238150024414062500e+02 7.921862006187438965e-01
7.232949218750000000e+02 1.100511108398437500e+03 5.123035907745361328e-01
6.709718627929687500e+02 1.105594726562500000e+03 3.622524142265319824e-01
4.142626953125000000e+02 1.288984375000000000e+03 2.707848846912384033e-01
5.241790161132812500e+02 1.640023559570312500e+03 2.680019140243530273e-01
7.651353759765625000e+02 1.105469970703125000e+03 6.161714196205139160e-01
4.090644226074218750e+02 1.351809570312500000e+03 7.985669970512390137e-01
5.555610351562500000e+02 1.786542602539062500e+03 7.518209815025329590e-01
0.000000000000000000e+00 0.000000000000000000e+00 0.000000000000000000e+00
2.624748840332031250e+02 6.025406494140625000e+02 9.048908352851867676e-01
0.000000000000000000e+00 0.000000000000000000e+00 0.000000000000000000e+00
3.514581909179687500e+02 6.083668823242187500e+02 8.805091977119445801e-01
3.987307739257812500e+02 1.854605102539062500e+03 6.788620352745056152e-01
4.457989196777343750e+02 1.859937622070312500e+03 6.476484537124633789e-01
5.923192749023437500e+02 1.818228881835937500e+03 6.865227818489074707e-01
3.986222534179687500e+02 1.660881591796875000e+03 4.892270565032958984e-01
4.091416015625000000e+02 1.655620483398437500e+03 4.346951246261596680e-01
5.767118530273437500e+02 1.645068603515625000e+03 1.291971355676651001e-01
