8.805421752929687500e+02 3.147063903808593750e+02 7.832789421081542969e-01
6.029420166015625000e+02 4.352450256347656250e+02 5.871403813362121582e-01
5.662028808593750000e+02 4.403650817871093750e+02 5.678315162658691406e-01
3.201173095703125000e+02 6.029768066406250000e+02 7.890115380287170410e-01
5.295912475585937500e+02 3.512062988281250000e+02 8.062486648559570312e-01
6.552942504882812500e+02 4.352958679199218750e+02 4.387424886226654053e-01
0.000000000000000000e+00 0.000000000000000000e+00 0.000000000000000000e+00
0.000000000000000000e+00 0.000000000000000000e+00 0.000000000000000000e+00
3.932365722656250000e+02 8.856256713867187500e+02 5.009557604789733887e-01
3.200870056152343750e+02 9.013095703125000000e+02 5.095483064651489258e-01
6.814336547851562500e+02 1.105631469726562500e+03 8.135304450988769531e-01
4.353183898925781250e+02 1.535239868164062500e+03 7.295280694961547852e-01
4.666272888183593750e+02 8.595711669921875000e+02 4.177379310131072998e-01
7.598640747070312500e+02 9.904350585937500000e+02 7.774180769920349121e-01
0.000000000000000000e+00 0.000000000000000000e+00 0.000000000000000000e+00
8.597710571289062500e+02 2.673493652343750000e+02 8.388932347297668457e-01
0.000000000000000000e+00 0.000000000000000000e+00 0.000000000000000000e+00
7.389876708984375000e+02 2.310747985839843750e+02 8.925493955612182617e-01
0.000000000000000000e+00 0.000000000000000000e+00 0.000000000000000000e+00
0.000000000000000000e+00 0.000000000000000000e+00 0.000000000000000000e+00
0.000000000000000000e+00 0.000000000000000000e+00 0.000000000000000000e+00
0.000000000000000000e+00 0.000000000000000000e+00 0.000000000000000000e+00
5.294550170898437500e+02 1.655845947265625000e+03 6.272122859954833984e-01
4.771811218261718750e+02 1.655584472656250000e+03 5.556336045265197754e-01
3.881207275390625000e+02 1.561239257812500000e+03 6.118590235710144043e-01
