2.258793945312500000e+02 7.758688354492187500e+02 9.330016374588012695e-01
3.933642272949218750e+02 9.012636108398437500e+02 7.159467935562133789e-01
3.933020324707031250e+02 8.857404785156250000e+02 5.499151349067687988e-01
0.000000000000000000e+00 0.000000000000000000e+00 0.000000000000000000e+00
0.000000000000000000e+00 0.000000000000000000e+00 0.000000000000000000e+00
3.934219970703125000e+02 9.118148193359375000e+02 8.432897329330444336e-01
4.091976623535156250e+02 1.152690185546875000e+03 8.885493874549865723e-01
3.149891357421875000e+02 9.434718627929687500e+02 8.856075406074523926e-01
5.715399780273437500e+02 1.231300537109375000e+03 6.250151991844177246e-01
5.766948242187500000e+02 1.200054809570312500e+03 4.690870344638824463e-01
3.462907714843750000e+02 1.315086181640625000e+03 9.042960405349731445e-01
4.771910095214843750e+02 1.535209472656250000e+03 8.360013961791992188e-01
5.715162353515625000e+02 1.257524658203125000e+03 6.263572573661804199e-01
3.149817199707031250e+02 1.482890625000000000e+03 9.304904937744140625e-01
4.878277282714843750e+02 1.692062988281250000e+03 8.191153407096862793e-01
0.000000000000000000e+00 0.000000000000000000e+00 0.000000000000000000e+00
2.519294586181640625e+02 7.650905761718750000e+02 8.607282638549804688e-01
0.000000000000000000e+00 0.000000000000000000e+00 0.000000000000000000e+00
3.304643249511718750e+02 7.757534790039062500e+02 9.054278731346130371e-01
3.777031250000000000e+02 1.749985229492187500e+03 7.597017884254455566e-01
4.142364196777343750e+02 1.765537719726562500e+03 7.546382546424865723e-01
5.244586181640625000e+02 1.697381591796875000e+03 9.052236676216125488e-01
4.404348754882812500e+02 1.598069946289062500e+03 8.327586948871612549e-02
4.405055236816406250e+02 1.603283081054687500e+03 7.144809514284133911e-02
5.136441650390625000e+02 1.561457519531250000e+03 8.710846304893493652e-01
