6.364847946166992188e+01 8.647902221679687500e+02 8.829261660575866699e-01
2.989808349609375000e+02 9.381162109375000000e+02 6.665704250335693359e-01
3.093638305664062500e+02 9.016662597656250000e+02 5.387637615203857422e-01
0.000000000000000000e+00 0.000000000000000000e+00 0.000000000000000000e+00
0.000000000000000000e+00 0.000000000000000000e+00 0.000000000000000000e+00
2.938853454589843750e+02 9.642955322265625000e+02 7.370819449424743652e-01
3.987947692871093750e+02 1.152646728515625000e+03 9.167755246162414551e-01
1.889463348388671875e+02 1.053378662109375000e+03 8.817480802536010742e-01
6.133187255859375000e+02 1.194800659179687500e+03 4.988301098346710205e-01
6.185749511718750000e+02 1.184179687500000000e+03 3.065374493598937988e-01
3.724088439941406250e+02 1.241814575195312500e+03 2.850260436534881592e-01
5.085318908691406250e+02 1.372891479492187500e+03 3.525905013084411621e-01
6.134535522460937500e+02 1.220882324218750000e+03 6.329888105392456055e-01
3.148867187500000000e+02 1.346530883789062500e+03 8.405178785324096680e-01
5.348113403320312500e+02 1.535115356445312500e+03 7.862204909324645996e-01
0.000000000000000000e+00 0.000000000000000000e+00 0.000000000000000000e+00
9.978911590576171875e+01 8.539873046875000000e+02 9.039511680603027344e-01
0.000000000000000000e+00 0.000000000000000000e+00 0.000000000000000000e+00
1.733263092041015625e+02 8.752604370117187500e+02 8.273853063583374023e-01
4.353196716308593750e+02 1.655917724609375000e+03 7.853718996047973633e-01
4.772492980957031250e+02 1.655746093750000000e+03 7.009550929069519043e-01
5.767283325195312500e+02 1.540379760742187500e+03 7.555217742919921875e-01
5.242847900390625000e+02 1.404314208984375000e+03 1.662678271532058716e-01
5.244970703125000000e+02 1.404109252929687500e+03 1.712353080511093140e-01
5.295438232421875000e+02 1.383321411132812500e+03 3.285975754261016846e-01
