1.473153381347656250e+02 6.501019897460937500e+02 9.211312532424926758e-01
3.515996398925781250e+02 7.494331054687500000e+02 6.862586140632629395e-01
3.567360839843750000e+02 7.337077026367187500e+02 5.712535977363586426e-01
4.771239624023437500e+02 8.174673461914062500e+02 6.394383311271667480e-02
0.000000000000000000e+00 0.000000000000000000e+00 0.000000000000000000e+00
3.515763854980468750e+02 7.652512207031250000e+02 8.334384560585021973e-01
5.297175903320312500e+02 9.432585449218750000e+02 8.946152925491333008e-01
3.147642822265625000e+02 8.540035400390625000e+02 9.121810197830200195e-01
6.082331542968750000e+02 1.074331054687500000e+03 6.105112433433532715e-01
5.715126342773437500e+02 1.068863891601562500e+03 4.733798205852508545e-01
3.569123229980468750e+02 1.126654052734375000e+03 8.145294189453125000e-01
5.242037353515625000e+02 1.399000244140625000e+03 8.134483098983764648e-01
6.447941894531250000e+02 1.095248779296875000e+03 6.585409641265869141e-01
3.620044555664062500e+02 1.320607910156250000e+03 8.703694343566894531e-01
5.556762695312500000e+02 1.571685668945312500e+03 8.554318547248840332e-01
0.000000000000000000e+00 0.000000000000000000e+00 0.000000000000000000e+00
1.786545410156250000e+02 6.342304687500000000e+02 8.705620169639587402e-01
0.000000000000000000e+00 0.000000000000000000e+00 0.000000000000000000e+00
2.622312622070312500e+02 6.657002563476562500e+02 8.463330864906311035e-01
4.404313354492187500e+02 1.686890014648437500e+03 7.579805850982666016e-01
4.876608886718750000e+02 1.681921020507812500e+03 6.706425547599792480e-01
5.924105834960937500e+02 1.577080810546875000e+03 7.791247963905334473e-01
5.294494018554687500e+02 1.440887329101562500e+03 1.328446120023727417e-01
0.000000000000000000e+00 0.000000000000000000e+00 0.000000000000000000e+00
5.556222534179687500e+02 1.409396362304687500e+03 7.709241509437561035e-01
