7.758545532226562500e+02 7.023588256835937500e+02 9.049393534660339355e-01
6.132443847656250000e+02 8.543323974609375000e+02 7.662534117698669434e-01
5.872167358398437500e+02 8.491139526367187500e+02 7.568926811218261719e-01
4.823746948242187500e+02 1.147591552734375000e+03 9.104980230331420898e-01
5.664443359375000000e+02 9.379326782226562500e+02 7.603079676628112793e-01
6.498813476562500000e+02 8.544447021484375000e+02 7.601206302642822266e-01
6.342119140625000000e+02 1.021851684570312500e+03 6.538351625204086304e-02
0.000000000000000000e+00 0.000000000000000000e+00 0.000000000000000000e+00
4.143009948730468750e+02 1.194750854492187500e+03 6.158359050750732422e-01
3.723182983398437500e+02 1.220911987304687500e+03 6.197102665901184082e-01
7.181515502929687500e+02 1.398971069335937500e+03 8.583871126174926758e-01
5.188162231445312500e+02 1.655874755859375000e+03 8.492459654808044434e-01
4.614479064941406250e+02 1.179066528320312500e+03 4.974251389503479004e-01
6.864024047851562500e+02 1.231634277343750000e+03 8.799703121185302734e-01
5.190048828125000000e+02 1.482850341796875000e+03 8.565760254859924316e-01
7.600277709960937500e+02 6.814441528320312500e+02 8.641063570976257324e-01
0.000000000000000000e+00 0.000000000000000000e+00 0.000000000000000000e+00
6.812769165039062500e+02 6.919357910156250000e+02 7.394674420356750488e-01
0.000000000000000000e+00 0.000000000000000000e+00 0.000000000000000000e+00
5.661766357421875000e+02 1.514265991210937500e+03 1.628261357545852661e-01
5.557323608398437500e+02 1.487980346679687500e+03 1.414584815502166748e-01
4.823986816406250000e+02 1.503682128906250000e+03 8.919352889060974121e-01
6.447369995117187500e+02 1.729074951171875000e+03 7.382580637931823730e-01
6.028209228515625000e+02 1.739276977539062500e+03 7.630499601364135742e-01
4.770378417968750000e+02 1.666279785156250000e+03 8.175136446952819824e-01
