7.335701293945312500e+02 8.962338256835937500e+02 9.482426643371582031e-01
5.713420410156250000e+02 9.800248413085937500e+02 8.440088033676147461e-01
5.714442138671875000e+02 1.021666259765625000e+03 7.993334531784057617e-01
4.821769409179687500e+02 1.158159423828125000e+03 8.035513758659362793e-01
5.819433593750000000e+02 1.147649414062500000e+03 8.457415103912353516e-01
5.660885009765625000e+02 9.382048950195312500e+02 6.895321607589721680e-01
0.000000000000000000e+00 0.000000000000000000e+00 0.000000000000000000e+00
0.000000000000000000e+00 0.000000000000000000e+00 0.000000000000000000e+00
3.934704284667968750e+02 1.268141235351562500e+03 7.159068584442138672e-01
3.671179504394531250e+02 1.288967285156250000e+03 7.149591445922851562e-01
6.081887207031250000e+02 1.404144653320312500e+03 9.156987667083740234e-01
4.981102294921875000e+02 1.613827514648437500e+03 8.202476501464843750e-01
4.247493286132812500e+02 1.236631713867187500e+03 5.680177211761474609e-01
6.028148193359375000e+02 1.320271850585937500e+03 8.913034796714782715e-01
4.981224060058593750e+02 1.524776611328125000e+03 8.277212977409362793e-01
7.179586791992187500e+02 8.803768920898437500e+02 8.354880213737487793e-01
0.000000000000000000e+00 0.000000000000000000e+00 0.000000000000000000e+00
6.448861694335937500e+02 9.013195800781250000e+02 9.985514879226684570e-01
0.000000000000000000e+00 0.000000000000000000e+00 0.000000000000000000e+00
6.081225585937500000e+02 1.540398193359375000e+03 8.324449658393859863e-01
6.028265380859375000e+02 1.530156860351562500e+03 8.278846144676208496e-01
4.719061584472656250e+02 1.535208251953125000e+03 9.193776845932006836e-01
6.081871948242187500e+02 1.655541259765625000e+03 7.742732763290405273e-01
5.820040893554687500e+02 1.661075317382812500e+03 7.448311448097229004e-01
4.768556213378906250e+02 1.624215576171875000e+03 8.457016944885253906e-01
