7.863016357421875000e+02 9.851906127929687500e+02 8.497036695480346680e-01
6.083300170898437500e+02 1.100397705078125000e+03 7.718427777290344238e-01
5.713613891601562500e+02 1.100291137695312500e+03 7.840576171875000000e-01
4.717683410644531250e+02 1.320585815429687500e+03 8.671047687530517578e-01
6.027114868164062500e+02 1.152623901367187500e+03 8.754534125328063965e-01
6.501865844726562500e+02 1.105446044921875000e+03 6.922988891601562500e-01
0.000000000000000000e+00 0.000000000000000000e+00 0.000000000000000000e+00
0.000000000000000000e+00 0.000000000000000000e+00 0.000000000000000000e+00
4.299575805664062500e+02 1.472362060546875000e+03 5.528768301010131836e-01
3.931536560058593750e+02 1.493437622070312500e+03 6.316822171211242676e-01
7.287595214843750000e+02 1.503817504882812500e+03 8.243289589881896973e-01
5.607493286132812500e+02 1.781649658203125000e+03 8.000074028968811035e-01
4.771665954589843750e+02 1.440820068359375000e+03 4.680976271629333496e-01
7.076280517578125000e+02 1.435535888671875000e+03 7.512536644935607910e-01
5.244294433593750000e+02 1.692257690429687500e+03 7.765079140663146973e-01
7.755824584960937500e+02 9.539082031250000000e+02 8.687178492546081543e-01
0.000000000000000000e+00 0.000000000000000000e+00 0.000000000000000000e+00
6.868620605468750000e+02 9.748297729492187500e+02 8.975009918212890625e-01
0.000000000000000000e+00 0.000000000000000000e+00 0.000000000000000000e+00
6.238376464843750000e+02 1.723765625000000000e+03 8.917285501956939697e-02
0.000000000000000000e+00 0.000000000000000000e+00 0.000000000000000000e+00
4.875931396484375000e+02 1.702711791992187500e+03 7.106009721755981445e-01
6.919906005859375000e+02 1.844174804687500000e+03 6.735852360725402832e-01
6.552031250000000000e+02 1.859800292968750000e+03 6.994342803955078125e-01
5.187849731445312500e+02 1.812693115234375000e+03 8.123368024826049805e-01
