8.488814697265625000e+02 5.608088378906250000e+02 9.225752949714660645e-01
6.447819824218750000e+02 6.919895019531250000e+02 7.037826776504516602e-01
6.133032836914062500e+02 7.023420410156250000e+02 7.472611665725708008e-01
4.770584716796875000e+02 9.486604614257812500e+02 8.644832372665405273e-01
6.444691772460937500e+02 7.651823730468750000e+02 8.403041362762451172e-01
6.814663696289062500e+02 6.917433471679687500e+02 6.085919737815856934e-01
6.448184814453125000e+02 8.909107666015625000e+02 1.033769696950912476e-01
0.000000000000000000e+00 0.000000000000000000e+00 0.000000000000000000e+00
3.513480224609375000e+02 9.851264648437500000e+02 5.988945364952087402e-01
3.042128295898437500e+02 9.905223999023437500e+02 6.152799129486083984e-01
5.976931152343750000e+02 1.262757202148437500e+03 8.034713864326477051e-01
4.875359497070312500e+02 1.587491088867187500e+03 7.979542613029479980e-01
3.986279296875000000e+02 9.748324584960937500e+02 5.097490549087524414e-01
5.974788208007812500e+02 1.121465209960937500e+03 8.050829768180847168e-01
5.085393676757812500e+02 1.404125854492187500e+03 7.774509787559509277e-01
8.175107421875000000e+02 5.243475341796875000e+02 9.325971603393554688e-01
0.000000000000000000e+00 0.000000000000000000e+00 0.000000000000000000e+00
7.336596679687500000e+02 5.451720581054687500e+02 6.943734884262084961e-01
0.000000000000000000e+00 0.000000000000000000e+00 0.000000000000000000e+00
6.081108398437500000e+02 1.435520019531250000e+03 4.821777939796447754e-01
6.080427246093750000e+02 1.425193115234375000e+03 4.873453378677368164e-01
4.615061950683593750e+02 1.430497192382812500e+03 6.397147774696350098e-01
6.290681762695312500e+02 1.650624877929687500e+03 7.931162118911743164e-01
5.819011840820312500e+02 1.660896484375000000e+03 7.376071810722351074e-01
4.509927062988281250e+02 1.608643920898437500e+03 7.452717423439025879e-01
