7.336829833984375000e+02 8.961419067382812500e+02 9.447292089462280273e-01
5.715480346679687500e+02 9.800597534179687500e+02 8.304622173309326172e-01
5.766065673828125000e+02 1.016518615722656250e+03 7.716717720031738281e-01
4.772582397460937500e+02 1.163218017578125000e+03 8.121571540832519531e-01
5.819082031250000000e+02 1.147592895507812500e+03 8.494604229927062988e-01
5.663126220703125000e+02 9.432409057617187500e+02 6.807880401611328125e-01
4.825417785644531250e+02 9.851380615234375000e+02 5.894289538264274597e-02
0.000000000000000000e+00 0.000000000000000000e+00 0.000000000000000000e+00
3.934799194335937500e+02 1.268058471679687500e+03 7.205111980438232422e-01
3.670948181152343750e+02 1.283825561523437500e+03 7.357087135314941406e-01
6.081932983398437500e+02 1.404148193359375000e+03 9.129263758659362793e-01
4.980652770996093750e+02 1.613830810546875000e+03 8.224158883094787598e-01
4.247993469238281250e+02 1.236652832031250000e+03 5.744529962539672852e-01
6.027936401367187500e+02 1.320245727539062500e+03 8.967136740684509277e-01
4.981302795410156250e+02 1.524768798828125000e+03 8.245950341224670410e-01
7.231248168945312500e+02 8.700382690429687500e+02 8.537369370460510254e-01
0.000000000000000000e+00 0.000000000000000000e+00 0.000000000000000000e+00
6.448186645507812500e+02 9.011757812500000000e+02 9.953458905220031738e-01
0.000000000000000000e+00 0.000000000000000000e+00 0.000000000000000000e+00
6.081489257812500000e+02 1.540456420898437500e+03 8.259199261665344238e-01
6.028348388671875000e+02 1.530196044921875000e+03 8.222607970237731934e-01
4.719142761230468750e+02 1.535210327148437500e+03 9.133397340774536133e-01
6.080837402343750000e+02 1.655480224609375000e+03 7.741517424583435059e-01
5.818741455078125000e+02 1.661033813476562500e+03 7.461616992950439453e-01
4.768173828125000000e+02 1.624203002929687500e+03 8.444902896881103516e-01
