8.699833374023437500e+02 3.304534606933593750e+02 7.858546972274780273e-01
6.080404052734375000e+02 4.561480102539062500e+02 5.862621068954467773e-01
5.609400024414062500e+02 4.457599487304687500e+02 6.112370491027832031e-01
3.199568481445312500e+02 6.343304443359375000e+02 7.757005095481872559e-01
5.244182128906250000e+02 3.618191528320312500e+02 8.146841526031494141e-01
6.709099731445312500e+02 4.615049133300781250e+02 4.526496827602386475e-01
0.000000000000000000e+00 0.000000000000000000e+00 0.000000000000000000e+00
0.000000000000000000e+00 0.000000000000000000e+00 0.000000000000000000e+00
3.880092773437500000e+02 9.014179687500000000e+02 5.336850285530090332e-01
3.149046325683593750e+02 9.276571044921875000e+02 5.276551246643066406e-01
6.919849853515625000e+02 1.110796875000000000e+03 8.519940972328186035e-01
4.354256591796875000e+02 1.535334838867187500e+03 7.500900626182556152e-01
4.613817749023437500e+02 8.805083618164062500e+02 4.049643576145172119e-01
7.702625122070312500e+02 1.000962341308593750e+03 7.805277705192565918e-01
6.079759521484375000e+02 1.173777465820312500e+03 1.099231317639350891e-01
8.593204345703125000e+02 2.780249023437500000e+02 8.862883448600769043e-01
0.000000000000000000e+00 0.000000000000000000e+00 0.000000000000000000e+00
7.390867919921875000e+02 2.519827880859375000e+02 8.389439582824707031e-01
0.000000000000000000e+00 0.000000000000000000e+00 0.000000000000000000e+00
0.000000000000000000e+00 0.000000000000000000e+00 0.000000000000000000e+00
0.000000000000000000e+00 0.000000000000000000e+00 0.000000000000000000e+00
0.000000000000000000e+00 0.000000000000000000e+00 0.000000000000000000e+00
5.399429931640625000e+02 1.671444580078125000e+03 6.270551085472106934e-01
4.876211853027343750e+02 1.661082519531250000e+03 5.475621819496154785e-01
3.931973266601562500e+02 1.561216552734375000e+03 6.712519526481628418e-01
