9.016629028320312500e+02 1.147536254882812500e+03 9.143316745758056641e-01
6.709099121093750000e+02 1.226071166992187500e+03 6.737455129623413086e-01
6.865371704101562500e+02 1.236636108398437500e+03 8.409249186515808105e-01
6.028176879882812500e+02 1.509053466796875000e+03 8.190085887908935547e-01
7.758942260742187500e+02 1.299534667968750000e+03 8.302224874496459961e-01
6.500042114257812500e+02 1.194593872070312500e+03 5.905300378799438477e-01
0.000000000000000000e+00 0.000000000000000000e+00 0.000000000000000000e+00
0.000000000000000000e+00 0.000000000000000000e+00 0.000000000000000000e+00
3.828529357910156250e+02 1.571809936523437500e+03 4.911420941352844238e-01
3.620222473144531250e+02 1.592842163085937500e+03 6.010710597038269043e-01
7.023415527343750000e+02 1.582349487304687500e+03 7.268660664558410645e-01
5.347788085937500000e+02 1.912371215820312500e+03 5.228036642074584961e-01
3.881434326171875000e+02 1.556097045898437500e+03 3.337297737598419189e-01
7.231668090820312500e+02 1.571896606445312500e+03 1.865753829479217529e-01
5.296738891601562500e+02 1.818180419921875000e+03 2.995283901691436768e-01
8.909731445312500000e+02 1.110845458984375000e+03 9.381223917007446289e-01
0.000000000000000000e+00 0.000000000000000000e+00 0.000000000000000000e+00
8.018756103515625000e+02 1.121314575195312500e+03 8.520749211311340332e-01
0.000000000000000000e+00 0.000000000000000000e+00 0.000000000000000000e+00
6.709985961914062500e+02 1.838975097656250000e+03 8.168396353721618652e-02
0.000000000000000000e+00 0.000000000000000000e+00 0.000000000000000000e+00
4.826679382324218750e+02 1.823152099609375000e+03 2.816478908061981201e-01
6.395142822265625000e+02 1.865613769531250000e+03 1.039821654558181763e-01
5.452910766601562500e+02 1.912473876953125000e+03 1.664155125617980957e-01
5.189705200195312500e+02 1.912397216796875000e+03 3.588488101959228516e-01
