1.158344802856445312e+02 6.864047241210937500e+02 8.853687644004821777e-01
3.199203186035156250e+02 7.759262084960937500e+02 6.496180891990661621e-01
3.146709594726562500e+02 7.755906982421875000e+02 4.934712350368499756e-01
0.000000000000000000e+00 0.000000000000000000e+00 0.000000000000000000e+00
0.000000000000000000e+00 0.000000000000000000e+00 0.000000000000000000e+00
3.356951904296875000e+02 7.811041259765625000e+02 7.300996184349060059e-01
5.086281127929687500e+02 9.591153564453125000e+02 8.301148414611816406e-01
2.938291625976562500e+02 8.544952392578125000e+02 8.634282350540161133e-01
5.663319702148437500e+02 1.116135620117187500e+03 6.074942350387573242e-01
5.294981079101562500e+02 1.105744506835937500e+03 4.784929454326629639e-01
3.199832763671875000e+02 1.158185302734375000e+03 8.249047398567199707e-01
4.824827270507812500e+02 1.425198364257812500e+03 7.809065580368041992e-01
6.080289916992187500e+02 1.137105957031250000e+03 6.526862978935241699e-01
3.305462646484375000e+02 1.367689819335937500e+03 8.212472796440124512e-01
5.191274414062500000e+02 1.608519409179687500e+03 8.435894846916198730e-01
0.000000000000000000e+00 0.000000000000000000e+00 0.000000000000000000e+00
1.469978637695312500e+02 6.554251098632812500e+02 8.959988951683044434e-01
0.000000000000000000e+00 0.000000000000000000e+00 0.000000000000000000e+00
2.258626403808593750e+02 6.919221191406250000e+02 9.253005385398864746e-01
4.038805847167968750e+02 1.723660400390625000e+03 7.780956625938415527e-01
4.561485290527343750e+02 1.718541625976562500e+03 6.890978813171386719e-01
5.609346923828125000e+02 1.613983032226562500e+03 8.101957440376281738e-01
5.085452270507812500e+02 1.482632690429687500e+03 1.932102143764495850e-01
5.191105957031250000e+02 1.467145263671875000e+03 1.946814507246017456e-01
5.188749389648437500e+02 1.440854736328125000e+03 8.338475823402404785e-01
