8.856669921875000000e+02 3.148813476562500000e+02 8.187072277069091797e-01
6.080919799804687500e+02 4.457591247558593750e+02 5.638129711151123047e-01
5.766679077148437500e+02 4.666138610839843750e+02 4.717788100242614746e-01
3.304139709472656250e+02 6.082709960937500000e+02 7.659502625465393066e-01
5.296687011718750000e+02 3.514915161132812500e+02 8.232907652854919434e-01
6.657661132812500000e+02 4.509558410644531250e+02 3.628080785274505615e-01
0.000000000000000000e+00 0.000000000000000000e+00 0.000000000000000000e+00
0.000000000000000000e+00 0.000000000000000000e+00 0.000000000000000000e+00
3.932270202636718750e+02 8.909049682617187500e+02 5.035626888275146484e-01
3.200172729492187500e+02 9.015228881835937500e+02 5.214271545410156250e-01
6.865280151367187500e+02 1.105620361328125000e+03 8.308987617492675781e-01
4.403428649902343750e+02 1.535139526367187500e+03 7.428192496299743652e-01
4.718055114746093750e+02 8.648801269531250000e+02 3.961592614650726318e-01
7.652537231445312500e+02 9.958227539062500000e+02 7.721706032752990723e-01
6.030600585937500000e+02 1.273383178710937500e+03 8.245555311441421509e-02
8.597374877929687500e+02 2.678576660156250000e+02 8.707823157310485840e-01
0.000000000000000000e+00 0.000000000000000000e+00 0.000000000000000000e+00
7.495475463867187500e+02 2.415198516845703125e+02 8.015946745872497559e-01
0.000000000000000000e+00 0.000000000000000000e+00 0.000000000000000000e+00
6.501564331054687500e+02 1.336059570312500000e+03 1.996795386075973511e-01
6.499758300781250000e+02 1.325718383789062500e+03 2.032921761274337769e-01
0.000000000000000000e+00 0.000000000000000000e+00 0.000000000000000000e+00
5.503839111328125000e+02 1.671294677734375000e+03 6.182122826576232910e-01
5.085898742675781250e+02 1.666117065429687500e+03 5.317468047142028809e-01
3.932479553222656250e+02 1.556188964843750000e+03 6.367574334144592285e-01
