1.469964752197265625e+02 6.812820434570312500e+02 9.246300458908081055e-01
3.460479431152343750e+02 7.704727783203125000e+02 6.823775172233581543e-01
3.305079650878906250e+02 7.651335449218750000e+02 5.007287263870239258e-01
0.000000000000000000e+00 0.000000000000000000e+00 0.000000000000000000e+00
0.000000000000000000e+00 0.000000000000000000e+00 0.000000000000000000e+00
3.514279479980468750e+02 7.755723876953125000e+02 8.550793528556823730e-01
5.244823608398437500e+02 9.538192138671875000e+02 8.633761405944824219e-01
3.096467590332031250e+02 8.592773437500000000e+02 9.361580014228820801e-01
6.028435058593750000e+02 1.105593505859375000e+03 6.365857124328613281e-01
5.610399780273437500e+02 1.084695434570312500e+03 4.682981967926025391e-01
3.516176757812500000e+02 1.147792480468750000e+03 8.603986501693725586e-01
5.138835449218750000e+02 1.414695312500000000e+03 7.994149327278137207e-01
6.394125976562500000e+02 1.116156250000000000e+03 6.645653843879699707e-01
3.565296020507812500e+02 1.356854736328125000e+03 8.895126581192016602e-01
5.347272949218750000e+02 1.597977050781250000e+03 7.660067677497863770e-01
0.000000000000000000e+00 0.000000000000000000e+00 0.000000000000000000e+00
1.784660186767578125e+02 6.499901733398437500e+02 9.068703651428222656e-01
0.000000000000000000e+00 0.000000000000000000e+00 0.000000000000000000e+00
2.571280822753906250e+02 6.864916381835937500e+02 8.795098662376403809e-01
4.351915588378906250e+02 1.708011840820312500e+03 7.664692401885986328e-01
4.772657470703125000e+02 1.702984619140625000e+03 6.967841982841491699e-01
5.766459960937500000e+02 1.608274047851562500e+03 7.690522074699401855e-01
0.000000000000000000e+00 0.000000000000000000e+00 0.000000000000000000e+00
0.000000000000000000e+00 0.000000000000000000e+00 0.000000000000000000e+00
5.348579101562500000e+02 1.435614379882812500e+03 7.954180240631103516e-01
