8.804013671875000000e+02 2.729696655273437500e+02 7.793434262275695801e-01
6.081133422851562500e+02 3.985611572265625000e+02 5.839875936508178711e-01
5.662380371093750000e+02 4.038420104980468750e+02 6.178131699562072754e-01
3.148870239257812500e+02 5.557673339843750000e+02 7.920055389404296875e-01
5.243709106445312500e+02 2.989732666015625000e+02 8.007822632789611816e-01
6.604824218750000000e+02 3.934582519531250000e+02 4.289050102233886719e-01
0.000000000000000000e+00 0.000000000000000000e+00 0.000000000000000000e+00
0.000000000000000000e+00 0.000000000000000000e+00 0.000000000000000000e+00
3.827645568847656250e+02 8.543150634765625000e+02 5.297419428825378418e-01
3.148429260253906250e+02 8.699542846679687500e+02 5.223695635795593262e-01
6.604755859375000000e+02 1.074328735351562500e+03 7.630822062492370605e-01
4.402671813964843750e+02 1.535161865234375000e+03 7.606679797172546387e-01
4.457701110839843750e+02 8.333871459960937500e+02 4.027051031589508057e-01
7.443173828125000000e+02 9.852714233398437500e+02 7.815430164337158203e-01
5.923228759765625000e+02 1.273233276367187500e+03 1.691219210624694824e-01
8.596884765625000000e+02 2.257313842773437500e+02 8.773010969161987305e-01
0.000000000000000000e+00 0.000000000000000000e+00 0.000000000000000000e+00
7.443718261718750000e+02 1.891904296875000000e+02 8.309594988822937012e-01
0.000000000000000000e+00 0.000000000000000000e+00 0.000000000000000000e+00
6.501879272460937500e+02 1.330930053710937500e+03 4.219454526901245117e-01
6.499016113281250000e+02 1.325601806640625000e+03 4.380227327346801758e-01
6.026817016601562500e+02 1.320547119140625000e+03 9.875569492578506470e-02
5.452724609375000000e+02 1.671434936523437500e+03 6.121209859848022461e-01
4.981128234863281250e+02 1.666131469726562500e+03 5.053861141204833984e-01
3.931676025390625000e+02 1.556168457031250000e+03 6.355171203613281250e-01
