8.440074157714843750e+01 8.805565185546875000e+02 8.277907371520996094e-01
3.041669616699218750e+02 9.537131958007812500e+02 6.703718900680541992e-01
3.093780822753906250e+02 9.223281250000000000e+02 5.057837963104248047e-01
0.000000000000000000e+00 0.000000000000000000e+00 0.000000000000000000e+00
0.000000000000000000e+00 0.000000000000000000e+00 0.000000000000000000e+00
2.990978393554687500e+02 9.853018188476562500e+02 7.620258331298828125e-01
4.143876342773437500e+02 1.168516845703125000e+03 8.187966942787170410e-01
1.891276702880859375e+02 1.063590087890625000e+03 9.003872871398925781e-01
5.976794433593750000e+02 1.210472778320312500e+03 4.773707985877990723e-01
5.766311035156250000e+02 1.189607055664062500e+03 2.824540138244628906e-01
3.095436401367187500e+02 1.289122680664062500e+03 1.270069926977157593e-01
0.000000000000000000e+00 0.000000000000000000e+00 0.000000000000000000e+00
6.133297119140625000e+02 1.236467285156250000e+03 6.896005272865295410e-01
3.094757080078125000e+02 1.351818603515625000e+03 8.625890016555786133e-01
5.347084350585937500e+02 1.540360229492187500e+03 7.689091563224792480e-01
0.000000000000000000e+00 0.000000000000000000e+00 0.000000000000000000e+00
1.053125686645507812e+02 8.544926147460937500e+02 9.276751875877380371e-01
0.000000000000000000e+00 0.000000000000000000e+00 0.000000000000000000e+00
1.889329681396484375e+02 8.960229492187500000e+02 8.869014382362365723e-01
4.352809143066406250e+02 1.660855224609375000e+03 7.725569009780883789e-01
4.772676696777343750e+02 1.655818969726562500e+03 6.897528171539306641e-01
5.767525634765625000e+02 1.545710327148437500e+03 7.389861941337585449e-01
0.000000000000000000e+00 0.000000000000000000e+00 0.000000000000000000e+00
0.000000000000000000e+00 0.000000000000000000e+00 0.000000000000000000e+00
0.000000000000000000e+00 0.000000000000000000e+00 0.000000000000000000e+00
