1.473106231689453125e+02 6.498867797851562500e+02 9.287989735603332520e-01
3.515226135253906250e+02 7.443306274414062500e+02 6.638273000717163086e-01
3.513064880371093750e+02 7.337381591796875000e+02 5.280656814575195312e-01
0.000000000000000000e+00 0.000000000000000000e+00 0.000000000000000000e+00
0.000000000000000000e+00 0.000000000000000000e+00 0.000000000000000000e+00
3.567323913574218750e+02 7.600223388671875000e+02 8.149693608283996582e-01
5.297332153320312500e+02 9.431185302734375000e+02 8.991785049438476562e-01
3.145982971191406250e+02 8.488372192382812500e+02 8.858618140220642090e-01
6.081311645507812500e+02 1.074187622070312500e+03 6.265892982482910156e-01
5.714503784179687500e+02 1.063881591796875000e+03 4.916878938674926758e-01
3.619630432128906250e+02 1.126714965820312500e+03 8.008818030357360840e-01
5.242539062500000000e+02 1.404205200195312500e+03 7.962360978126525879e-01
6.446495361328125000e+02 1.090050170898437500e+03 6.545240879058837891e-01
3.671270141601562500e+02 1.330880737304687500e+03 8.118216991424560547e-01
5.556415405273437500e+02 1.571768920898437500e+03 8.551051020622253418e-01
0.000000000000000000e+00 0.000000000000000000e+00 0.000000000000000000e+00
1.786871032714843750e+02 6.239109497070312500e+02 8.584373593330383301e-01
0.000000000000000000e+00 0.000000000000000000e+00 0.000000000000000000e+00
2.623391723632812500e+02 6.551225585937500000e+02 8.983389735221862793e-01
4.405007934570312500e+02 1.687142578125000000e+03 7.846450805664062500e-01
4.825195312500000000e+02 1.687139526367187500e+03 7.044490575790405273e-01
5.974373168945312500e+02 1.582260253906250000e+03 7.851403951644897461e-01
5.347783813476562500e+02 1.446030639648437500e+03 1.833862811326980591e-01
0.000000000000000000e+00 0.000000000000000000e+00 0.000000000000000000e+00
5.555811767578125000e+02 1.414770751953125000e+03 7.135415673255920410e-01
