1.628638153076171875e+02 9.695582275390625000e+02 8.235033154487609863e-01
3.776929016113281250e+02 1.016458190917968750e+03 6.181091666221618652e-01
3.880051879882812500e+02 9.852918090820312500e+02 4.532296657562255859e-01
0.000000000000000000e+00 0.000000000000000000e+00 0.000000000000000000e+00
0.000000000000000000e+00 0.000000000000000000e+00 0.000000000000000000e+00
3.879905700683593750e+02 1.027017700195312500e+03 7.911937832832336426e-01
5.244171752929687500e+02 1.194561767578125000e+03 9.384033679962158203e-01
3.094982604980468750e+02 1.126552978515625000e+03 8.619159460067749023e-01
6.605455932617187500e+02 1.309948730468750000e+03 4.422121644020080566e-01
6.552767333984375000e+02 1.294282836914062500e+03 2.836938798427581787e-01
4.142567443847656250e+02 1.315242919921875000e+03 1.997509300708770752e-01
0.000000000000000000e+00 0.000000000000000000e+00 0.000000000000000000e+00
6.762545776367187500e+02 1.320582763671875000e+03 6.606032848358154297e-01
3.567756652832031250e+02 1.388526611328125000e+03 8.194845914840698242e-01
5.715434570312500000e+02 1.592885742187500000e+03 7.627851366996765137e-01
0.000000000000000000e+00 0.000000000000000000e+00 0.000000000000000000e+00
1.839173736572265625e+02 9.431449584960937500e+02 9.322255253791809082e-01
0.000000000000000000e+00 0.000000000000000000e+00 0.000000000000000000e+00
2.674289550781250000e+02 9.694539184570312500e+02 8.616801500320434570e-01
4.770115966796875000e+02 1.708022216796875000e+03 7.234371900558471680e-01
5.190491333007812500e+02 1.702917968750000000e+03 6.768114566802978516e-01
6.135292358398437500e+02 1.603170043945312500e+03 7.542702555656433105e-01
0.000000000000000000e+00 0.000000000000000000e+00 0.000000000000000000e+00
0.000000000000000000e+00 0.000000000000000000e+00 0.000000000000000000e+00
0.000000000000000000e+00 0.000000000000000000e+00 0.000000000000000000e+00
