7.232052001953125000e+02 6.082102050781250000e+02 9.059341549873352051e-01
5.664206542968750000e+02 7.810745849609375000e+02 7.793433666229248047e-01
5.609011230468750000e+02 8.125408935546875000e+02 7.719956636428833008e-01
4.405166931152343750e+02 1.022007995605468750e+03 9.034329652786254883e-01
5.503557739257812500e+02 9.015250854492187500e+02 7.452319860458374023e-01
5.923297119140625000e+02 7.650958862304687500e+02 5.561168789863586426e-01
4.456228942871093750e+02 8.593999633789062500e+02 4.948572516441345215e-01
4.875308532714843750e+02 8.175079345703125000e+02 7.057735323905944824e-02
3.828720703125000000e+02 1.168543334960937500e+03 5.902778506278991699e-01
3.356814270019531250e+02 1.189263549804687500e+03 5.889604091644287109e-01
6.080426635742187500e+02 1.456687377929687500e+03 8.169568181037902832e-01
4.457850646972656250e+02 1.765526367187500000e+03 7.770453095436096191e-01
4.351168823242187500e+02 1.152934448242187500e+03 5.342805385589599609e-01
5.767529296875000000e+02 1.278675292968750000e+03 8.143967986106872559e-01
4.406412963867187500e+02 1.561312866210937500e+03 7.657390236854553223e-01
6.916801147460937500e+02 5.924207763671875000e+02 9.200035333633422852e-01
0.000000000000000000e+00 0.000000000000000000e+00 0.000000000000000000e+00
6.080765991210937500e+02 6.238090820312500000e+02 8.864857554435729980e-01
0.000000000000000000e+00 0.000000000000000000e+00 0.000000000000000000e+00
5.138937377929687500e+02 1.603221313476562500e+03 6.584400683641433716e-02
0.000000000000000000e+00 0.000000000000000000e+00 0.000000000000000000e+00
4.091573486328125000e+02 1.582392822265625000e+03 7.800827622413635254e-01
6.026796264648437500e+02 1.823276977539062500e+03 7.733267545700073242e-01
5.504982299804687500e+02 1.833874511718750000e+03 6.408571004867553711e-01
4.089610290527343750e+02 1.776019897460937500e+03 7.655122876167297363e-01
