1.158285369873046875e+02 8.281367187500000000e+02 8.340600728988647461e-01
3.147968444824218750e+02 9.171198120117187500e+02 6.281658411026000977e-01
3.094536743164062500e+02 9.067692260742187500e+02 4.291871190071105957e-01
0.000000000000000000e+00 0.000000000000000000e+00 0.000000000000000000e+00
0.000000000000000000e+00 0.000000000000000000e+00 0.000000000000000000e+00
3.304993591308593750e+02 9.275528564453125000e+02 7.512241005897521973e-01
4.718537292480468750e+02 1.105804321289062500e+03 9.183334112167358398e-01
2.414615325927734375e+02 1.000994201660156250e+03 8.141354322433471680e-01
6.238253173828125000e+02 1.205165527343750000e+03 4.767929613590240479e-01
6.237731933593750000e+02 1.194666992187500000e+03 3.068399727344512939e-01
3.828087768554687500e+02 1.179031005859375000e+03 2.963419556617736816e-01
5.032983093261718750e+02 1.393805541992187500e+03 7.174698114395141602e-01
6.343232421875000000e+02 1.231213012695312500e+03 6.545256376266479492e-01
3.200545043945312500e+02 1.331029174804687500e+03 8.118647933006286621e-01
5.295751953125000000e+02 1.561358276367187500e+03 8.053787946701049805e-01
0.000000000000000000e+00 0.000000000000000000e+00 0.000000000000000000e+00
1.421380615234375000e+02 8.122902221679687500e+02 9.303152561187744141e-01
0.000000000000000000e+00 0.000000000000000000e+00 0.000000000000000000e+00
2.255592498779296875e+02 8.489284667968750000e+02 8.806284666061401367e-01
4.351057739257812500e+02 1.676643798828125000e+03 7.656170129776000977e-01
4.770120849609375000e+02 1.676546508789062500e+03 6.851563453674316406e-01
5.714534912109375000e+02 1.566586791992187500e+03 8.160762786865234375e-01
5.242753906250000000e+02 1.409437500000000000e+03 1.920383572578430176e-01
5.244399414062500000e+02 1.409606445312500000e+03 2.163272053003311157e-01
5.294777221679687500e+02 1.399010009765625000e+03 6.953405141830444336e-01
