3.931133422851562500e+02 8.541925659179687500e+02 9.126228094100952148e-01
5.661683959960937500e+02 8.907509155273437500e+02 7.036271691322326660e-01
5.242047729492187500e+02 8.857442626953125000e+02 5.223171710968017578e-01
5.555713500976562500e+02 1.074301635742187500e+03 1.247314736247062683e-01
0.000000000000000000e+00 0.000000000000000000e+00 0.000000000000000000e+00
6.028432006835937500e+02 8.908901367187500000e+02 5.947578549385070801e-01
7.339373779296875000e+02 1.110951171875000000e+03 7.855430245399475098e-01
6.027937011718750000e+02 9.798162231445312500e+02 8.065176010131835938e-01
7.181021728515625000e+02 1.226078369140625000e+03 5.706652402877807617e-01
6.500155029296875000e+02 1.163295532226562500e+03 4.877210557460784912e-01
3.986585083007812500e+02 1.184171142578125000e+03 7.385764122009277344e-01
5.976204833984375000e+02 1.362343872070312500e+03 2.201128154993057251e-01
7.652944946289062500e+02 1.273186401367187500e+03 6.396734118461608887e-01
3.984873046875000000e+02 1.314940673828125000e+03 9.027244448661804199e-01
6.289613647460937500e+02 1.613971679687500000e+03 7.807984948158264160e-01
0.000000000000000000e+00 0.000000000000000000e+00 0.000000000000000000e+00
3.931447448730468750e+02 8.176724853515625000e+02 9.118790030479431152e-01
0.000000000000000000e+00 0.000000000000000000e+00 0.000000000000000000e+00
4.561857910156250000e+02 7.758825073242187500e+02 8.687415719032287598e-01
5.296002197265625000e+02 1.697444824218750000e+03 6.877465248107910156e-01
5.664055175781250000e+02 1.697784545898437500e+03 7.259036302566528320e-01
6.813488769531250000e+02 1.629527221679687500e+03 7.050222754478454590e-01
0.000000000000000000e+00 0.000000000000000000e+00 0.000000000000000000e+00
0.000000000000000000e+00 0.000000000000000000e+00 0.000000000000000000e+00
6.394420776367187500e+02 1.362542236328125000e+03 2.061923295259475708e-01
