8.752568359375000000e+02 3.564579162597656250e+02 8.164587020874023438e-01
6.082180786132812500e+02 4.770956420898437500e+02 5.835190415382385254e-01
5.609973754882812500e+02 4.614621276855468750e+02 5.647863149642944336e-01
3.148828430175781250e+02 6.551511840820312500e+02 7.873513102531433105e-01
5.190434570312500000e+02 3.932922058105468750e+02 8.403689861297607422e-01
6.813264770507812500e+02 4.927852783203125000e+02 4.724135100841522217e-01
0.000000000000000000e+00 0.000000000000000000e+00 0.000000000000000000e+00
0.000000000000000000e+00 0.000000000000000000e+00 0.000000000000000000e+00
3.985593261718750000e+02 9.327991943359375000e+02 5.194422602653503418e-01
3.357351684570312500e+02 9.486090698242187500e+02 5.157531499862670898e-01
7.181381835937500000e+02 1.121481323242187500e+03 7.718616724014282227e-01
4.458056640625000000e+02 1.571676513671875000e+03 7.366991639137268066e-01
4.770809326171875000e+02 9.015212402343750000e+02 4.168601632118225098e-01
7.754876708984375000e+02 1.021801391601562500e+03 8.030773997306823730e-01
6.341778564453125000e+02 1.215689086914062500e+03 9.822056442499160767e-02
8.594705200195312500e+02 3.092804565429687500e+02 8.967518806457519531e-01
0.000000000000000000e+00 0.000000000000000000e+00 0.000000000000000000e+00
7.390164794921875000e+02 2.731338500976562500e+02 8.772037625312805176e-01
0.000000000000000000e+00 0.000000000000000000e+00 0.000000000000000000e+00
0.000000000000000000e+00 0.000000000000000000e+00 0.000000000000000000e+00
0.000000000000000000e+00 0.000000000000000000e+00 0.000000000000000000e+00
0.000000000000000000e+00 0.000000000000000000e+00 0.000000000000000000e+00
5.715097656250000000e+02 1.697824340820312500e+03 6.270928978919982910e-01
5.347091674804687500e+02 1.697834716796875000e+03 5.548985004425048828e-01
3.988032531738281250e+02 1.577250488281250000e+03 6.939151287078857422e-01
