2.362585754394531250e+02 7.495504150390625000e+02 8.616778254508972168e-01
3.988041381835937500e+02 8.649202270507812500e+02 6.873267292976379395e-01
4.089746704101562500e+02 8.593494262695312500e+02 5.628166794776916504e-01
3.252133483886718750e+02 1.069134033203125000e+03 1.393568515777587891e-01
0.000000000000000000e+00 0.000000000000000000e+00 0.000000000000000000e+00
3.987159729003906250e+02 8.857722167968750000e+02 8.405238389968872070e-01
4.299601745605468750e+02 1.110978515625000000e+03 8.971145153045654297e-01
3.356376647949218750e+02 9.066423950195312500e+02 8.279302120208740234e-01
5.661426391601562500e+02 1.205184326171875000e+03 6.393136978149414062e-01
5.504459228515625000e+02 1.189633056640625000e+03 4.706488251686096191e-01
3.462550048828125000e+02 1.315305175781250000e+03 9.121735095977783203e-01
4.773308410644531250e+02 1.535319335937500000e+03 8.285180330276489258e-01
5.715415649414062500e+02 1.231387329101562500e+03 6.846759319305419922e-01
3.305131225585937500e+02 1.477613159179687500e+03 8.547343015670776367e-01
4.877439575195312500e+02 1.692116088867187500e+03 8.267383575439453125e-01
0.000000000000000000e+00 0.000000000000000000e+00 0.000000000000000000e+00
2.674589843750000000e+02 7.286307983398437500e+02 9.523529410362243652e-01
0.000000000000000000e+00 0.000000000000000000e+00 0.000000000000000000e+00
3.514113159179687500e+02 7.443181152343750000e+02 8.975642919540405273e-01
3.827535095214843750e+02 1.755105102539062500e+03 7.688760757446289062e-01
4.142295837402343750e+02 1.765614501953125000e+03 7.672664523124694824e-01
5.243232421875000000e+02 1.697456176757812500e+03 8.998826146125793457e-01
4.091023559570312500e+02 1.592743530273437500e+03 8.771956712007522583e-02
0.000000000000000000e+00 0.000000000000000000e+00 0.000000000000000000e+00
5.138143310546875000e+02 1.566498779296875000e+03 8.916822671890258789e-01
