7.862528076171875000e+02 9.435653076171875000e+02 8.690734505653381348e-01
6.080913085937500000e+02 1.069167846679687500e+03 8.299304246902465820e-01
5.610891113281250000e+02 1.069105102539062500e+03 8.089491128921508789e-01
4.353141784667968750e+02 1.288932617187500000e+03 8.708261251449584961e-01
5.607965087890625000e+02 1.110829589843750000e+03 8.488395810127258301e-01
6.553961791992187500e+02 1.069171142578125000e+03 7.038431763648986816e-01
0.000000000000000000e+00 0.000000000000000000e+00 0.000000000000000000e+00
0.000000000000000000e+00 0.000000000000000000e+00 0.000000000000000000e+00
4.405079956054687500e+02 1.456647949218750000e+03 6.470986008644104004e-01
3.931618652343750000e+02 1.488030395507812500e+03 6.761733889579772949e-01
7.339439697265625000e+02 1.519429077148437500e+03 8.223149776458740234e-01
5.400119628906250000e+02 1.786790161132812500e+03 7.634448409080505371e-01
4.980669860839843750e+02 1.430460327148437500e+03 5.558487176895141602e-01
7.337402954101562500e+02 1.441059326171875000e+03 6.414746046066284180e-01
5.190534667968750000e+02 1.697388549804687500e+03 7.695909142494201660e-01
7.705116577148437500e+02 9.274846191406250000e+02 8.897049427032470703e-01
0.000000000000000000e+00 0.000000000000000000e+00 0.000000000000000000e+00
6.866510620117187500e+02 9.383015136718750000e+02 9.326041340827941895e-01
0.000000000000000000e+00 0.000000000000000000e+00 0.000000000000000000e+00
0.000000000000000000e+00 0.000000000000000000e+00 0.000000000000000000e+00
0.000000000000000000e+00 0.000000000000000000e+00 0.000000000000000000e+00
4.772774353027343750e+02 1.708018432617187500e+03 6.880777478218078613e-01
6.760805664062500000e+02 1.849406982421875000e+03 7.103109955787658691e-01
6.395136718750000000e+02 1.859876953125000000e+03 7.444026470184326172e-01
4.980000305175781250e+02 1.812737792968750000e+03 7.592583894729614258e-01
