8.752415161132812500e+02 3.567263793945312500e+02 7.926263213157653809e-01
6.081549682617187500e+02 4.875940856933593750e+02 5.975447893142700195e-01
5.661452026367187500e+02 4.980955200195312500e+02 5.010619163513183594e-01
3.150373229980468750e+02 6.708738403320312500e+02 7.761408090591430664e-01
5.192320556640625000e+02 3.986643066406250000e+02 8.274940252304077148e-01
6.709420166015625000e+02 4.825262451171875000e+02 4.366656243801116943e-01
0.000000000000000000e+00 0.000000000000000000e+00 0.000000000000000000e+00
0.000000000000000000e+00 0.000000000000000000e+00 0.000000000000000000e+00
3.986159973144531250e+02 9.327186279296875000e+02 5.186845064163208008e-01
3.408851623535156250e+02 9.433638916015625000e+02 5.292266011238098145e-01
7.075968017578125000e+02 1.126635620117187500e+03 7.539166212081909180e-01
4.456280517578125000e+02 1.571818725585937500e+03 7.481471300125122070e-01
4.772093505859375000e+02 9.066493530273437500e+02 4.266603589057922363e-01
7.705450439453125000e+02 1.021814819335937500e+03 8.094783425331115723e-01
6.238597412109375000e+02 1.189447387695312500e+03 9.374953806400299072e-02
8.595510864257812500e+02 3.095237121582031250e+02 8.843796253204345703e-01
0.000000000000000000e+00 0.000000000000000000e+00 0.000000000000000000e+00
7.443383789062500000e+02 2.781594238281250000e+02 8.287833333015441895e-01
0.000000000000000000e+00 0.000000000000000000e+00 0.000000000000000000e+00
0.000000000000000000e+00 0.000000000000000000e+00 0.000000000000000000e+00
0.000000000000000000e+00 0.000000000000000000e+00 0.000000000000000000e+00
0.000000000000000000e+00 0.000000000000000000e+00 0.000000000000000000e+00
5.714614868164062500e+02 1.702711303710937500e+03 6.477015018463134766e-01
5.295383300781250000e+02 1.697830566406250000e+03 5.827938914299011230e-01
3.986274719238281250e+02 1.587567260742187500e+03 7.314911484718322754e-01
