8.018072509765625000e+02 7.442176513671875000e+02 8.435456156730651855e-01
6.186464233398437500e+02 8.175089721679687500e+02 6.839262247085571289e-01
6.134585571289062500e+02 8.437187500000000000e+02 8.106169700622558594e-01
5.188155517578125000e+02 1.021676879882812500e+03 9.602368474006652832e-01
6.500809936523437500e+02 8.961478271484375000e+02 8.915987014770507812e-01
6.290587768554687500e+02 7.967331542968750000e+02 5.569956898689270020e-01
0.000000000000000000e+00 0.000000000000000000e+00 0.000000000000000000e+00
0.000000000000000000e+00 0.000000000000000000e+00 0.000000000000000000e+00
3.304523315429687500e+02 1.027158569335937500e+03 6.272033452987670898e-01
3.146493530273437500e+02 1.042817993164062500e+03 7.233183979988098145e-01
6.078890380859375000e+02 1.195050659179687500e+03 9.195080995559692383e-01
4.717462768554687500e+02 1.482550170898437500e+03 8.206259012222290039e-01
3.514813537597656250e+02 1.016627868652343750e+03 4.492765963077545166e-01
5.923280029296875000e+02 1.110915893554687500e+03 8.556554913520812988e-01
4.613578796386718750e+02 1.362521484375000000e+03 7.913252115249633789e-01
7.808836059570312500e+02 7.284008789062500000e+02 9.291372895240783691e-01
0.000000000000000000e+00 0.000000000000000000e+00 0.000000000000000000e+00
7.232958984375000000e+02 7.286586303710937500e+02 9.474776983261108398e-01
0.000000000000000000e+00 0.000000000000000000e+00 0.000000000000000000e+00
5.663684082031250000e+02 1.393806640625000000e+03 7.038999795913696289e-01
5.661901245117187500e+02 1.388397827148437500e+03 6.779175400733947754e-01
4.299558715820312500e+02 1.393548217773437500e+03 8.676128387451171875e-01
5.820081787109375000e+02 1.519575073242187500e+03 7.872341871261596680e-01
5.607435913085937500e+02 1.529834228515625000e+03 8.588845729827880859e-01
4.352332153320312500e+02 1.493220458984375000e+03 8.414418697357177734e-01
