1.054807662963867188e+02 8.700797119140625000e+02 8.517339825630187988e-01
3.410246887207031250e+02 9.016733398437500000e+02 7.101375460624694824e-01
3.514726257324218750e+02 8.700712890625000000e+02 6.316927075386047363e-01
4.981797485351562500e+02 9.327483520507812500e+02 5.714643001556396484e-01
0.000000000000000000e+00 0.000000000000000000e+00 0.000000000000000000e+00
3.356903381347656250e+02 9.380825195312500000e+02 7.901898622512817383e-01
5.086467895507812500e+02 1.100303588867187500e+03 8.736141920089721680e-01
2.782218627929687500e+02 1.021721374511718750e+03 8.887101411819458008e-01
6.080413818359375000e+02 1.199982910156250000e+03 4.699935615062713623e-01
5.871580810546875000e+02 1.184228027343750000e+03 2.691060900688171387e-01
3.931838378906250000e+02 1.236619995117187500e+03 1.230306252837181091e-01
0.000000000000000000e+00 0.000000000000000000e+00 0.000000000000000000e+00
6.290087890625000000e+02 1.231285400390625000e+03 6.354802846908569336e-01
3.200864257812500000e+02 1.351825439453125000e+03 8.278684020042419434e-01
5.295181274414062500e+02 1.540366333007812500e+03 7.980969548225402832e-01
0.000000000000000000e+00 0.000000000000000000e+00 0.000000000000000000e+00
1.365612945556640625e+02 8.541594848632812500e+02 8.775801062583923340e-01
0.000000000000000000e+00 0.000000000000000000e+00 0.000000000000000000e+00
2.151564941406250000e+02 8.646646728515625000e+02 8.593232631683349609e-01
4.351667175292968750e+02 1.655877807617187500e+03 7.977060079574584961e-01
4.771135253906250000e+02 1.655747680664062500e+03 7.449922561645507812e-01
5.714835205078125000e+02 1.545719726562500000e+03 7.862769365310668945e-01
0.000000000000000000e+00 0.000000000000000000e+00 0.000000000000000000e+00
0.000000000000000000e+00 0.000000000000000000e+00 0.000000000000000000e+00
0.000000000000000000e+00 0.000000000000000000e+00 0.000000000000000000e+00
