3.984863281250000000e+02 8.751437377929687500e+02 8.793863058090209961e-01
5.765922241210937500e+02 9.170665893554687500e+02 7.300543189048767090e-01
5.244101562500000000e+02 9.118858032226562500e+02 6.164155602455139160e-01
5.610291137695312500e+02 1.084756591796875000e+03 1.827014237642288208e-01
4.509753417968750000e+02 1.037688598632812500e+03 1.330188512802124023e-01
6.342159423828125000e+02 9.274710693359375000e+02 6.666656136512756348e-01
7.547235717773437500e+02 1.147490722656250000e+03 8.293868303298950195e-01
6.289315185546875000e+02 1.022026550292968750e+03 7.590713500976562500e-01
7.284122924804687500e+02 1.236722900390625000e+03 5.692179799079895020e-01
6.551705322265625000e+02 1.189611938476562500e+03 4.440416097640991211e-01
3.984977722167968750e+02 1.194621704101562500e+03 4.458873867988586426e-01
6.029936523437500000e+02 1.572022094726562500e+03 1.793614923954010010e-01
7.706038208007812500e+02 1.278428344726562500e+03 6.879892349243164062e-01
4.037893066406250000e+02 1.315103881835937500e+03 8.314981460571289062e-01
6.394744873046875000e+02 1.624161254882812500e+03 7.564994692802429199e-01
0.000000000000000000e+00 0.000000000000000000e+00 0.000000000000000000e+00
3.985478515625000000e+02 8.438267211914062500e+02 8.804193735122680664e-01
0.000000000000000000e+00 0.000000000000000000e+00 0.000000000000000000e+00
4.769434509277343750e+02 8.122879638671875000e+02 8.973666429519653320e-01
5.452523803710937500e+02 1.708097412109375000e+03 6.403990387916564941e-01
5.924084472656250000e+02 1.718454345703125000e+03 6.824873685836791992e-01
6.864291381835937500e+02 1.639897094726562500e+03 6.731684803962707520e-01
0.000000000000000000e+00 0.000000000000000000e+00 0.000000000000000000e+00
0.000000000000000000e+00 0.000000000000000000e+00 0.000000000000000000e+00
6.501360473632812500e+02 1.587601562500000000e+03 8.035778999328613281e-02
