2.309857177734375000e+02 7.757874755859375000e+02 9.421621561050415039e-01
3.934996948242187500e+02 8.963384399414062500e+02 7.288787961006164551e-01
3.934130554199218750e+02 8.856812133789062500e+02 5.433177947998046875e-01
0.000000000000000000e+00 0.000000000000000000e+00 0.000000000000000000e+00
0.000000000000000000e+00 0.000000000000000000e+00 0.000000000000000000e+00
3.935662536621093750e+02 9.066872558593750000e+02 8.475841283798217773e-01
4.246593017578125000e+02 1.147765625000000000e+03 8.891983032226562500e-01
3.201615905761718750e+02 9.431944580078125000e+02 8.818359971046447754e-01
5.818714599609375000e+02 1.231481933593750000e+03 6.272801160812377930e-01
5.923218994140625000e+02 1.200063354492187500e+03 4.787825345993041992e-01
3.511936340332031250e+02 1.315220825195312500e+03 9.052059650421142578e-01
4.773439025878906250e+02 1.535172607421875000e+03 8.427091836929321289e-01
5.766179199218750000e+02 1.267941284179687500e+03 6.303013563156127930e-01
3.200007019042968750e+02 1.482987304687500000e+03 9.116879701614379883e-01
4.929164123535156250e+02 1.692263549804687500e+03 8.276890516281127930e-01
0.000000000000000000e+00 0.000000000000000000e+00 0.000000000000000000e+00
2.622797241210937500e+02 7.600073852539062500e+02 8.747958540916442871e-01
0.000000000000000000e+00 0.000000000000000000e+00 0.000000000000000000e+00
3.410056457519531250e+02 7.755911254882812500e+02 9.150221943855285645e-01
3.828643188476562500e+02 1.749969482421875000e+03 7.638578414916992188e-01
4.143710327148437500e+02 1.765528808593750000e+03 7.452839612960815430e-01
5.244919433593750000e+02 1.697490112304687500e+03 9.181396961212158203e-01
4.351704101562500000e+02 1.566683349609375000e+03 9.859444200992584229e-02
4.560910034179687500e+02 1.551010253906250000e+03 6.660108268260955811e-02
5.137827148437500000e+02 1.566372314453125000e+03 8.912903070449829102e-01
