1.629202423095703125e+02 9.797127685546875000e+02 8.560285568237304688e-01
3.933197326660156250e+02 1.016549804687500000e+03 6.865221858024597168e-01
4.037321166992187500e+02 9.851087036132812500e+02 5.743041038513183594e-01
0.000000000000000000e+00 0.000000000000000000e+00 0.000000000000000000e+00
0.000000000000000000e+00 0.000000000000000000e+00 0.000000000000000000e+00
3.879970703125000000e+02 1.032278686523437500e+03 7.629995346069335938e-01
5.400300903320312500e+02 1.200157104492187500e+03 8.465229272842407227e-01
3.150466918945312500e+02 1.142278076171875000e+03 8.873003125190734863e-01
6.604758911132812500e+02 1.315167846679687500e+03 4.429877102375030518e-01
6.604320068359375000e+02 1.304690795898437500e+03 2.650373876094818115e-01
3.986491699218750000e+02 1.341411254882812500e+03 1.449214071035385132e-01
0.000000000000000000e+00 0.000000000000000000e+00 0.000000000000000000e+00
6.760937500000000000e+02 1.330858154296875000e+03 6.434099674224853516e-01
3.567549133300781250e+02 1.393705444335937500e+03 8.253648281097412109e-01
5.715440063476562500e+02 1.592806884765625000e+03 7.666125297546386719e-01
0.000000000000000000e+00 0.000000000000000000e+00 0.000000000000000000e+00
1.838432312011718750e+02 9.434808959960937500e+02 9.162024855613708496e-01
0.000000000000000000e+00 0.000000000000000000e+00 0.000000000000000000e+00
2.674941711425781250e+02 9.643372192382812500e+02 8.489977121353149414e-01
4.719126281738281250e+02 1.702897583007812500e+03 7.506269812583923340e-01
5.138388061523437500e+02 1.702763427734375000e+03 6.981568932533264160e-01
6.134880981445312500e+02 1.603159423828125000e+03 7.750009894371032715e-01
0.000000000000000000e+00 0.000000000000000000e+00 0.000000000000000000e+00
0.000000000000000000e+00 0.000000000000000000e+00 0.000000000000000000e+00
0.000000000000000000e+00 0.000000000000000000e+00 0.000000000000000000e+00
