1.628720397949218750e+02 9.641746826171875000e+02 8.147363662719726562e-01
3.724732360839843750e+02 1.006190124511718750e+03 6.261170506477355957e-01
3.723251342773437500e+02 9.851915893554687500e+02 4.616279006004333496e-01
0.000000000000000000e+00 0.000000000000000000e+00 0.000000000000000000e+00
0.000000000000000000e+00 0.000000000000000000e+00 0.000000000000000000e+00
3.879974060058593750e+02 1.026937255859375000e+03 7.836415171623229980e-01
5.243148803710937500e+02 1.189673461914062500e+03 9.330746531486511230e-01
3.093080139160156250e+02 1.111166503906250000e+03 8.833690881729125977e-01
6.656498413085937500e+02 1.299554077148437500e+03 4.218390882015228271e-01
6.604676513671875000e+02 1.283734985351562500e+03 2.652874290943145752e-01
4.351840515136718750e+02 1.283837646484375000e+03 1.956499665975570679e-01
0.000000000000000000e+00 0.000000000000000000e+00 0.000000000000000000e+00
6.762263183593750000e+02 1.320413330078125000e+03 6.623120903968811035e-01
3.566740722656250000e+02 1.388432128906250000e+03 8.130077123641967773e-01
5.714988403320312500e+02 1.598057495117187500e+03 7.700525522232055664e-01
0.000000000000000000e+00 0.000000000000000000e+00 0.000000000000000000e+00
1.840349884033203125e+02 9.380569458007812500e+02 9.261540770530700684e-01
0.000000000000000000e+00 0.000000000000000000e+00 0.000000000000000000e+00
2.675354919433593750e+02 9.539296875000000000e+02 8.662744760513305664e-01
4.770225830078125000e+02 1.708030883789062500e+03 7.250240445137023926e-01
5.190496215820312500e+02 1.707990112304687500e+03 6.738761663436889648e-01
6.134346923828125000e+02 1.603347167968750000e+03 7.624657154083251953e-01
0.000000000000000000e+00 0.000000000000000000e+00 0.000000000000000000e+00
0.000000000000000000e+00 0.000000000000000000e+00 0.000000000000000000e+00
0.000000000000000000e+00 0.000000000000000000e+00 0.000000000000000000e+00
