8.121084594726562500e+02 7.966126708984375000e+02 8.733151555061340332e-01
6.394058227539062500e+02 9.381250610351562500e+02 7.458770275115966797e-01
6.081721801757812500e+02 9.432387084960937500e+02 7.936525344848632812e-01
4.980415039062500000e+02 1.226216308593750000e+03 8.482712507247924805e-01
6.026550903320312500e+02 1.032433593750000000e+03 5.976627469062805176e-01
6.656880493164062500e+02 9.327943115234375000e+02 6.184838414192199707e-01
6.446406860351562500e+02 1.142234619140625000e+03 7.321017235517501831e-02
6.498820190429687500e+02 1.131906250000000000e+03 3.691631257534027100e-01
3.987013549804687500e+02 1.262885131835937500e+03 5.495187044143676758e-01
3.827709655761718750e+02 1.283961547851562500e+03 6.380032300949096680e-01
7.286609497070312500e+02 1.404338378906250000e+03 8.902161121368408203e-01
5.138627929687500000e+02 1.650601562500000000e+03 8.499099016189575195e-01
4.300397644042968750e+02 1.226074707031250000e+03 4.063643217086791992e-01
6.920203247070312500e+02 1.236500000000000000e+03 8.694124221801757812e-01
5.240957641601562500e+02 1.477673828125000000e+03 8.420807719230651855e-01
7.808837890625000000e+02 7.705139770507812500e+02 9.206447601318359375e-01
0.000000000000000000e+00 0.000000000000000000e+00 0.000000000000000000e+00
7.024312744140625000e+02 7.808454589843750000e+02 7.316475510597229004e-01
0.000000000000000000e+00 0.000000000000000000e+00 0.000000000000000000e+00
5.922740478515625000e+02 1.488027954101562500e+03 3.086578547954559326e-01
5.767270507812500000e+02 1.477640136718750000e+03 3.028542995452880859e-01
4.824849548339843750e+02 1.493229980468750000e+03 8.882862329483032227e-01
6.394472656250000000e+02 1.723642211914062500e+03 7.101002931594848633e-01
5.975307617187500000e+02 1.734006469726562500e+03 7.279172539710998535e-01
4.769328002929687500e+02 1.655895507812500000e+03 8.326120376586914062e-01
