7.863018798828125000e+02 7.600527343750000000e+02 8.532555699348449707e-01
6.187019653320312500e+02 9.012775268554687500e+02 7.357343435287475586e-01
6.026323852539062500e+02 9.012462158203125000e+02 7.914067506790161133e-01
4.826745605468750000e+02 1.189626586914062500e+03 9.122741222381591797e-01
5.922496337890625000e+02 9.905650634765625000e+02 7.351830601692199707e-01
6.551506347656250000e+02 9.012508544921875000e+02 7.466401457786560059e-01
6.499510498046875000e+02 1.074204956054687500e+03 6.718197464942932129e-02
0.000000000000000000e+00 0.000000000000000000e+00 0.000000000000000000e+00
4.090804138183593750e+02 1.231563598632812500e+03 6.007434129714965820e-01
3.776521911621093750e+02 1.262888183593750000e+03 6.443485021591186523e-01
7.284281616210937500e+02 1.404239746093750000e+03 8.881968259811401367e-01
5.138150024414062500e+02 1.655556030273437500e+03 8.477286696434020996e-01
4.457277526855468750e+02 1.199988159179687500e+03 4.460559189319610596e-01
6.916961059570312500e+02 1.236603515625000000e+03 8.781104683876037598e-01
5.190317382812500000e+02 1.482747070312500000e+03 8.464955091476440430e-01
7.704536132812500000e+02 7.336131591796875000e+02 9.646576046943664551e-01
0.000000000000000000e+00 0.000000000000000000e+00 0.000000000000000000e+00
6.867284545898437500e+02 7.392355957031250000e+02 7.577871680259704590e-01
0.000000000000000000e+00 0.000000000000000000e+00 0.000000000000000000e+00
5.715028686523437500e+02 1.498465820312500000e+03 2.792256176471710205e-01
5.662111206054687500e+02 1.482819458007812500e+03 2.803401947021484375e-01
4.823875732421875000e+02 1.493460815429687500e+03 8.910231590270996094e-01
6.341781005859375000e+02 1.723775756835937500e+03 7.026151418685913086e-01
5.923424072265625000e+02 1.734069946289062500e+03 7.276691198348999023e-01
4.769612426757812500e+02 1.660957275390625000e+03 8.062222599983215332e-01
