2.286091308593750000e+02 1.520027160644531250e+02 9.004179239273071289e-01
1.868734283447265625e+02 1.885841064453125000e+02 7.829973697662353516e-01
1.850111236572265625e+02 1.920123596191406250e+02 7.999556660652160645e-01
1.607287902832031250e+02 2.547244110107421875e+02 9.064382314682006836e-01
1.746471862792968750e+02 2.094576263427734375e+02 7.289603352546691895e-01
1.937687377929687500e+02 1.868020782470703125e+02 6.150327324867248535e-01
0.000000000000000000e+00 0.000000000000000000e+00 0.000000000000000000e+00
0.000000000000000000e+00 0.000000000000000000e+00 0.000000000000000000e+00
1.502374877929687500e+02 2.895541687011718750e+02 7.277305126190185547e-01
1.450041503906250000e+02 2.982157287597656250e+02 8.148477077484130859e-01
2.146990814208984375e+02 3.521649475097656250e+02 8.765633106231689453e-01
1.589873504638671875e+02 4.079542236328125000e+02 8.769664168357849121e-01
1.590010070800781250e+02 2.843546142578125000e+02 6.817306280136108398e-01
2.042706451416015625e+02 3.138736267089843750e+02 8.872666358947753906e-01
1.607158050537109375e+02 3.731280822753906250e+02 8.462148904800415039e-01
2.198582916259765625e+02 1.450963897705078125e+02 9.163900613784790039e-01
2.302674865722656250e+02 1.450217895507812500e+02 7.022467255592346191e-01
2.007173156738281250e+02 1.467518920898437500e+02 8.565800189971923828e-01
0.000000000000000000e+00 0.000000000000000000e+00 0.000000000000000000e+00
1.833409271240234375e+02 3.975269165039062500e+02 1.263231784105300903e-01
1.833222351074218750e+02 3.975682678222656250e+02 6.814226508140563965e-02
1.485571289062500000e+02 3.800357971191406250e+02 9.056637287139892578e-01
1.903402557373046875e+02 4.235215759277343750e+02 8.562654256820678711e-01
1.850062408447265625e+02 4.236632690429687500e+02 8.477514386177062988e-01
1.467709808349609375e+02 4.097279052734375000e+02 9.178159236907958984e-01
