7.758067626953125000e+02 7.075722656250000000e+02 8.998286128044128418e-01
6.133723754882812500e+02 8.593580932617187500e+02 7.858672738075256348e-01
5.923966064453125000e+02 8.543534545898437500e+02 7.793043851852416992e-01
4.823371276855468750e+02 1.147473876953125000e+03 9.114764332771301270e-01
5.662233276367187500e+02 9.434603271484375000e+02 7.571734189987182617e-01
6.499891967773437500e+02 8.594091796875000000e+02 7.942062616348266602e-01
6.290557250976562500e+02 1.011468566894531250e+03 1.394005417823791504e-01
6.132733154296875000e+02 1.074184814453125000e+03 4.429431855678558350e-01
4.090875244140625000e+02 1.199922973632812500e+03 6.264098286628723145e-01
3.723056640625000000e+02 1.226237548828125000e+03 6.549496054649353027e-01
7.231488647460937500e+02 1.398836791992187500e+03 8.604672551155090332e-01
5.187695922851562500e+02 1.655753295898437500e+03 8.476759791374206543e-01
4.561644287109375000e+02 1.189275512695312500e+03 5.346912741661071777e-01
6.864373779296875000e+02 1.231440795898437500e+03 8.721929788589477539e-01
5.190309448242187500e+02 1.482807006835937500e+03 8.607993125915527344e-01
7.600386352539062500e+02 6.864663696289062500e+02 8.794398307800292969e-01
0.000000000000000000e+00 0.000000000000000000e+00 0.000000000000000000e+00
6.762539672851562500e+02 6.919667968750000000e+02 7.385956645011901855e-01
0.000000000000000000e+00 0.000000000000000000e+00 0.000000000000000000e+00
5.663472290039062500e+02 1.514261352539062500e+03 1.646870374679565430e-01
5.608298339843750000e+02 1.487973754882812500e+03 1.412645876407623291e-01
4.824098205566406250e+02 1.503682617187500000e+03 8.846901059150695801e-01
6.446972656250000000e+02 1.728993652343750000e+03 7.260141968727111816e-01
6.028521728515625000e+02 1.734391723632812500e+03 7.581316828727722168e-01
4.770117187500000000e+02 1.666227539062500000e+03 8.128446340560913086e-01
