1.156375808715820312e+02 8.229714965820312500e+02 8.616381883621215820e-01
3.146861267089843750e+02 9.119042358398437500e+02 6.203525662422180176e-01
2.990546875000000000e+02 9.066806030273437500e+02 4.232277870178222656e-01
0.000000000000000000e+00 0.000000000000000000e+00 0.000000000000000000e+00
0.000000000000000000e+00 0.000000000000000000e+00 0.000000000000000000e+00
3.356920166015625000e+02 9.274781494140625000e+02 7.429272532463073730e-01
4.667578125000000000e+02 1.105719360351562500e+03 9.068977832794189453e-01
2.415739440917968750e+02 9.957966308593750000e+02 8.098444938659667969e-01
6.133973999023437500e+02 1.199930053710937500e+03 4.784606695175170898e-01
6.029254760742187500e+02 1.189449584960937500e+03 3.002085685729980469e-01
3.568323974609375000e+02 1.267981201171875000e+03 2.308739721775054932e-01
4.980429687500000000e+02 1.398856567382812500e+03 7.150219678878784180e-01
6.343002319335937500e+02 1.226151977539062500e+03 6.398257613182067871e-01
3.251896362304687500e+02 1.336209228515625000e+03 7.948059439659118652e-01
5.296141357421875000e+02 1.561386474609375000e+03 7.990018129348754883e-01
0.000000000000000000e+00 0.000000000000000000e+00 0.000000000000000000e+00
1.419249877929687500e+02 8.121832885742187500e+02 9.332920908927917480e-01
0.000000000000000000e+00 0.000000000000000000e+00 0.000000000000000000e+00
2.254629211425781250e+02 8.385941162109375000e+02 8.534114360809326172e-01
4.351432189941406250e+02 1.676649536132812500e+03 7.718989849090576172e-01
4.770741882324218750e+02 1.676585815429687500e+03 6.896987557411193848e-01
5.715180664062500000e+02 1.566624389648437500e+03 7.996529936790466309e-01
0.000000000000000000e+00 0.000000000000000000e+00 0.000000000000000000e+00
0.000000000000000000e+00 0.000000000000000000e+00 0.000000000000000000e+00
5.244684448242187500e+02 1.399062255859375000e+03 6.869840025901794434e-01
