8.072074584960937500e+02 8.228083496093750000e+02 8.996318578720092773e-01
6.343451538085937500e+02 9.589578857421875000e+02 6.932103633880615234e-01
6.133989257812500000e+02 9.694567260742187500e+02 7.673618197441101074e-01
4.878296203613281250e+02 1.242013916015625000e+03 8.387819528579711914e-01
5.976388549804687500e+02 1.058541381835937500e+03 5.695696473121643066e-01
6.553072509765625000e+02 9.485037841796875000e+02 5.985084176063537598e-01
0.000000000000000000e+00 0.000000000000000000e+00 0.000000000000000000e+00
0.000000000000000000e+00 0.000000000000000000e+00 0.000000000000000000e+00
3.985117797851562500e+02 1.278410278320312500e+03 5.578982830047607422e-01
3.671914062500000000e+02 1.310021362304687500e+03 6.533206701278686523e-01
7.286005859375000000e+02 1.404265625000000000e+03 9.019004106521606445e-01
5.136363525390625000e+02 1.650547973632812500e+03 8.376803994178771973e-01
4.248106689453125000e+02 1.236620727539062500e+03 3.838162720203399658e-01
6.918926391601562500e+02 1.231559936523437500e+03 8.633888363838195801e-01
5.192025756835937500e+02 1.482793945312500000e+03 8.181709051132202148e-01
7.808563232421875000e+02 8.070828857421875000e+02 8.828501701354980469e-01
0.000000000000000000e+00 0.000000000000000000e+00 0.000000000000000000e+00
7.024138183593750000e+02 8.174877929687500000e+02 7.374628186225891113e-01
0.000000000000000000e+00 0.000000000000000000e+00 0.000000000000000000e+00
5.663044433593750000e+02 1.503751831054687500e+03 2.036593407392501831e-01
5.611578369140625000e+02 1.487973632812500000e+03 2.081155180931091309e-01
4.823824768066406250e+02 1.493430419921875000e+03 7.736155390739440918e-01
6.343607788085937500e+02 1.723742919921875000e+03 7.133836150169372559e-01
5.975258178710937500e+02 1.734035888671875000e+03 7.361533641815185547e-01
4.719583435058593750e+02 1.655812866210937500e+03 8.329979777336120605e-01
