1.261456985473632812e+02 6.760939331054687500e+02 8.349565863609313965e-01
3.147895507812500000e+02 7.705073852539062500e+02 7.240149974822998047e-01
3.094844360351562500e+02 7.600388793945312500e+02 5.137671232223510742e-01
4.457730407714843750e+02 8.334107666015625000e+02 6.435650587081909180e-02
0.000000000000000000e+00 0.000000000000000000e+00 0.000000000000000000e+00
3.304488830566406250e+02 7.756624145507812500e+02 7.754451036453247070e-01
5.137036743164062500e+02 9.485104980468750000e+02 8.553085923194885254e-01
2.886613769531250000e+02 8.491342163085937500e+02 8.444732427597045898e-01
5.715495605468750000e+02 1.111067871093750000e+03 6.057809591293334961e-01
5.399614257812500000e+02 1.105682861328125000e+03 4.689760208129882812e-01
3.201405944824218750e+02 1.153007568359375000e+03 8.397381901741027832e-01
4.825123596191406250e+02 1.420022705078125000e+03 7.802953720092773438e-01
6.080648803710937500e+02 1.126712890625000000e+03 6.495445370674133301e-01
3.357877502441406250e+02 1.362404785156250000e+03 8.652259707450866699e-01
5.190224609375000000e+02 1.608444824218750000e+03 8.349866271018981934e-01
0.000000000000000000e+00 0.000000000000000000e+00 0.000000000000000000e+00
1.473468170166015625e+02 6.499617919921875000e+02 9.164808392524719238e-01
0.000000000000000000e+00 0.000000000000000000e+00 0.000000000000000000e+00
2.309504852294921875e+02 6.867524414062500000e+02 9.270797967910766602e-01
4.039532470703125000e+02 1.723647827148437500e+03 7.718101739883422852e-01
4.613651428222656250e+02 1.718503051757812500e+03 6.899610161781311035e-01
5.608146972656250000e+02 1.613904052734375000e+03 7.918870449066162109e-01
5.033894042968750000e+02 1.477545898437500000e+03 1.810275018215179443e-01
5.190108032226562500e+02 1.461793090820312500e+03 1.821071803569793701e-01
5.189364624023437500e+02 1.440805664062500000e+03 8.348418474197387695e-01
