1.524630737304687500e+02 6.446108398437500000e+02 8.986338376998901367e-01
3.513595275878906250e+02 7.340573730468750000e+02 6.657840609550476074e-01
3.253010253906250000e+02 7.338115844726562500e+02 4.930261075496673584e-01
0.000000000000000000e+00 0.000000000000000000e+00 0.000000000000000000e+00
0.000000000000000000e+00 0.000000000000000000e+00 0.000000000000000000e+00
3.671015319824218750e+02 7.391175537109375000e+02 7.615916132926940918e-01
5.348308105468750000e+02 9.274796752929687500e+02 8.173055648803710938e-01
3.150528869628906250e+02 8.176546630859375000e+02 9.000526666641235352e-01
5.975083618164062500e+02 1.089910522460937500e+03 5.878791809082031250e-01
5.556539916992187500e+02 1.069024902343750000e+03 4.591844677925109863e-01
3.566527404785156250e+02 1.147557617187500000e+03 8.721841573715209961e-01
5.189338989257812500e+02 1.425171875000000000e+03 7.990058660507202148e-01
6.289749755859375000e+02 1.105716186523437500e+03 6.704232096672058105e-01
3.567448425292968750e+02 1.346717651367187500e+03 8.634116649627685547e-01
5.347655029296875000e+02 1.608269653320312500e+03 7.950397729873657227e-01
0.000000000000000000e+00 0.000000000000000000e+00 0.000000000000000000e+00
1.838302001953125000e+02 6.134747314453125000e+02 9.026852250099182129e-01
0.000000000000000000e+00 0.000000000000000000e+00 0.000000000000000000e+00
2.674675598144531250e+02 6.498198852539062500e+02 9.379218816757202148e-01
4.350975646972656250e+02 1.718479125976562500e+03 7.814938426017761230e-01
4.771093444824218750e+02 1.718494750976562500e+03 6.947904825210571289e-01
5.765980834960937500e+02 1.608660766601562500e+03 7.958298325538635254e-01
0.000000000000000000e+00 0.000000000000000000e+00 0.000000000000000000e+00
0.000000000000000000e+00 0.000000000000000000e+00 0.000000000000000000e+00
5.400133666992187500e+02 1.440807250976562500e+03 7.764988541603088379e-01
