8.700370483398437500e+02 3.410158996582031250e+02 7.873972654342651367e-01
6.079661865234375000e+02 4.666552429199218750e+02 5.781718492507934570e-01
5.557338867187500000e+02 4.666296997070312500e+02 5.227527022361755371e-01
3.201484985351562500e+02 6.447608032226562500e+02 7.822836637496948242e-01
5.242241210937500000e+02 3.828002929687500000e+02 7.965913414955139160e-01
6.762265625000000000e+02 4.770774536132812500e+02 4.495414495468139648e-01
0.000000000000000000e+00 0.000000000000000000e+00 0.000000000000000000e+00
0.000000000000000000e+00 0.000000000000000000e+00 0.000000000000000000e+00
3.933898010253906250e+02 9.067651367187500000e+02 5.360837578773498535e-01
3.200389709472656250e+02 9.378997802734375000e+02 5.388640165328979492e-01
6.971512451171875000e+02 1.110716674804687500e+03 8.227441906929016113e-01
4.407258605957031250e+02 1.550875488281250000e+03 6.950266361236572266e-01
4.771045532226562500e+02 8.961643066406250000e+02 4.333503246307373047e-01
7.704768676757812500e+02 1.011360046386718750e+03 7.923768758773803711e-01
0.000000000000000000e+00 0.000000000000000000e+00 0.000000000000000000e+00
8.594361572265625000e+02 2.833075561523437500e+02 8.597169518470764160e-01
0.000000000000000000e+00 0.000000000000000000e+00 0.000000000000000000e+00
7.390862426757812500e+02 2.675863037109375000e+02 8.922791481018066406e-01
0.000000000000000000e+00 0.000000000000000000e+00 0.000000000000000000e+00
0.000000000000000000e+00 0.000000000000000000e+00 0.000000000000000000e+00
0.000000000000000000e+00 0.000000000000000000e+00 0.000000000000000000e+00
0.000000000000000000e+00 0.000000000000000000e+00 0.000000000000000000e+00
5.557702026367187500e+02 1.681906738281250000e+03 6.260964870452880859e-01
5.085924682617187500e+02 1.681786254882812500e+03 5.324853658676147461e-01
3.985798950195312500e+02 1.566642333984375000e+03 6.620872020721435547e-01
