8.805237426757812500e+02 3.201722106933593750e+02 7.954797744750976562e-01
6.080850219726562500e+02 4.458083496093750000e+02 5.854941606521606445e-01
5.610573730468750000e+02 4.509337768554687500e+02 5.438987016677856445e-01
3.201608886718750000e+02 6.184791870117187500e+02 7.653975486755371094e-01
5.296773681640625000e+02 3.565783996582031250e+02 8.180537819862365723e-01
6.709794311523437500e+02 4.510368957519531250e+02 4.529638290405273438e-01
0.000000000000000000e+00 0.000000000000000000e+00 0.000000000000000000e+00
0.000000000000000000e+00 0.000000000000000000e+00 0.000000000000000000e+00
3.931932983398437500e+02 8.963073120117187500e+02 5.204770565032958984e-01
3.200996704101562500e+02 9.171627197265625000e+02 5.000357627868652344e-01
6.918665771484375000e+02 1.105851440429687500e+03 8.517444729804992676e-01
4.403268432617187500e+02 1.535268188476562500e+03 7.159510850906372070e-01
4.666212768554687500e+02 8.752731933593750000e+02 3.978635668754577637e-01
7.652307739257812500e+02 9.956684570312500000e+02 7.559347152709960938e-01
6.081336669921875000e+02 1.226196777343750000e+03 6.244608387351036072e-02
8.595097656250000000e+02 2.731348571777343750e+02 8.754834532737731934e-01
8.958848876953125000e+02 2.782943420410156250e+02 5.153920128941535950e-02
7.391873779296875000e+02 2.571951599121093750e+02 8.376209139823913574e-01
0.000000000000000000e+00 0.000000000000000000e+00 0.000000000000000000e+00
0.000000000000000000e+00 0.000000000000000000e+00 0.000000000000000000e+00
0.000000000000000000e+00 0.000000000000000000e+00 0.000000000000000000e+00
0.000000000000000000e+00 0.000000000000000000e+00 0.000000000000000000e+00
5.295404052734375000e+02 1.676518554687500000e+03 5.348761081695556641e-01
5.032687988281250000e+02 1.666150878906250000e+03 4.189720749855041504e-01
3.932172851562500000e+02 1.561338256835937500e+03 5.999971032142639160e-01
