1.158209533691406250e+02 6.866021118164062500e+02 8.943272829055786133e-01
3.147010498046875000e+02 7.810227661132812500e+02 6.876876354217529297e-01
3.095492553710937500e+02 7.755576782226562500e+02 5.066748857498168945e-01
4.404484863281250000e+02 8.541350708007812500e+02 7.367402315139770508e-02
0.000000000000000000e+00 0.000000000000000000e+00 0.000000000000000000e+00
3.252621765136718750e+02 7.965752563476562500e+02 7.369177341461181641e-01
5.137098388671875000e+02 9.747689208984375000e+02 8.630608916282653809e-01
2.834214172363281250e+02 8.596205444335937500e+02 8.648822307586669922e-01
5.610851440429687500e+02 1.121338989257812500e+03 5.979947447776794434e-01
5.191355590820312500e+02 1.105804077148437500e+03 4.584438204765319824e-01
3.150085449218750000e+02 1.158259399414062500e+03 8.237072825431823730e-01
4.825935363769531250e+02 1.430406372070312500e+03 7.839214801788330078e-01
6.028778076171875000e+02 1.142448730468750000e+03 6.676847934722900391e-01
3.253316955566406250e+02 1.377978271484375000e+03 8.089801073074340820e-01
5.190847167968750000e+02 1.608703979492187500e+03 8.606290221214294434e-01
0.000000000000000000e+00 0.000000000000000000e+00 0.000000000000000000e+00
1.470391540527343750e+02 6.604359130859375000e+02 9.006144404411315918e-01
0.000000000000000000e+00 0.000000000000000000e+00 0.000000000000000000e+00
2.258489227294921875e+02 6.921336059570312500e+02 9.022198915481567383e-01
4.090162963867187500e+02 1.723781127929687500e+03 7.877291440963745117e-01
4.614173278808593750e+02 1.723662475585937500e+03 7.002434730529785156e-01
5.609468383789062500e+02 1.618898925781250000e+03 8.192363977432250977e-01
5.136547851562500000e+02 1.483000000000000000e+03 2.952347397804260254e-01
5.139057006835937500e+02 1.482876953125000000e+03 2.764813005924224854e-01
5.189956054687500000e+02 1.441074584960937500e+03 8.475524187088012695e-01
