8.700272827148437500e+02 3.512205810546875000e+02 8.171095848083496094e-01
6.029248657226562500e+02 4.771135864257812500e+02 6.099265813827514648e-01
5.607738037109375000e+02 4.928162536621093750e+02 5.591167807579040527e-01
3.147422180175781250e+02 6.498512573242187500e+02 8.055329322814941406e-01
5.189985961914062500e+02 3.931487426757812500e+02 8.256340622901916504e-01
6.604299316406250000e+02 4.614852294921875000e+02 4.058758020401000977e-01
0.000000000000000000e+00 0.000000000000000000e+00 0.000000000000000000e+00
0.000000000000000000e+00 0.000000000000000000e+00 0.000000000000000000e+00
3.986516723632812500e+02 9.171649780273437500e+02 4.984197020530700684e-01
3.409822082519531250e+02 9.431856689453125000e+02 5.129322409629821777e-01
7.128963623046875000e+02 1.116187866210937500e+03 7.785911560058593750e-01
4.458377990722656250e+02 1.566430908203125000e+03 6.962763071060180664e-01
4.771730041503906250e+02 8.962354736328125000e+02 4.142800867557525635e-01
7.705814208984375000e+02 1.021626220703125000e+03 8.101963996887207031e-01
6.238988647460937500e+02 1.194863403320312500e+03 1.166571006178855896e-01
8.593305664062500000e+02 2.989319152832031250e+02 8.640141487121582031e-01
0.000000000000000000e+00 0.000000000000000000e+00 0.000000000000000000e+00
7.390159912109375000e+02 2.678018493652343750e+02 9.061213731765747070e-01
0.000000000000000000e+00 0.000000000000000000e+00 0.000000000000000000e+00
0.000000000000000000e+00 0.000000000000000000e+00 0.000000000000000000e+00
0.000000000000000000e+00 0.000000000000000000e+00 0.000000000000000000e+00
0.000000000000000000e+00 0.000000000000000000e+00 0.000000000000000000e+00
5.608298950195312500e+02 1.692380004882812500e+03 6.409190297126770020e-01
5.137691040039062500e+02 1.692239135742187500e+03 5.569837093353271484e-01
3.987000732421875000e+02 1.572081176757812500e+03 6.730561852455139160e-01
