7.389075469970703125e+01 8.958461303710937500e+02 8.669509887695312500e-01
2.990874938964843750e+02 9.486730957031250000e+02 6.461946964263916016e-01
3.043312377929687500e+02 9.276864013671875000e+02 4.763560295104980469e-01
0.000000000000000000e+00 0.000000000000000000e+00 0.000000000000000000e+00
0.000000000000000000e+00 0.000000000000000000e+00 0.000000000000000000e+00
2.989652099609375000e+02 9.800035400390625000e+02 7.702845335006713867e-01
4.039073181152343750e+02 1.178943115234375000e+03 8.490301370620727539e-01
1.888622741699218750e+02 1.063930541992187500e+03 9.163942337036132812e-01
6.026851806640625000e+02 1.210422729492187500e+03 4.750570952892303467e-01
5.819133911132812500e+02 1.194683837890625000e+03 2.830289900302886963e-01
3.145575866699218750e+02 1.325623535156250000e+03 1.339540183544158936e-01
0.000000000000000000e+00 0.000000000000000000e+00 0.000000000000000000e+00
6.083233642578125000e+02 1.231433471679687500e+03 6.957273483276367188e-01
3.096271972656250000e+02 1.351966796875000000e+03 8.778680562973022461e-01
5.347470703125000000e+02 1.540402343750000000e+03 7.603299617767333984e-01
0.000000000000000000e+00 0.000000000000000000e+00 0.000000000000000000e+00
1.001075820922851562e+02 8.594855346679687500e+02 9.328139424324035645e-01
0.000000000000000000e+00 0.000000000000000000e+00 0.000000000000000000e+00
1.837601470947265625e+02 8.908706054687500000e+02 8.557510375976562500e-01
4.352614135742187500e+02 1.660922241210937500e+03 7.605772018432617188e-01
4.772715454101562500e+02 1.655860839843750000e+03 6.848607659339904785e-01
5.767292480468750000e+02 1.545678222656250000e+03 7.414265275001525879e-01
0.000000000000000000e+00 0.000000000000000000e+00 0.000000000000000000e+00
0.000000000000000000e+00 0.000000000000000000e+00 0.000000000000000000e+00
0.000000000000000000e+00 0.000000000000000000e+00 0.000000000000000000e+00
