8.752446289062500000e+02 3.409685668945312500e+02 7.822170257568359375e-01
6.028674926757812500e+02 4.822569274902343750e+02 5.648463964462280273e-01
5.766273803710937500e+02 5.137210693359375000e+02 4.519865214824676514e-01
3.201826171875000000e+02 6.449100341796875000e+02 7.860023975372314453e-01
5.192053222656250000e+02 3.879813842773437500e+02 8.168876171112060547e-01
6.395136718750000000e+02 4.561911621093750000e+02 2.917491495609283447e-01
0.000000000000000000e+00 0.000000000000000000e+00 0.000000000000000000e+00
0.000000000000000000e+00 0.000000000000000000e+00 0.000000000000000000e+00
3.986498413085937500e+02 9.118806762695312500e+02 5.038759708404541016e-01
3.409358520507812500e+02 9.380571289062500000e+02 5.137221813201904297e-01
7.076787109375000000e+02 1.116069824218750000e+03 7.910757064819335938e-01
4.509313964843750000e+02 1.561394775390625000e+03 7.125153541564941406e-01
4.771080627441406250e+02 8.960549316406250000e+02 4.118905961513519287e-01
7.706284179687500000e+02 1.016665344238281250e+03 7.777021527290344238e-01
6.185415649414062500e+02 1.184228393554687500e+03 5.354268848896026611e-02
8.595014648437500000e+02 2.834572753906250000e+02 8.632793426513671875e-01
0.000000000000000000e+00 0.000000000000000000e+00 0.000000000000000000e+00
7.391201782226562500e+02 2.675507507324218750e+02 8.824594020843505859e-01
0.000000000000000000e+00 0.000000000000000000e+00 0.000000000000000000e+00
0.000000000000000000e+00 0.000000000000000000e+00 0.000000000000000000e+00
0.000000000000000000e+00 0.000000000000000000e+00 0.000000000000000000e+00
0.000000000000000000e+00 0.000000000000000000e+00 0.000000000000000000e+00
5.610070190429687500e+02 1.687136352539062500e+03 6.446406841278076172e-01
5.189866333007812500e+02 1.687040161132812500e+03 5.577347278594970703e-01
4.038058471679687500e+02 1.571961669921875000e+03 6.778764128684997559e-01
