8.805200805664062500e+02 3.146430358886718750e+02 8.006296753883361816e-01
6.079909057617187500e+02 4.352732849121093750e+02 5.554024577140808105e-01
5.660689697265625000e+02 4.353413696289062500e+02 5.159897804260253906e-01
3.252051391601562500e+02 6.081141357421875000e+02 7.756445407867431641e-01
5.295408325195312500e+02 3.513824157714843750e+02 8.195632696151733398e-01
6.709078979492187500e+02 4.404924621582031250e+02 4.059573411941528320e-01
0.000000000000000000e+00 0.000000000000000000e+00 0.000000000000000000e+00
0.000000000000000000e+00 0.000000000000000000e+00 0.000000000000000000e+00
3.827935485839843750e+02 8.856159057617187500e+02 5.068350434303283691e-01
3.096311340332031250e+02 9.013210449218750000e+02 5.464844703674316406e-01
6.864064331054687500e+02 1.105432617187500000e+03 8.035360574722290039e-01
4.351965637207031250e+02 1.530089233398437500e+03 7.400150299072265625e-01
4.614221496582031250e+02 8.595877685546875000e+02 4.181795418262481689e-01
7.599284057617187500e+02 9.956344604492187500e+02 7.464506626129150391e-01
6.029269409179687500e+02 1.268046264648437500e+03 6.311340630054473877e-02
8.596445312500000000e+02 2.676147766113281250e+02 8.619486689567565918e-01
0.000000000000000000e+00 0.000000000000000000e+00 0.000000000000000000e+00
7.494487915039062500e+02 2.415243072509765625e+02 7.876618504524230957e-01
0.000000000000000000e+00 0.000000000000000000e+00 0.000000000000000000e+00
6.501308593750000000e+02 1.325780273437500000e+03 1.530489474534988403e-01
6.497523193359375000e+02 1.320594360351562500e+03 1.487413197755813599e-01
0.000000000000000000e+00 0.000000000000000000e+00 0.000000000000000000e+00
5.347770385742187500e+02 1.666210449218750000e+03 6.047346591949462891e-01
4.928904724121093750e+02 1.660911010742187500e+03 5.195701718330383301e-01
3.880060729980468750e+02 1.550892456054687500e+03 6.232611536979675293e-01
