9.459383392333984375e+01 8.805311889648437500e+02 8.320743441581726074e-01
3.097214050292968750e+02 9.484591064453125000e+02 6.871594190597534180e-01
3.149164428710937500e+02 9.170725708007812500e+02 5.093023777008056641e-01
0.000000000000000000e+00 0.000000000000000000e+00 0.000000000000000000e+00
0.000000000000000000e+00 0.000000000000000000e+00 0.000000000000000000e+00
3.097118530273437500e+02 9.799925537109375000e+02 7.897992134094238281e-01
4.351186218261718750e+02 1.158090454101562500e+03 8.905703425407409668e-01
2.099690399169921875e+02 1.063567382812500000e+03 8.443772792816162109e-01
6.079734497070312500e+02 1.210383056640625000e+03 4.761706590652465820e-01
5.923623657226562500e+02 1.194627319335937500e+03 2.836152911186218262e-01
3.253420715332031250e+02 1.283758178710937500e+03 1.419907510280609131e-01
0.000000000000000000e+00 0.000000000000000000e+00 0.000000000000000000e+00
6.186765136718750000e+02 1.231530395507812500e+03 6.687732934951782227e-01
3.149501342773437500e+02 1.346620483398437500e+03 8.460568189620971680e-01
5.348823242187500000e+02 1.545606323242187500e+03 7.580310702323913574e-01
0.000000000000000000e+00 0.000000000000000000e+00 0.000000000000000000e+00
1.055201034545898438e+02 8.593346557617187500e+02 9.148920178413391113e-01
0.000000000000000000e+00 0.000000000000000000e+00 0.000000000000000000e+00
1.890375671386718750e+02 8.959399414062500000e+02 9.010604619979858398e-01
4.353674621582031250e+02 1.666101928710937500e+03 7.629671096801757812e-01
4.822574462890625000e+02 1.661014160156250000e+03 6.856891512870788574e-01
5.819797363281250000e+02 1.556055908203125000e+03 7.454151511192321777e-01
0.000000000000000000e+00 0.000000000000000000e+00 0.000000000000000000e+00
0.000000000000000000e+00 0.000000000000000000e+00 0.000000000000000000e+00
0.000000000000000000e+00 0.000000000000000000e+00 0.000000000000000000e+00
