8.121136474609375000e+02 8.071324462890625000e+02 9.102169871330261230e-01
6.394512329101562500e+02 9.431405029296875000e+02 7.790927886962890625e-01
6.082034912109375000e+02 9.485833740234375000e+02 7.841972708702087402e-01
4.877946166992187500e+02 1.231320556640625000e+03 8.884624242782592773e-01
5.977104492187500000e+02 1.053296508789062500e+03 4.883838295936584473e-01
6.656724853515625000e+02 9.327994995117187500e+02 6.095331907272338867e-01
6.445562744140625000e+02 1.142204223632812500e+03 6.551708281040191650e-02
0.000000000000000000e+00 0.000000000000000000e+00 0.000000000000000000e+00
4.037450866699218750e+02 1.267892456054687500e+03 5.756299495697021484e-01
3.827726440429687500e+02 1.288938232421875000e+03 6.628766059875488281e-01
7.286312866210937500e+02 1.404225952148437500e+03 8.971332311630249023e-01
5.138053588867187500e+02 1.650512817382812500e+03 8.469709157943725586e-01
4.299974975585937500e+02 1.226208496093750000e+03 4.375247359275817871e-01
6.919904174804687500e+02 1.231598510742187500e+03 8.773910999298095703e-01
5.192362670898437500e+02 1.482558837890625000e+03 8.375816345214843750e-01
7.809420776367187500e+02 7.756674804687500000e+02 9.135947823524475098e-01
0.000000000000000000e+00 0.000000000000000000e+00 0.000000000000000000e+00
7.076192626953125000e+02 7.862230224609375000e+02 6.959133744239807129e-01
0.000000000000000000e+00 0.000000000000000000e+00 0.000000000000000000e+00
5.767487792968750000e+02 1.493303588867187500e+03 2.592831850051879883e-01
5.713465576171875000e+02 1.482730957031250000e+03 2.588191628456115723e-01
4.824329528808593750e+02 1.493202026367187500e+03 8.754581809043884277e-01
6.394706420898437500e+02 1.723683593750000000e+03 7.085471153259277344e-01
5.975507202148437500e+02 1.734029174804687500e+03 7.277731895446777344e-01
4.768873291015625000e+02 1.655852172851562500e+03 8.198239803314208984e-01
