4.037778320312500000e+02 8.909435424804687500e+02 8.873386383056640625e-01
5.923858032226562500e+02 9.433672485351562500e+02 7.591543793678283691e-01
5.400317382812500000e+02 9.431944580078125000e+02 5.620037913322448730e-01
5.609979858398437500e+02 1.105582031250000000e+03 1.380490660667419434e-01
0.000000000000000000e+00 0.000000000000000000e+00 0.000000000000000000e+00
6.394533691406250000e+02 9.435612182617187500e+02 6.527443528175354004e-01
7.703853149414062500e+02 1.168559936523437500e+03 8.022274374961853027e-01
6.290971069335937500e+02 1.058451782226562500e+03 7.638646364212036133e-01
7.339650268554687500e+02 1.278394653320312500e+03 5.433454513549804688e-01
6.866667480468750000e+02 1.236565917968750000e+03 3.865180015563964844e-01
3.932863769531250000e+02 1.152863281250000000e+03 4.589378833770751953e-01
3.934884948730468750e+02 1.257586181640625000e+03 3.025906383991241455e-01
7.758362426757812500e+02 1.315113281250000000e+03 6.697424650192260742e-01
4.038088684082031250e+02 1.315154296875000000e+03 8.398340940475463867e-01
6.445186767578125000e+02 1.618942871093750000e+03 7.447431683540344238e-01
3.983148803710937500e+02 8.594500122070312500e+02 8.488940447568893433e-02
4.142976074218750000e+02 8.545137939453125000e+02 8.790047168731689453e-01
0.000000000000000000e+00 0.000000000000000000e+00 0.000000000000000000e+00
4.877146606445312500e+02 8.281393432617187500e+02 8.073405027389526367e-01
5.609755859375000000e+02 1.718576171875000000e+03 6.607638597488403320e-01
6.027313842773437500e+02 1.723638061523437500e+03 6.814767122268676758e-01
6.867385253906250000e+02 1.629483398437500000e+03 6.868944168090820312e-01
3.252510375976562500e+02 1.289047729492187500e+03 3.782932162284851074e-01
3.252136535644531250e+02 1.278514160156250000e+03 3.531006574630737305e-01
3.932535400390625000e+02 1.262848632812500000e+03 8.302015066146850586e-02
