8.698978271484375000e+02 3.410490722656250000e+02 8.215998411178588867e-01
6.080758056640625000e+02 4.718885498046875000e+02 5.934430956840515137e-01
5.608129272460937500e+02 4.614153442382812500e+02 5.541851520538330078e-01
3.199521484375000000e+02 6.500322265625000000e+02 7.974032759666442871e-01
5.191615600585937500e+02 3.879990844726562500e+02 8.227667808532714844e-01
6.812985229492187500e+02 4.824924621582031250e+02 4.725176692008972168e-01
0.000000000000000000e+00 0.000000000000000000e+00 0.000000000000000000e+00
0.000000000000000000e+00 0.000000000000000000e+00 0.000000000000000000e+00
4.037705383300781250e+02 9.119923095703125000e+02 5.245787501335144043e-01
3.357408142089843750e+02 9.381367797851562500e+02 5.336316227912902832e-01
7.076743164062500000e+02 1.116079345703125000e+03 7.798922061920166016e-01
4.458860778808593750e+02 1.566366821289062500e+03 7.131686210632324219e-01
4.823599853515625000e+02 8.962338867187500000e+02 4.418452084064483643e-01
7.706628417968750000e+02 1.021625915527343750e+03 7.794197797775268555e-01
6.237061767578125000e+02 1.194692626953125000e+03 8.842265605926513672e-02
8.544185791015625000e+02 2.833978576660156250e+02 8.729463219642639160e-01
0.000000000000000000e+00 0.000000000000000000e+00 0.000000000000000000e+00
7.340756835937500000e+02 2.676557312011718750e+02 9.077689647674560547e-01
0.000000000000000000e+00 0.000000000000000000e+00 0.000000000000000000e+00
0.000000000000000000e+00 0.000000000000000000e+00 0.000000000000000000e+00
0.000000000000000000e+00 0.000000000000000000e+00 0.000000000000000000e+00
0.000000000000000000e+00 0.000000000000000000e+00 0.000000000000000000e+00
5.661109619140625000e+02 1.692269287109375000e+03 6.865887641906738281e-01
5.191218872070312500e+02 1.692273437500000000e+03 5.931119918823242188e-01
4.037395629882812500e+02 1.572011596679687500e+03 7.270459532737731934e-01
