1.053305587768554688e+02 8.648843994140625000e+02 9.040314555168151855e-01
3.462196960449218750e+02 8.961303710937500000e+02 7.965831160545349121e-01
3.619757080078125000e+02 8.593616943359375000e+02 7.344011068344116211e-01
5.136166381835937500e+02 9.274838867187500000e+02 7.670888304710388184e-01
4.771910095214843750e+02 9.224195556640625000e+02 7.397966086864471436e-02
3.199296264648437500e+02 9.328224487304687500e+02 7.972228527069091797e-01
4.981736145019531250e+02 1.079561035156250000e+03 8.383393883705139160e-01
2.782532043457031250e+02 1.016699340820312500e+03 8.745666742324829102e-01
6.185385131835937500e+02 1.200090209960937500e+03 4.966546297073364258e-01
6.237709960937500000e+02 1.189432373046875000e+03 3.284950554370880127e-01
3.723659667968750000e+02 1.278512573242187500e+03 1.053049713373184204e-01
5.189197998046875000e+02 1.383291748046875000e+03 5.058835074305534363e-02
6.186411743164062500e+02 1.231196166992187500e+03 6.420429348945617676e-01
3.252818603515625000e+02 1.351857055664062500e+03 8.162562847137451172e-01
5.296364135742187500e+02 1.535381469726562500e+03 8.010898232460021973e-01
0.000000000000000000e+00 0.000000000000000000e+00 0.000000000000000000e+00
1.262362823486328125e+02 8.539712524414062500e+02 8.685983419418334961e-01
0.000000000000000000e+00 0.000000000000000000e+00 0.000000000000000000e+00
1.944619598388671875e+02 8.594675292968750000e+02 9.045167565345764160e-01
4.351248168945312500e+02 1.655884399414062500e+03 7.931835651397705078e-01
4.771172180175781250e+02 1.655728027343750000e+03 7.430627942085266113e-01
5.715593261718750000e+02 1.545717529296875000e+03 7.967643737792968750e-01
0.000000000000000000e+00 0.000000000000000000e+00 0.000000000000000000e+00
0.000000000000000000e+00 0.000000000000000000e+00 0.000000000000000000e+00
0.000000000000000000e+00 0.000000000000000000e+00 0.000000000000000000e+00
