8.804694824218750000e+02 3.881322021484375000e+02 8.060433268547058105e-01
6.029552001953125000e+02 4.876637878417968750e+02 5.779307484626770020e-01
5.504743041992187500e+02 4.823406372070312500e+02 5.270971059799194336e-01
3.462435302734375000e+02 6.868248901367187500e+02 7.952066659927368164e-01
5.400349731445312500e+02 4.246772460937500000e+02 7.139367461204528809e-01
6.709893798828125000e+02 4.981358947753906250e+02 4.462393820285797119e-01
0.000000000000000000e+00 0.000000000000000000e+00 0.000000000000000000e+00
0.000000000000000000e+00 0.000000000000000000e+00 0.000000000000000000e+00
3.986438293457031250e+02 9.431704711914062500e+02 5.247043967247009277e-01
3.305601501464843750e+02 9.590564575195312500e+02 4.985153675079345703e-01
6.972901000976562500e+02 1.147329711914062500e+03 7.996351122856140137e-01
4.508641967773437500e+02 1.582304443359375000e+03 6.917754411697387695e-01
4.771538696289062500e+02 9.275187377929687500e+02 4.182742238044738770e-01
7.705938720703125000e+02 1.032344726562500000e+03 8.077161908149719238e-01
6.134536743164062500e+02 1.205268310546875000e+03 8.025269210338592529e-02
8.647504272460937500e+02 3.356377258300781250e+02 8.353933691978454590e-01
0.000000000000000000e+00 0.000000000000000000e+00 0.000000000000000000e+00
7.546887817382812500e+02 3.094428405761718750e+02 8.596493601799011230e-01
0.000000000000000000e+00 0.000000000000000000e+00 0.000000000000000000e+00
0.000000000000000000e+00 0.000000000000000000e+00 0.000000000000000000e+00
0.000000000000000000e+00 0.000000000000000000e+00 0.000000000000000000e+00
0.000000000000000000e+00 0.000000000000000000e+00 0.000000000000000000e+00
5.610619506835937500e+02 1.728885620117187500e+03 6.319444775581359863e-01
5.191076660156250000e+02 1.723737182617187500e+03 5.212200284004211426e-01
4.037239074707031250e+02 1.608290893554687500e+03 6.668078303337097168e-01
