8.017606811523437500e+02 9.905364379882812500e+02 8.125709891319274902e-01
6.185546264648437500e+02 1.105684326171875000e+03 7.700071334838867188e-01
5.661129150390625000e+02 1.105740356445312500e+03 8.248205184936523438e-01
4.665736694335937500e+02 1.325747924804687500e+03 8.273076415061950684e-01
5.976619873046875000e+02 1.152957641601562500e+03 8.494240045547485352e-01
6.813976440429687500e+02 1.105639648437500000e+03 6.001998782157897949e-01
0.000000000000000000e+00 0.000000000000000000e+00 0.000000000000000000e+00
0.000000000000000000e+00 0.000000000000000000e+00 0.000000000000000000e+00
4.300780334472656250e+02 1.482696533203125000e+03 5.708922147750854492e-01
3.933460693359375000e+02 1.508986938476562500e+03 6.284172534942626953e-01
7.336334228515625000e+02 1.498567626953125000e+03 8.280323743820190430e-01
5.607926635742187500e+02 1.781636108398437500e+03 8.008721470832824707e-01
4.772507629394531250e+02 1.446092651367187500e+03 4.757280051708221436e-01
7.180100708007812500e+02 1.440769653320312500e+03 7.067474126815795898e-01
5.244371337890625000e+02 1.692312377929687500e+03 7.663373947143554688e-01
7.757459716796875000e+02 9.747026367187500000e+02 8.929047584533691406e-01
0.000000000000000000e+00 0.000000000000000000e+00 0.000000000000000000e+00
6.917622680664062500e+02 9.850188598632812500e+02 9.320579767227172852e-01
0.000000000000000000e+00 0.000000000000000000e+00 0.000000000000000000e+00
6.395075683593750000e+02 1.708197631835937500e+03 9.620662033557891846e-02
0.000000000000000000e+00 0.000000000000000000e+00 0.000000000000000000e+00
4.876076049804687500e+02 1.702757568359375000e+03 6.875324249267578125e-01
6.920698242187500000e+02 1.839044677734375000e+03 6.766718626022338867e-01
6.552873535156250000e+02 1.859765869140625000e+03 6.943453550338745117e-01
5.188078002929687500e+02 1.812706420898437500e+03 7.914455533027648926e-01
