8.856686401367187500e+02 2.674908142089843750e+02 7.440902590751647949e-01
6.029531250000000000e+02 3.933104248046875000e+02 6.018345355987548828e-01
5.610906982421875000e+02 3.985665283203125000e+02 6.187073588371276855e-01
3.095906372070312500e+02 5.503941040039062500e+02 7.690613865852355957e-01
5.241473999023437500e+02 2.730388183593750000e+02 8.511369228363037109e-01
6.553438720703125000e+02 3.932466430664062500e+02 4.127259850502014160e-01
0.000000000000000000e+00 0.000000000000000000e+00 0.000000000000000000e+00
0.000000000000000000e+00 0.000000000000000000e+00 0.000000000000000000e+00
3.776377563476562500e+02 8.540717163085937500e+02 5.294005274772644043e-01
3.146979064941406250e+02 8.596785888671875000e+02 5.292230248451232910e-01
6.551510620117187500e+02 1.069184936523437500e+03 7.912907600402832031e-01
4.353972778320312500e+02 1.535115722656250000e+03 7.262474298477172852e-01
4.457034301757812500e+02 8.281412353515625000e+02 4.273192882537841797e-01
7.391842651367187500e+02 9.851099853515625000e+02 7.838111519813537598e-01
5.818615722656250000e+02 1.262849975585937500e+03 1.018628478050231934e-01
8.595779418945312500e+02 2.152892456054687500e+02 8.066622614860534668e-01
8.958800659179687500e+02 2.259036254882812500e+02 5.444369465112686157e-02
7.442329101562500000e+02 1.891437530517578125e+02 8.215321302413940430e-01
0.000000000000000000e+00 0.000000000000000000e+00 0.000000000000000000e+00
6.448928833007812500e+02 1.325879760742187500e+03 2.717783451080322266e-01
6.445118408203125000e+02 1.325606201171875000e+03 2.601071000099182129e-01
0.000000000000000000e+00 0.000000000000000000e+00 0.000000000000000000e+00
5.608875732421875000e+02 1.660979980468750000e+03 6.303917169570922852e-01
5.191143798828125000e+02 1.660935302734375000e+03 5.224013924598693848e-01
3.881707458496093750e+02 1.561327270507812500e+03 6.423963308334350586e-01
