8.908173217773437500e+02 3.148533020019531250e+02 8.079570531845092773e-01
6.082518920898437500e+02 4.456639404296875000e+02 5.734608173370361328e-01
5.660358886718750000e+02 4.406015319824218750e+02 5.797404050827026367e-01
3.252628479003906250e+02 6.132901611328125000e+02 7.576053738594055176e-01
5.348043823242187500e+02 3.565303649902343750e+02 8.039682507514953613e-01
6.761476440429687500e+02 4.510136413574218750e+02 4.483378231525421143e-01
0.000000000000000000e+00 0.000000000000000000e+00 0.000000000000000000e+00
0.000000000000000000e+00 0.000000000000000000e+00 0.000000000000000000e+00
3.881421813964843750e+02 8.961532592773437500e+02 5.223796367645263672e-01
3.200143737792968750e+02 9.066465454101562500e+02 5.159133672714233398e-01
6.868405761718750000e+02 1.105688354492187500e+03 8.457638025283813477e-01
4.403065185546875000e+02 1.535223266601562500e+03 7.498801350593566895e-01
4.666666564941406250e+02 8.805149536132812500e+02 4.071070253849029541e-01
7.652985839843750000e+02 9.957255859375000000e+02 7.843397259712219238e-01
6.081040039062500000e+02 1.252373535156250000e+03 5.470827594399452209e-02
8.646928710937500000e+02 2.677471923828125000e+02 8.561675548553466797e-01
0.000000000000000000e+00 0.000000000000000000e+00 0.000000000000000000e+00
7.598851318359375000e+02 2.519154968261718750e+02 8.101053237915039062e-01
0.000000000000000000e+00 0.000000000000000000e+00 0.000000000000000000e+00
6.501086425781250000e+02 1.330966674804687500e+03 1.402556300163269043e-01
6.500261230468750000e+02 1.330935424804687500e+03 1.308373957872390747e-01
0.000000000000000000e+00 0.000000000000000000e+00 0.000000000000000000e+00
5.451999511718750000e+02 1.676580078125000000e+03 6.143246293067932129e-01
5.033048706054687500e+02 1.671318847656250000e+03 5.178268551826477051e-01
3.932642822265625000e+02 1.556185791015625000e+03 6.475114226341247559e-01
