8.488209228515625000e+02 5.606517944335937500e+02 8.915907740592956543e-01
6.500806884765625000e+02 6.868312377929687500e+02 6.863831877708435059e-01
6.238416748046875000e+02 6.917973632812500000e+02 7.167791724205017090e-01
4.770539550781250000e+02 9.486561889648437500e+02 8.506749272346496582e-01
6.341624755859375000e+02 7.651227416992187500e+02 7.798171639442443848e-01
6.917189331054687500e+02 6.867465820312500000e+02 5.871742963790893555e-01
0.000000000000000000e+00 0.000000000000000000e+00 0.000000000000000000e+00
0.000000000000000000e+00 0.000000000000000000e+00 0.000000000000000000e+00
3.513786315917968750e+02 9.852136230468750000e+02 6.028904318809509277e-01
3.043244934082031250e+02 9.904741821289062500e+02 6.227148175239562988e-01
5.977131958007812500e+02 1.262746337890625000e+03 8.055084943771362305e-01
4.875900268554687500e+02 1.587551025390625000e+03 7.915889620780944824e-01
3.986926879882812500e+02 9.799649658203125000e+02 5.144885778427124023e-01
5.975038452148437500e+02 1.126714599609375000e+03 8.016284108161926270e-01
5.085310363769531250e+02 1.404209350585937500e+03 7.720628380775451660e-01
8.176032104492187500e+02 5.243253784179687500e+02 9.410122036933898926e-01
0.000000000000000000e+00 0.000000000000000000e+00 0.000000000000000000e+00
7.389809570312500000e+02 5.400659179687500000e+02 6.635891199111938477e-01
0.000000000000000000e+00 0.000000000000000000e+00 0.000000000000000000e+00
6.080081176757812500e+02 1.435687377929687500e+03 3.730579614639282227e-01
6.029862670898437500e+02 1.430348144531250000e+03 3.736859261989593506e-01
4.614665222167968750e+02 1.430523803710937500e+03 6.174704432487487793e-01
6.290407104492187500e+02 1.655508178710937500e+03 7.839528322219848633e-01
5.818387451171875000e+02 1.661009521484375000e+03 7.355272173881530762e-01
4.510201721191406250e+02 1.608711547851562500e+03 7.516143321990966797e-01
