2.285256805419921875e+02 1.572256317138671875e+02 9.196189045906066895e-01
1.867244567871093750e+02 1.989433746337890625e+02 7.517352700233459473e-01
1.832958221435546875e+02 2.006913757324218750e+02 8.322784900665283203e-01
1.606538696289062500e+02 2.564679565429687500e+02 9.249233007431030273e-01
1.763456878662109375e+02 2.164655761718750000e+02 4.063686728477478027e-01
1.868487548828125000e+02 1.920545959472656250e+02 6.301885843276977539e-01
0.000000000000000000e+00 0.000000000000000000e+00 0.000000000000000000e+00
0.000000000000000000e+00 0.000000000000000000e+00 0.000000000000000000e+00
1.485485076904296875e+02 2.964610900878906250e+02 7.413160800933837891e-01
1.449459228515625000e+02 3.000030822753906250e+02 8.036570549011230469e-01
2.146881408691406250e+02 3.538660278320312500e+02 8.907410502433776855e-01
1.589783477783203125e+02 4.095869140625000000e+02 8.789240717887878418e-01
1.589911651611328125e+02 2.861226196289062500e+02 6.853937506675720215e-01
2.059907531738281250e+02 3.139263000488281250e+02 8.853678107261657715e-01
1.606722717285156250e+02 3.748338928222656250e+02 8.423532843589782715e-01
2.181211853027343750e+02 1.468518981933593750e+02 9.125156998634338379e-01
2.286132049560546875e+02 1.467331542968750000e+02 3.850876986980438232e-01
1.989773254394531250e+02 1.519497222900390625e+02 7.973147034645080566e-01
0.000000000000000000e+00 0.000000000000000000e+00 0.000000000000000000e+00
1.849862365722656250e+02 3.975635986328125000e+02 1.317597478628158569e-01
1.849750976562500000e+02 3.976171569824218750e+02 7.411829382181167603e-02
1.484976043701171875e+02 3.800571289062500000e+02 9.101023674011230469e-01
1.903474578857421875e+02 4.235299987792968750e+02 8.742012381553649902e-01
1.833463897705078125e+02 4.252815246582031250e+02 8.526763916015625000e-01
1.467527313232421875e+02 4.113701171875000000e+02 9.050683379173278809e-01
