8.541123657226562500e+02 5.192130737304687500e+02 9.422836899757385254e-01
6.498947753906250000e+02 6.553805541992187500e+02 6.741156578063964844e-01
6.133884887695312500e+02 6.604761962890625000e+02 7.497221827507019043e-01
4.772279968261718750e+02 9.016614379882812500e+02 8.728744983673095703e-01
6.445817260742187500e+02 7.180167236328125000e+02 8.183486461639404297e-01
6.866287231445312500e+02 6.553786621093750000e+02 6.188258528709411621e-01
6.501644897460937500e+02 8.019465942382812500e+02 5.131524056196212769e-02
0.000000000000000000e+00 0.000000000000000000e+00 0.000000000000000000e+00
3.514447326660156250e+02 9.435184326171875000e+02 6.449718475341796875e-01
3.043799438476562500e+02 9.538418579101562500e+02 6.432988643646240234e-01
5.662468872070312500e+02 1.231469604492187500e+03 8.285460472106933594e-01
4.876339721679687500e+02 1.577256958007812500e+03 7.932674884796142578e-01
4.037572326660156250e+02 9.432317504882812500e+02 5.606098175048828125e-01
5.714353027343750000e+02 1.116218261718750000e+03 8.165795803070068359e-01
5.188417968750000000e+02 1.399072143554687500e+03 7.390621900558471680e-01
8.230277709960937500e+02 4.875705566406250000e+02 8.742856383323669434e-01
0.000000000000000000e+00 0.000000000000000000e+00 0.000000000000000000e+00
7.442246093750000000e+02 4.981748962402343750e+02 6.962047219276428223e-01
0.000000000000000000e+00 0.000000000000000000e+00 0.000000000000000000e+00
6.083417358398437500e+02 1.435571289062500000e+03 7.530147433280944824e-01
6.080297851562500000e+02 1.414844726562500000e+03 7.403736710548400879e-01
4.561564941406250000e+02 1.430343627929687500e+03 4.297829866409301758e-01
6.341683349609375000e+02 1.650476196289062500e+03 7.927556037902832031e-01
5.819542846679687500e+02 1.655916625976562500e+03 7.394574284553527832e-01
4.561621704101562500e+02 1.608543457031250000e+03 7.497483491897583008e-01
