7.861775512695312500e+02 9.435812988281250000e+02 8.740924000740051270e-01
6.081500854492187500e+02 1.069217407226562500e+03 8.187933564186096191e-01
5.660794067382812500e+02 1.069136108398437500e+03 8.030604124069213867e-01
4.353663024902343750e+02 1.288971191406250000e+03 8.759746551513671875e-01
5.607548217773437500e+02 1.110899414062500000e+03 8.499195575714111328e-01
6.553323364257812500e+02 1.069207519531250000e+03 7.048546075820922852e-01
0.000000000000000000e+00 0.000000000000000000e+00 0.000000000000000000e+00
0.000000000000000000e+00 0.000000000000000000e+00 0.000000000000000000e+00
4.404252319335937500e+02 1.456672973632812500e+03 6.368313431739807129e-01
3.881509704589843750e+02 1.488087768554687500e+03 6.641478538513183594e-01
7.339018554687500000e+02 1.519447998046875000e+03 8.189799785614013672e-01
5.399251708984375000e+02 1.786805175781250000e+03 7.631547451019287109e-01
4.928683776855468750e+02 1.430477783203125000e+03 5.496119856834411621e-01
7.337488403320312500e+02 1.440946655273437500e+03 6.379317045211791992e-01
5.189893798828125000e+02 1.697479980468750000e+03 7.705847024917602539e-01
7.704742431640625000e+02 9.275234985351562500e+02 8.926295042037963867e-01
0.000000000000000000e+00 0.000000000000000000e+00 0.000000000000000000e+00
6.866041870117187500e+02 9.382847290039062500e+02 9.305380582809448242e-01
0.000000000000000000e+00 0.000000000000000000e+00 0.000000000000000000e+00
0.000000000000000000e+00 0.000000000000000000e+00 0.000000000000000000e+00
0.000000000000000000e+00 0.000000000000000000e+00 0.000000000000000000e+00
4.771988525390625000e+02 1.708070556640625000e+03 6.871463060379028320e-01
6.761713256835937500e+02 1.849348510742187500e+03 7.179077267646789551e-01
6.445917358398437500e+02 1.859827392578125000e+03 7.473025321960449219e-01
4.929138488769531250e+02 1.812765014648437500e+03 7.637735605239868164e-01
