1.156949081420898438e+02 8.120402832031250000e+02 8.876760005950927734e-01
3.094345703125000000e+02 8.963587036132812500e+02 7.393546700477600098e-01
2.730496215820312500e+02 9.016156005859375000e+02 5.591785907745361328e-01
3.199304504394531250e+02 1.105653076171875000e+03 2.787942588329315186e-01
3.567542114257812500e+02 1.194715942382812500e+03 2.676615417003631592e-01
3.304998168945312500e+02 8.959908447265625000e+02 7.808945775032043457e-01
4.615195007324218750e+02 1.074415161132812500e+03 8.377718925476074219e-01
2.466020660400390625e+02 9.797841796875000000e+02 8.506696224212646484e-01
6.082605590820312500e+02 1.189345947265625000e+03 5.184933543205261230e-01
6.027826538085937500e+02 1.173811157226562500e+03 3.355330228805541992e-01
3.619045410156250000e+02 1.268031372070312500e+03 3.295520544052124023e-01
4.980509948730468750e+02 1.393649658203125000e+03 6.806877851486206055e-01
6.341756591796875000e+02 1.194940917968750000e+03 6.416682600975036621e-01
3.253286132812500000e+02 1.331029418945312500e+03 7.922877073287963867e-01
5.296022338867187500e+02 1.561371948242187500e+03 7.922670841217041016e-01
0.000000000000000000e+00 0.000000000000000000e+00 0.000000000000000000e+00
1.420278167724609375e+02 7.808481445312500000e+02 9.281529784202575684e-01
0.000000000000000000e+00 0.000000000000000000e+00 0.000000000000000000e+00
2.255072326660156250e+02 8.125209350585937500e+02 9.120358228683471680e-01
4.350941772460937500e+02 1.681725463867187500e+03 7.835106253623962402e-01
4.770765075683593750e+02 1.676619873046875000e+03 6.892604827880859375e-01
5.715178833007812500e+02 1.566611450195312500e+03 7.953247427940368652e-01
0.000000000000000000e+00 0.000000000000000000e+00 0.000000000000000000e+00
0.000000000000000000e+00 0.000000000000000000e+00 0.000000000000000000e+00
5.243760986328125000e+02 1.398860107421875000e+03 7.028197646141052246e-01
