9.016893920898437500e+02 1.147636840820312500e+03 9.173620343208312988e-01
6.761324462890625000e+02 1.225994140625000000e+03 6.553680896759033203e-01
6.864301757812500000e+02 1.236593750000000000e+03 8.221865296363830566e-01
6.027892456054687500e+02 1.514261352539062500e+03 8.247247934341430664e-01
7.808521728515625000e+02 1.304710327148437500e+03 8.322643637657165527e-01
6.552135009765625000e+02 1.189679931640625000e+03 5.368592739105224609e-01
0.000000000000000000e+00 0.000000000000000000e+00 0.000000000000000000e+00
0.000000000000000000e+00 0.000000000000000000e+00 0.000000000000000000e+00
3.776608276367187500e+02 1.571703247070312500e+03 4.961951971054077148e-01
3.619635009765625000e+02 1.582349365234375000e+03 6.204159259796142578e-01
6.970855102539062500e+02 1.587574584960937500e+03 7.130532264709472656e-01
5.347433471679687500e+02 1.912405883789062500e+03 4.624199569225311279e-01
3.881599121093750000e+02 1.556120727539062500e+03 3.435088098049163818e-01
7.233332519531250000e+02 1.561437011718750000e+03 2.582867741584777832e-01
5.347935180664062500e+02 1.823296875000000000e+03 2.761797308921813965e-01
8.910201416015625000e+02 1.110877807617187500e+03 9.375456571578979492e-01
0.000000000000000000e+00 0.000000000000000000e+00 0.000000000000000000e+00
8.018955078125000000e+02 1.116281860351562500e+03 8.599705100059509277e-01
0.000000000000000000e+00 0.000000000000000000e+00 0.000000000000000000e+00
6.760390014648437500e+02 1.854660644531250000e+03 7.824376225471496582e-02
0.000000000000000000e+00 0.000000000000000000e+00 0.000000000000000000e+00
4.826671752929687500e+02 1.823418945312500000e+03 2.515465021133422852e-01
6.394593505859375000e+02 1.870347900390625000e+03 7.114038616418838501e-02
5.296085815429687500e+02 1.912495727539062500e+03 1.491318643093109131e-01
5.188289184570312500e+02 1.912427001953125000e+03 2.832647860050201416e-01
