1.474360046386718750e+02 6.499467163085937500e+02 9.210103750228881836e-01
3.514796752929687500e+02 7.443784179687500000e+02 6.555241346359252930e-01
3.462353210449218750e+02 7.339512329101562500e+02 4.959823787212371826e-01
0.000000000000000000e+00 0.000000000000000000e+00 0.000000000000000000e+00
0.000000000000000000e+00 0.000000000000000000e+00 0.000000000000000000e+00
3.618321838378906250e+02 7.548055419921875000e+02 7.734307050704956055e-01
5.399163818359375000e+02 9.377813720703125000e+02 8.605564236640930176e-01
3.149449462890625000e+02 8.229895019531250000e+02 8.745314478874206543e-01
6.026697387695312500e+02 1.095196777343750000e+03 6.135246753692626953e-01
5.608990478515625000e+02 1.074278808593750000e+03 4.742623567581176758e-01
3.564922485351562500e+02 1.147563964843750000e+03 8.534075021743774414e-01
5.188256225585937500e+02 1.419950439453125000e+03 7.942885160446166992e-01
6.342094726562500000e+02 1.105794921875000000e+03 6.809980273246765137e-01
3.566809387207031250e+02 1.351801757812500000e+03 8.719449043273925781e-01
5.347601318359375000e+02 1.603370117187500000e+03 7.900578975677490234e-01
0.000000000000000000e+00 0.000000000000000000e+00 0.000000000000000000e+00
1.836571044921875000e+02 6.341434326171875000e+02 8.837524056434631348e-01
0.000000000000000000e+00 0.000000000000000000e+00 0.000000000000000000e+00
2.624565429687500000e+02 6.551813354492187500e+02 8.955946564674377441e-01
4.350914611816406250e+02 1.718451293945312500e+03 7.777456641197204590e-01
4.770962829589843750e+02 1.718474121093750000e+03 6.893150210380554199e-01
5.716246948242187500e+02 1.608691650390625000e+03 8.018678426742553711e-01
0.000000000000000000e+00 0.000000000000000000e+00 0.000000000000000000e+00
0.000000000000000000e+00 0.000000000000000000e+00 0.000000000000000000e+00
5.399262084960937500e+02 1.440651611328125000e+03 7.687607407569885254e-01
