2.308374481201171875e+02 7.756015014648437500e+02 9.467170834541320801e-01
3.933829956054687500e+02 8.962835083007812500e+02 7.278075218200683594e-01
3.933351135253906250e+02 8.805615234375000000e+02 5.445430278778076172e-01
3.305307006835937500e+02 1.105897949218750000e+03 7.039238512516021729e-02
0.000000000000000000e+00 0.000000000000000000e+00 0.000000000000000000e+00
3.933841247558593750e+02 9.065828857421875000e+02 8.478822112083435059e-01
4.194420776367187500e+02 1.147720825195312500e+03 8.853410482406616211e-01
3.150935058593750000e+02 9.431649780273437500e+02 8.975202441215515137e-01
5.663571166992187500e+02 1.226247680664062500e+03 6.245702505111694336e-01
5.609874267578125000e+02 1.199957763671875000e+03 4.616271555423736572e-01
3.462451477050781250e+02 1.315168579101562500e+03 9.073793888092041016e-01
4.771662597656250000e+02 1.535304321289062500e+03 8.323100805282592773e-01
5.715585937500000000e+02 1.252296020507812500e+03 6.299127936363220215e-01
3.149917602539062500e+02 1.482872436523437500e+03 9.275862574577331543e-01
4.878133850097656250e+02 1.692129760742187500e+03 8.257897496223449707e-01
0.000000000000000000e+00 0.000000000000000000e+00 0.000000000000000000e+00
2.570653381347656250e+02 7.547498779296875000e+02 8.456646203994750977e-01
0.000000000000000000e+00 0.000000000000000000e+00 0.000000000000000000e+00
3.357538146972656250e+02 7.755285034179687500e+02 9.120103716850280762e-01
3.827577514648437500e+02 1.750019165039062500e+03 7.660179734230041504e-01
4.142385864257812500e+02 1.765551635742187500e+03 7.582949399948120117e-01
5.244081420898437500e+02 1.697421020507812500e+03 9.034962058067321777e-01
4.351442871093750000e+02 1.598093627929687500e+03 8.252964913845062256e-02
0.000000000000000000e+00 0.000000000000000000e+00 0.000000000000000000e+00
5.136530151367187500e+02 1.566409545898437500e+03 8.843666911125183105e-01
