8.856892089843750000e+02 3.042300109863281250e+02 7.737365961074829102e-01
6.081413574218750000e+02 4.246606750488281250e+02 5.745414495468139648e-01
5.660703125000000000e+02 4.090782470703125000e+02 5.940374135971069336e-01
3.149056701660156250e+02 5.819478759765625000e+02 7.678000926971435547e-01
5.296019287109375000e+02 3.149517211914062500e+02 8.110868930816650391e-01
6.709835815429687500e+02 4.352508544921875000e+02 4.610636532306671143e-01
0.000000000000000000e+00 0.000000000000000000e+00 0.000000000000000000e+00
0.000000000000000000e+00 0.000000000000000000e+00 0.000000000000000000e+00
3.828732910156250000e+02 8.699654541015625000e+02 5.245667695999145508e-01
3.147461547851562500e+02 8.959957885742187500e+02 5.357723236083984375e-01
6.709714355468750000e+02 1.100269653320312500e+03 7.551414370536804199e-01
4.403566589355468750e+02 1.540527709960937500e+03 7.414972186088562012e-01
4.613674926757812500e+02 8.544201660156250000e+02 4.386334419250488281e-01
7.599509887695312500e+02 9.905975952148437500e+02 7.635916471481323242e-01
6.028660888671875000e+02 1.268104858398437500e+03 9.178684651851654053e-02
8.597178344726562500e+02 2.519728851318359375e+02 8.242369294166564941e-01
0.000000000000000000e+00 0.000000000000000000e+00 0.000000000000000000e+00
7.495339965820312500e+02 2.258409881591796875e+02 8.187139630317687988e-01
0.000000000000000000e+00 0.000000000000000000e+00 0.000000000000000000e+00
6.499433593750000000e+02 1.341362182617187500e+03 2.176959514617919922e-01
6.497856445312500000e+02 1.330879516601562500e+03 2.152510732412338257e-01
6.080581665039062500e+02 1.315363403320312500e+03 5.414853245019912720e-02
5.451743164062500000e+02 1.671458496093750000e+03 6.281000375747680664e-01
4.928112182617187500e+02 1.671292968750000000e+03 5.443673729896545410e-01
3.932879333496093750e+02 1.566558349609375000e+03 6.855662465095520020e-01
