2.362435455322265625e+02 5.085412902832031250e+02 8.375703096389770508e-01
4.142708435058593750e+02 6.500473632812500000e+02 6.790981888771057129e-01
3.933882751464843750e+02 6.657028808593750000e+02 5.935491919517517090e-01
5.242747192382812500e+02 8.700314941406250000e+02 1.520195752382278442e-01
4.195510253906250000e+02 9.800308227539062500e+02 4.462308287620544434e-01
4.404004211425781250e+02 6.444835815429687500e+02 7.942978143692016602e-01
6.133335571289062500e+02 7.233981323242187500e+02 8.449516892433166504e-01
4.769657592773437500e+02 4.509612731933593750e+02 7.747315764427185059e-01
6.971181640625000000e+02 1.016555541992187500e+03 5.209146142005920410e-01
6.657308959960937500e+02 1.022019531250000000e+03 3.591265678405761719e-01
7.756304931640625000e+02 1.278628051757812500e+03 3.198297917842864990e-01
8.175006713867187500e+02 1.268083984375000000e+03 6.250295042991638184e-02
7.233482666015625000e+02 1.000942260742187500e+03 5.330959558486938477e-01
4.457699584960937500e+02 1.330856567382812500e+03 7.912247180938720703e-01
5.606835327148437500e+02 1.786554565429687500e+03 7.625188827514648438e-01
0.000000000000000000e+00 0.000000000000000000e+00 0.000000000000000000e+00
2.727041625976562500e+02 4.772808532714843750e+02 9.345552325248718262e-01
0.000000000000000000e+00 0.000000000000000000e+00 0.000000000000000000e+00
3.567874755859375000e+02 4.929698791503906250e+02 8.524830937385559082e-01
3.986681823730468750e+02 1.854619262695312500e+03 6.562714576721191406e-01
4.457300415039062500e+02 1.859991333007812500e+03 6.220517158508300781e-01
5.974812622070312500e+02 1.823179931640625000e+03 6.943136453628540039e-01
0.000000000000000000e+00 0.000000000000000000e+00 0.000000000000000000e+00
0.000000000000000000e+00 0.000000000000000000e+00 0.000000000000000000e+00
0.000000000000000000e+00 0.000000000000000000e+00 0.000000000000000000e+00
