8.804163818359375000e+02 3.252964172363281250e+02 7.849248647689819336e-01
6.080681762695312500e+02 4.561656799316406250e+02 5.832756757736206055e-01
5.662991943359375000e+02 4.718025817871093750e+02 5.392165184020996094e-01
3.408846740722656250e+02 6.133027343750000000e+02 7.465883493423461914e-01
5.399306640625000000e+02 3.565609436035156250e+02 7.971424460411071777e-01
6.605615844726562500e+02 4.509434814453125000e+02 4.332257807254791260e-01
0.000000000000000000e+00 0.000000000000000000e+00 0.000000000000000000e+00
0.000000000000000000e+00 0.000000000000000000e+00 0.000000000000000000e+00
3.881213073730468750e+02 9.012777099609375000e+02 4.955763816833496094e-01
3.252994689941406250e+02 9.223025512695312500e+02 4.788308739662170410e-01
6.919752807617187500e+02 1.105858154296875000e+03 8.552205562591552734e-01
4.403496093750000000e+02 1.535312866210937500e+03 7.457220554351806641e-01
4.562152709960937500e+02 8.804090576171875000e+02 3.770719170570373535e-01
7.702518310546875000e+02 9.958208618164062500e+02 7.831503152847290039e-01
6.079164428710937500e+02 1.179004882812500000e+03 8.053144067525863647e-02
8.596685180664062500e+02 2.731631774902343750e+02 8.611009120941162109e-01
0.000000000000000000e+00 0.000000000000000000e+00 0.000000000000000000e+00
7.494326171875000000e+02 2.571389465332031250e+02 8.251475691795349121e-01
0.000000000000000000e+00 0.000000000000000000e+00 0.000000000000000000e+00
0.000000000000000000e+00 0.000000000000000000e+00 0.000000000000000000e+00
0.000000000000000000e+00 0.000000000000000000e+00 0.000000000000000000e+00
0.000000000000000000e+00 0.000000000000000000e+00 0.000000000000000000e+00
5.452989501953125000e+02 1.671342285156250000e+03 6.285879015922546387e-01
4.928235473632812500e+02 1.661039184570312500e+03 5.544723272323608398e-01
3.931816406250000000e+02 1.561258300781250000e+03 6.823279261589050293e-01
