8.018125000000000000e+02 7.286536254882812500e+02 9.084885120391845703e-01
6.185324096679687500e+02 8.070325927734375000e+02 6.316431760787963867e-01
6.134305419921875000e+02 8.174534912109375000e+02 8.865358829498291016e-01
5.187705078125000000e+02 9.904301757812500000e+02 8.930466771125793457e-01
6.502133789062500000e+02 8.648415527343750000e+02 8.819167017936706543e-01
6.238095703125000000e+02 7.759060058593750000e+02 5.442858338356018066e-01
0.000000000000000000e+00 0.000000000000000000e+00 0.000000000000000000e+00
0.000000000000000000e+00 0.000000000000000000e+00 0.000000000000000000e+00
3.357254028320312500e+02 1.016591247558593750e+03 6.175105571746826172e-01
3.149849243164062500e+02 1.027092285156250000e+03 7.267338037490844727e-01
6.030187988281250000e+02 1.199930297851562500e+03 9.162428379058837891e-01
4.717062377929687500e+02 1.482582763671875000e+03 8.207843303680419922e-01
3.513386535644531250e+02 9.904596557617187500e+02 4.636263251304626465e-01
5.924081420898437500e+02 1.110733886718750000e+03 8.798508644104003906e-01
4.615198059082031250e+02 1.362450317382812500e+03 7.901363968849182129e-01
7.810231323242187500e+02 6.972384033203125000e+02 8.864226341247558594e-01
0.000000000000000000e+00 0.000000000000000000e+00 0.000000000000000000e+00
7.282630615234375000e+02 6.973631591796875000e+02 8.958567380905151367e-01
0.000000000000000000e+00 0.000000000000000000e+00 0.000000000000000000e+00
5.663853149414062500e+02 1.393750610351562500e+03 7.134323716163635254e-01
5.661804199218750000e+02 1.383276977539062500e+03 6.990103125572204590e-01
4.299710693359375000e+02 1.388510620117187500e+03 8.362383842468261719e-01
5.870875244140625000e+02 1.519541503906250000e+03 7.859066724777221680e-01
5.607778320312500000e+02 1.529797607421875000e+03 8.675227761268615723e-01
4.352094116210937500e+02 1.493280395507812500e+03 8.494662642478942871e-01
