7.022983398437500000e+02 6.025335693359375000e+02 8.696066141128540039e-01
5.660564575195312500e+02 7.652381591796875000e+02 8.399124741554260254e-01
5.453064575195312500e+02 7.862320556640625000e+02 7.299397587776184082e-01
4.456594848632812500e+02 1.016466186523437500e+03 8.453246951103210449e-01
5.607712402343750000e+02 8.959489746093750000e+02 7.900235056877136230e-01
5.922803344726562500e+02 7.337395019531250000e+02 5.835303068161010742e-01
4.405577087402343750e+02 8.540335083007812500e+02 2.737406790256500244e-01
0.000000000000000000e+00 0.000000000000000000e+00 0.000000000000000000e+00
3.827900390625000000e+02 1.158180297851562500e+03 5.696489214897155762e-01
3.305471191406250000e+02 1.179036254882812500e+03 5.538598299026489258e-01
6.083613891601562500e+02 1.456732299804687500e+03 8.049401044845581055e-01
4.457044067382812500e+02 1.765711791992187500e+03 7.820190787315368652e-01
4.300096435546875000e+02 1.152685058593750000e+03 5.116196274757385254e-01
5.871184082031250000e+02 1.278540039062500000e+03 8.396342992782592773e-01
4.407169189453125000e+02 1.561290161132812500e+03 7.601187229156494141e-01
6.864169921875000000e+02 5.662659912109375000e+02 9.447091817855834961e-01
0.000000000000000000e+00 0.000000000000000000e+00 0.000000000000000000e+00
6.028258056640625000e+02 6.030902709960937500e+02 9.554628133773803711e-01
0.000000000000000000e+00 0.000000000000000000e+00 0.000000000000000000e+00
5.191469726562500000e+02 1.603203369140625000e+03 6.250793486833572388e-02
0.000000000000000000e+00 0.000000000000000000e+00 0.000000000000000000e+00
4.091358032226562500e+02 1.582446289062500000e+03 7.803849577903747559e-01
6.026487426757812500e+02 1.823324340820312500e+03 7.600560784339904785e-01
5.555997314453125000e+02 1.838931762695312500e+03 6.316887140274047852e-01
4.039079589843750000e+02 1.776121948242187500e+03 7.791374325752258301e-01
