8.542359619140625000e+02 5.452034301757812500e+02 8.880005478858947754e-01
6.552008056640625000e+02 6.864001464843750000e+02 6.808477640151977539e-01
6.343152465820312500e+02 6.864506835937500000e+02 7.508234977722167969e-01
4.770754089355468750e+02 9.381042480468750000e+02 8.990692496299743652e-01
6.395484008789062500e+02 7.390795898437500000e+02 8.135929107666015625e-01
6.917565307617187500e+02 6.814047241210937500e+02 6.057175397872924805e-01
6.498533325195312500e+02 8.647436523437500000e+02 5.704259127378463745e-02
0.000000000000000000e+00 0.000000000000000000e+00 0.000000000000000000e+00
3.513507995605468750e+02 9.747959594726562500e+02 6.105016469955444336e-01
3.042701110839843750e+02 9.851021728515625000e+02 6.496944427490234375e-01
5.871977539062500000e+02 1.247083129882812500e+03 7.600582242012023926e-01
4.877169494628906250e+02 1.582382080078125000e+03 7.855459451675415039e-01
3.985918273925781250e+02 9.642098388671875000e+02 5.142599344253540039e-01
5.922360229492187500e+02 1.116132324218750000e+03 8.229219317436218262e-01
5.138499145507812500e+02 1.398981689453125000e+03 7.702938318252563477e-01
8.229666748046875000e+02 5.188505249023437500e+02 8.829978704452514648e-01
0.000000000000000000e+00 0.000000000000000000e+00 0.000000000000000000e+00
7.391836547851562500e+02 5.244597778320312500e+02 7.477537989616394043e-01
0.000000000000000000e+00 0.000000000000000000e+00 0.000000000000000000e+00
6.083368530273437500e+02 1.430466186523437500e+03 7.299683094024658203e-01
6.081600952148437500e+02 1.419927734375000000e+03 7.047452330589294434e-01
4.666084899902343750e+02 1.419948974609375000e+03 5.510168671607971191e-01
6.341853637695312500e+02 1.650512573242187500e+03 7.865848541259765625e-01
5.819328613281250000e+02 1.660849243164062500e+03 7.373863458633422852e-01
4.561352233886718750e+02 1.608621337890625000e+03 7.560163736343383789e-01
