1.680245513916015625e+02 9.747035522460937500e+02 8.381939530372619629e-01
3.828225402832031250e+02 1.006147521972656250e+03 6.453448534011840820e-01
3.880319213867187500e+02 9.800517578125000000e+02 5.108884572982788086e-01
0.000000000000000000e+00 0.000000000000000000e+00 0.000000000000000000e+00
0.000000000000000000e+00 0.000000000000000000e+00 0.000000000000000000e+00
3.829273681640625000e+02 1.027062500000000000e+03 7.900416851043701172e-01
5.243288574218750000e+02 1.189720703125000000e+03 9.333250522613525391e-01
3.043801269531250000e+02 1.116177001953125000e+03 8.681483864784240723e-01
6.657577514648437500e+02 1.304711791992187500e+03 4.396868944168090820e-01
6.605239257812500000e+02 1.283845825195312500e+03 2.840192019939422607e-01
4.351715698242187500e+02 1.283750122070312500e+03 2.109658420085906982e-01
0.000000000000000000e+00 0.000000000000000000e+00 0.000000000000000000e+00
6.812539062500000000e+02 1.320469970703125000e+03 6.696650385856628418e-01
3.567164001464843750e+02 1.388514892578125000e+03 8.286229968070983887e-01
5.715753173828125000e+02 1.598040649414062500e+03 7.664741277694702148e-01
0.000000000000000000e+00 0.000000000000000000e+00 0.000000000000000000e+00
1.839451293945312500e+02 9.432569580078125000e+02 9.403142929077148438e-01
0.000000000000000000e+00 0.000000000000000000e+00 0.000000000000000000e+00
2.675033874511718750e+02 9.589786987304687500e+02 8.521033525466918945e-01
4.770486145019531250e+02 1.708050537109375000e+03 7.289671897888183594e-01
5.190902099609375000e+02 1.702968383789062500e+03 6.765857934951782227e-01
6.184907226562500000e+02 1.603293579101562500e+03 7.626069188117980957e-01
0.000000000000000000e+00 0.000000000000000000e+00 0.000000000000000000e+00
0.000000000000000000e+00 0.000000000000000000e+00 0.000000000000000000e+00
0.000000000000000000e+00 0.000000000000000000e+00 0.000000000000000000e+00
