8.699574584960937500e+02 3.303962707519531250e+02 7.974864244461059570e-01
6.029969482421875000e+02 4.613975524902343750e+02 5.873794555664062500e-01
5.608524169921875000e+02 4.510690307617187500e+02 5.777057409286499023e-01
3.200196838378906250e+02 6.289921264648437500e+02 7.589457631111145020e-01
5.243669433593750000e+02 3.569541015625000000e+02 8.344755172729492188e-01
6.709638671875000000e+02 4.718111267089843750e+02 4.631353020668029785e-01
0.000000000000000000e+00 0.000000000000000000e+00 0.000000000000000000e+00
0.000000000000000000e+00 0.000000000000000000e+00 0.000000000000000000e+00
3.879899597167968750e+02 9.014675292968750000e+02 5.153446793556213379e-01
3.148359680175781250e+02 9.326976928710937500e+02 5.318268537521362305e-01
6.919657592773437500e+02 1.110817260742187500e+03 8.552917838096618652e-01
4.403220214843750000e+02 1.545664550781250000e+03 7.217645645141601562e-01
4.614462585449218750e+02 8.856444091796875000e+02 3.945397138595581055e-01
7.702131958007812500e+02 1.001012939453125000e+03 7.883275747299194336e-01
6.080450439453125000e+02 1.189497436523437500e+03 8.891323208808898926e-02
8.594013061523437500e+02 2.780165710449218750e+02 8.863213062286376953e-01
0.000000000000000000e+00 0.000000000000000000e+00 0.000000000000000000e+00
7.390908813476562500e+02 2.623812866210937500e+02 8.570061922073364258e-01
0.000000000000000000e+00 0.000000000000000000e+00 0.000000000000000000e+00
0.000000000000000000e+00 0.000000000000000000e+00 0.000000000000000000e+00
0.000000000000000000e+00 0.000000000000000000e+00 0.000000000000000000e+00
0.000000000000000000e+00 0.000000000000000000e+00 0.000000000000000000e+00
5.451918334960937500e+02 1.676685058593750000e+03 5.646942257881164551e-01
5.032653198242187500e+02 1.676540405273437500e+03 4.767632484436035156e-01
3.931971435546875000e+02 1.566496948242187500e+03 6.663044095039367676e-01
