8.855737915039062500e+02 2.727221679687500000e+02 7.881997823715209961e-01
6.029315795898437500e+02 3.933177795410156250e+02 5.867774486541748047e-01
5.609114379882812500e+02 3.985471496582031250e+02 5.926993489265441895e-01
3.146021728515625000e+02 5.556932373046875000e+02 8.057856559753417969e-01
5.243890380859375000e+02 2.833428344726562500e+02 8.105148077011108398e-01
6.605009765625000000e+02 3.932846679687500000e+02 4.243534803390502930e-01
0.000000000000000000e+00 0.000000000000000000e+00 0.000000000000000000e+00
0.000000000000000000e+00 0.000000000000000000e+00 0.000000000000000000e+00
3.880067138671875000e+02 8.542203369140625000e+02 5.382242202758789062e-01
3.148003845214843750e+02 8.648333740234375000e+02 5.144516229629516602e-01
6.553614501953125000e+02 1.074289428710937500e+03 7.708663940429687500e-01
4.404543762207031250e+02 1.535143188476562500e+03 7.547746896743774414e-01
4.562123107910156250e+02 8.333743286132812500e+02 4.243052005767822266e-01
7.442071533203125000e+02 9.851957397460937500e+02 7.841205000877380371e-01
5.975346679687500000e+02 1.210473510742187500e+03 1.059302911162376404e-01
8.597172851562500000e+02 2.255160980224609375e+02 8.607568144798278809e-01
0.000000000000000000e+00 0.000000000000000000e+00 0.000000000000000000e+00
7.494261474609375000e+02 1.890386505126953125e+02 8.421954512596130371e-01
0.000000000000000000e+00 0.000000000000000000e+00 0.000000000000000000e+00
6.446452636718750000e+02 1.325654174804687500e+03 1.525008380413055420e-01
6.394500732421875000e+02 1.320610473632812500e+03 1.448730528354644775e-01
0.000000000000000000e+00 0.000000000000000000e+00 0.000000000000000000e+00
5.556150512695312500e+02 1.661075683593750000e+03 6.539521813392639160e-01
5.033843078613281250e+02 1.660952392578125000e+03 5.770202279090881348e-01
3.933714904785156250e+02 1.556228759765625000e+03 6.670706272125244141e-01
