7.914320068359375000e+02 7.703491821289062500e+02 9.014274477958679199e-01
6.238953857421875000e+02 9.015008544921875000e+02 7.563929557800292969e-01
5.976520996093750000e+02 9.066015014648437500e+02 7.661764025688171387e-01
4.826149902343750000e+02 1.194786743164062500e+03 9.036274552345275879e-01
5.975569458007812500e+02 9.904077758789062500e+02 7.659889459609985352e-01
6.553986206054687500e+02 8.963547973632812500e+02 7.301348447799682617e-01
6.448941650390625000e+02 1.063831298828125000e+03 1.127252653241157532e-01
0.000000000000000000e+00 0.000000000000000000e+00 0.000000000000000000e+00
4.090254516601562500e+02 1.236517089843750000e+03 5.906032323837280273e-01
3.775717468261718750e+02 1.268114746093750000e+03 6.530282497406005859e-01
7.284944458007812500e+02 1.404123779296875000e+03 8.942155241966247559e-01
5.188113403320312500e+02 1.655560058593750000e+03 8.503084778785705566e-01
4.456541137695312500e+02 1.199971069335937500e+03 4.413955509662628174e-01
6.917844238281250000e+02 1.236470092773437500e+03 8.859207630157470703e-01
5.191159667968750000e+02 1.482731445312500000e+03 8.505055904388427734e-01
7.704853515625000000e+02 7.340714111328125000e+02 9.289037585258483887e-01
7.809548339843750000e+02 7.340450439453125000e+02 9.256751090288162231e-02
6.867769775390625000e+02 7.651492919921875000e+02 7.469397783279418945e-01
0.000000000000000000e+00 0.000000000000000000e+00 0.000000000000000000e+00
5.767332763671875000e+02 1.503809448242187500e+03 2.501498758792877197e-01
5.714901123046875000e+02 1.482945312500000000e+03 2.544545531272888184e-01
4.823371887207031250e+02 1.493434448242187500e+03 8.931929469108581543e-01
6.394905395507812500e+02 1.728940795898437500e+03 7.423853874206542969e-01
5.976500854492187500e+02 1.734262451171875000e+03 7.658660411834716797e-01
4.769526977539062500e+02 1.660983276367187500e+03 8.131951093673706055e-01
