8.804282836914062500e+02 3.620484924316406250e+02 7.705321311950683594e-01
6.082078247070312500e+02 4.928699645996093750e+02 5.980379581451416016e-01
5.610175170898437500e+02 4.876100769042968750e+02 5.940658450126647949e-01
3.305731201171875000e+02 6.813425903320312500e+02 7.547479867935180664e-01
5.348953857421875000e+02 3.986755676269531250e+02 7.818871736526489258e-01
6.761705322265625000e+02 5.033356323242187500e+02 4.811041057109832764e-01
0.000000000000000000e+00 0.000000000000000000e+00 0.000000000000000000e+00
0.000000000000000000e+00 0.000000000000000000e+00 0.000000000000000000e+00
3.986164245605468750e+02 9.379329833984375000e+02 5.172194838523864746e-01
3.251939697265625000e+02 9.485906372070312500e+02 5.206298232078552246e-01
6.972783203125000000e+02 1.142285156250000000e+03 7.697478532791137695e-01
4.458882446289062500e+02 1.577043334960937500e+03 7.067717313766479492e-01
4.824229736328125000e+02 9.170885620117187500e+02 4.174675047397613525e-01
7.706345825195312500e+02 1.027141235351562500e+03 8.124856352806091309e-01
6.238747558593750000e+02 1.309931518554687500e+03 6.410351395606994629e-02
8.595398559570312500e+02 3.148038635253906250e+02 8.908667564392089844e-01
0.000000000000000000e+00 0.000000000000000000e+00 0.000000000000000000e+00
7.391776733398437500e+02 2.990039672851562500e+02 8.306427597999572754e-01
0.000000000000000000e+00 0.000000000000000000e+00 0.000000000000000000e+00
6.762012939453125000e+02 1.367759887695312500e+03 1.336318105459213257e-01
0.000000000000000000e+00 0.000000000000000000e+00 0.000000000000000000e+00
0.000000000000000000e+00 0.000000000000000000e+00 0.000000000000000000e+00
5.660488891601562500e+02 1.713248779296875000e+03 6.341447234153747559e-01
5.138450317382812500e+02 1.708073364257812500e+03 5.413568615913391113e-01
3.987754821777343750e+02 1.597939941406250000e+03 6.404594182968139648e-01
