7.914621582031250000e+02 8.542320556640625000e+02 8.719713687896728516e-01
6.080188598632812500e+02 9.797888183593750000e+02 8.563783764839172363e-01
5.608801879882812500e+02 9.591314086914062500e+02 8.115847110748291016e-01
4.509699401855468750e+02 1.194674438476562500e+03 8.486344218254089355e-01
5.662947998046875000e+02 1.021740722656250000e+03 8.581761121749877930e-01
6.552981567382812500e+02 9.850704345703125000e+02 7.744414210319519043e-01
5.767331542968750000e+02 1.200059448242187500e+03 1.401007175445556641e-01
6.134552001953125000e+02 1.294333007812500000e+03 2.352388203144073486e-01
4.717536010742187500e+02 1.398808715820312500e+03 6.887773871421813965e-01
4.143403625488281250e+02 1.409510620117187500e+03 6.452203392982482910e-01
7.391547851562500000e+02 1.519462036132812500e+03 8.095626235008239746e-01
5.557612915039062500e+02 1.781532226562500000e+03 8.071627616882324219e-01
5.190326538085937500e+02 1.367619750976562500e+03 6.439046263694763184e-01
7.287537841796875000e+02 1.446118530273437500e+03 7.653802633285522461e-01
5.242111816406250000e+02 1.692254150390625000e+03 7.736796140670776367e-01
7.755922241210937500e+02 8.177287597656250000e+02 9.354969263076782227e-01
0.000000000000000000e+00 0.000000000000000000e+00 0.000000000000000000e+00
6.865885620117187500e+02 8.385569458007812500e+02 8.361164331436157227e-01
0.000000000000000000e+00 0.000000000000000000e+00 0.000000000000000000e+00
5.818786621093750000e+02 1.734308593750000000e+03 5.698446184396743774e-02
0.000000000000000000e+00 0.000000000000000000e+00 0.000000000000000000e+00
4.825278015136718750e+02 1.702706054687500000e+03 7.040112614631652832e-01
6.917728881835937500e+02 1.838932861328125000e+03 7.171896696090698242e-01
6.501303710937500000e+02 1.859677856445312500e+03 7.424503564834594727e-01
5.138300781250000000e+02 1.802283081054687500e+03 7.930768728256225586e-01
