8.069287109375000000e+02 8.436712646484375000e+02 8.485966920852661133e-01
6.343558959960937500e+02 9.797256469726562500e+02 7.664339542388916016e-01
6.029675292968750000e+02 9.798989868164062500e+02 8.044452071189880371e-01
4.875223388671875000e+02 1.257645751953125000e+03 8.434337377548217773e-01
5.976040649414062500e+02 1.063617431640625000e+03 7.440419197082519531e-01
6.605944824218750000e+02 9.695037841796875000e+02 6.872035264968872070e-01
6.445532836914062500e+02 1.142347656250000000e+03 7.675648480653762817e-02
0.000000000000000000e+00 0.000000000000000000e+00 0.000000000000000000e+00
3.934036865234375000e+02 1.283853149414062500e+03 5.587927103042602539e-01
3.671199645996093750e+02 1.315155029296875000e+03 6.905199885368347168e-01
7.284719238281250000e+02 1.404184936523437500e+03 8.932275176048278809e-01
5.136177978515625000e+02 1.650429931640625000e+03 8.364428281784057617e-01
4.246949768066406250e+02 1.262790771484375000e+03 3.976283073425292969e-01
6.920080566406250000e+02 1.231465454101562500e+03 8.652980327606201172e-01
5.191506958007812500e+02 1.482966308593750000e+03 8.156008720397949219e-01
7.758648681640625000e+02 8.125167846679687500e+02 9.392802715301513672e-01
0.000000000000000000e+00 0.000000000000000000e+00 0.000000000000000000e+00
6.971466064453125000e+02 8.178634033203125000e+02 7.752278447151184082e-01
0.000000000000000000e+00 0.000000000000000000e+00 0.000000000000000000e+00
5.660715332031250000e+02 1.519531127929687500e+03 1.554931998252868652e-01
5.608212280273437500e+02 1.493423461914062500e+03 1.396449357271194458e-01
4.822369079589843750e+02 1.493333618164062500e+03 7.827138900756835938e-01
6.341966552734375000e+02 1.723676513671875000e+03 7.031822204589843750e-01
5.923159179687500000e+02 1.729070678710937500e+03 7.202335000038146973e-01
4.718959045410156250e+02 1.655808715820312500e+03 8.170127868652343750e-01
