8.698997802734375000e+02 3.201227722167968750e+02 8.043550848960876465e-01
6.079645385742187500e+02 4.562449951171875000e+02 5.659010410308837891e-01
5.610836181640625000e+02 4.457938537597656250e+02 5.739710330963134766e-01
3.199334716796875000e+02 6.341970214843750000e+02 7.647231817245483398e-01
5.245561523437500000e+02 3.568969116210937500e+02 8.058477640151977539e-01
6.708836669921875000e+02 4.719111328125000000e+02 4.479929804801940918e-01
0.000000000000000000e+00 0.000000000000000000e+00 0.000000000000000000e+00
0.000000000000000000e+00 0.000000000000000000e+00 0.000000000000000000e+00
3.880477600097656250e+02 9.014598999023437500e+02 5.326926112174987793e-01
3.149022216796875000e+02 9.326845092773437500e+02 5.242246985435485840e-01
6.920296630859375000e+02 1.110855712890625000e+03 8.420057892799377441e-01
4.354016723632812500e+02 1.545667114257812500e+03 7.349594831466674805e-01
4.614438781738281250e+02 8.857039184570312500e+02 4.102099537849426270e-01
7.703219604492187500e+02 1.000995788574218750e+03 7.990323305130004883e-01
6.080345458984375000e+02 1.184267700195312500e+03 8.452339470386505127e-02
8.544114379882812500e+02 2.730923461914062500e+02 8.867921829223632812e-01
0.000000000000000000e+00 0.000000000000000000e+00 0.000000000000000000e+00
7.390264282226562500e+02 2.622827758789062500e+02 8.400990962982177734e-01
0.000000000000000000e+00 0.000000000000000000e+00 0.000000000000000000e+00
0.000000000000000000e+00 0.000000000000000000e+00 0.000000000000000000e+00
0.000000000000000000e+00 0.000000000000000000e+00 0.000000000000000000e+00
0.000000000000000000e+00 0.000000000000000000e+00 0.000000000000000000e+00
5.504506225585937500e+02 1.676685424804687500e+03 6.168108582496643066e-01
5.033486938476562500e+02 1.676534667968750000e+03 5.216667056083679199e-01
3.931983642578125000e+02 1.561430786132812500e+03 6.920061111450195312e-01
