1.313403625488281250e+02 6.554387817382812500e+02 8.458519577980041504e-01
3.200213623046875000e+02 7.600193481445312500e+02 6.828068494796752930e-01
3.199422912597656250e+02 7.441957397460937500e+02 5.327429771423339844e-01
4.510470581054687500e+02 8.227966918945312500e+02 1.127891242504119873e-01
0.000000000000000000e+00 0.000000000000000000e+00 0.000000000000000000e+00
3.356326599121093750e+02 7.703699340820312500e+02 7.956455945968627930e-01
5.137761230468750000e+02 9.431149902343750000e+02 9.070948958396911621e-01
2.989220886230468750e+02 8.385537109375000000e+02 8.125336766242980957e-01
5.715144042968750000e+02 1.105738525390625000e+03 6.122431755065917969e-01
5.296511230468750000e+02 1.100295043945312500e+03 4.563844203948974609e-01
3.253302001953125000e+02 1.152958740234375000e+03 8.288644552230834961e-01
4.928129577636718750e+02 1.435566650390625000e+03 7.895740866661071777e-01
6.081453247070312500e+02 1.116127685546875000e+03 6.702830195426940918e-01
3.409671630859375000e+02 1.362336669921875000e+03 8.667892217636108398e-01
5.190635375976562500e+02 1.608497924804687500e+03 8.554735183715820312e-01
0.000000000000000000e+00 0.000000000000000000e+00 0.000000000000000000e+00
1.473548583984375000e+02 6.445800170898437500e+02 9.106140732765197754e-01
0.000000000000000000e+00 0.000000000000000000e+00 0.000000000000000000e+00
2.309734954833984375e+02 6.709191894531250000e+02 8.513319492340087891e-01
4.090044860839843750e+02 1.723634399414062500e+03 7.718501091003417969e-01
4.613919982910156250e+02 1.718520874023437500e+03 6.962654590606689453e-01
5.608319091796875000e+02 1.613886352539062500e+03 8.028717041015625000e-01
4.979946594238281250e+02 1.488068237304687500e+03 1.776931136846542358e-01
0.000000000000000000e+00 0.000000000000000000e+00 0.000000000000000000e+00
5.191702880859375000e+02 1.445967651367187500e+03 8.477376699447631836e-01
