3.988471679687500000e+02 8.961751708984375000e+02 9.267584085464477539e-01
5.976174926757812500e+02 9.435865478515625000e+02 7.931224703788757324e-01
5.294620361328125000e+02 9.434251708984375000e+02 6.525497436523437500e-01
5.662269287109375000e+02 1.121442993164062500e+03 1.056012734770774841e-01
0.000000000000000000e+00 0.000000000000000000e+00 0.000000000000000000e+00
6.501254882812500000e+02 9.486636962890625000e+02 7.697662711143493652e-01
7.702586669921875000e+02 1.163348388671875000e+03 8.199375867843627930e-01
6.290645141601562500e+02 1.063723999023437500e+03 8.169935941696166992e-01
7.232359619140625000e+02 1.273278686523437500e+03 6.314415931701660156e-01
6.501768798828125000e+02 1.231436767578125000e+03 5.692196488380432129e-01
4.300226745605468750e+02 1.189433471679687500e+03 8.411685824394226074e-01
5.662108764648437500e+02 1.446118774414062500e+03 2.055894434452056885e-01
7.756364746093750000e+02 1.309990600585937500e+03 6.491845846176147461e-01
3.988297424316406250e+02 1.314983886718750000e+03 8.787018656730651855e-01
6.395748901367187500e+02 1.613758544921875000e+03 7.616102695465087891e-01
0.000000000000000000e+00 0.000000000000000000e+00 0.000000000000000000e+00
4.142848205566406250e+02 8.646473999023437500e+02 8.696264028549194336e-01
0.000000000000000000e+00 0.000000000000000000e+00 0.000000000000000000e+00
4.928539428710937500e+02 8.488770141601562500e+02 8.371443748474121094e-01
5.608333740234375000e+02 1.723703857421875000e+03 6.575210690498352051e-01
5.976883544921875000e+02 1.723724975585937500e+03 6.756143569946289062e-01
6.866964721679687500e+02 1.619076538085937500e+03 7.233089804649353027e-01
0.000000000000000000e+00 0.000000000000000000e+00 0.000000000000000000e+00
0.000000000000000000e+00 0.000000000000000000e+00 0.000000000000000000e+00
0.000000000000000000e+00 0.000000000000000000e+00 0.000000000000000000e+00
