1.417602996826171875e+02 6.449793701171875000e+02 9.462392330169677734e-01
3.200465393066406250e+02 7.391791992187500000e+02 6.119099855422973633e-01
3.042543945312500000e+02 7.391137084960937500e+02 4.515925347805023193e-01
0.000000000000000000e+00 0.000000000000000000e+00 0.000000000000000000e+00
0.000000000000000000e+00 0.000000000000000000e+00 0.000000000000000000e+00
3.513413391113281250e+02 7.441994018554687500e+02 7.697119116783142090e-01
5.191812133789062500e+02 9.223906860351562500e+02 8.692225217819213867e-01
3.095059509277343750e+02 8.174971313476562500e+02 9.185879230499267578e-01
5.713828125000000000e+02 1.100372314453125000e+03 6.011446714401245117e-01
5.243470458984375000e+02 1.074394653320312500e+03 4.564564228057861328e-01
3.305984802246093750e+02 1.152944580078125000e+03 8.218551874160766602e-01
4.980050048828125000e+02 1.435546997070312500e+03 7.727754116058349609e-01
6.082840576171875000e+02 1.110907104492187500e+03 6.721792221069335938e-01
3.460108947753906250e+02 1.362388427734375000e+03 8.717373013496398926e-01
5.190990600585937500e+02 1.608617797851562500e+03 8.666995167732238770e-01
0.000000000000000000e+00 0.000000000000000000e+00 0.000000000000000000e+00
1.679986724853515625e+02 6.238753051757812500e+02 8.248707056045532227e-01
0.000000000000000000e+00 0.000000000000000000e+00 0.000000000000000000e+00
2.363147125244140625e+02 6.502612304687500000e+02 8.769662380218505859e-01
4.091130065917968750e+02 1.723829956054687500e+03 7.675939798355102539e-01
4.614835510253906250e+02 1.723697265625000000e+03 6.915909051895141602e-01
5.608393554687500000e+02 1.613969970703125000e+03 7.908590435981750488e-01
5.084732360839843750e+02 1.482841674804687500e+03 2.389019727706909180e-01
5.138459472656250000e+02 1.482614135742187500e+03 2.358739078044891357e-01
5.192586059570312500e+02 1.445955078125000000e+03 8.466042876243591309e-01
