7.757773437500000000e+02 7.024378051757812500e+02 9.099605679512023926e-01
6.133897705078125000e+02 8.544181518554687500e+02 7.906906008720397949e-01
5.974331665039062500e+02 8.542071533203125000e+02 7.744839191436767578e-01
4.823981628417968750e+02 1.147464965820312500e+03 9.150696992874145508e-01
5.662348022460937500e+02 9.433450317382812500e+02 7.669681310653686523e-01
6.498983764648437500e+02 8.544736938476562500e+02 7.995218634605407715e-01
6.291146850585937500e+02 1.011446105957031250e+03 2.899415791034698486e-01
6.081900634765625000e+02 1.069140014648437500e+03 5.952731370925903320e-01
4.195754089355468750e+02 1.194759399414062500e+03 6.187572479248046875e-01
3.724060974121093750e+02 1.220917358398437500e+03 6.285936236381530762e-01
7.231159667968750000e+02 1.399010131835937500e+03 8.613951206207275391e-01
5.188217773437500000e+02 1.655837158203125000e+03 8.482006788253784180e-01
4.719066467285156250e+02 1.184084350585937500e+03 5.153921246528625488e-01
6.864315185546875000e+02 1.231630981445312500e+03 8.812062740325927734e-01
5.189848022460937500e+02 1.482796875000000000e+03 8.555244803428649902e-01
7.599897460937500000e+02 6.814918823242187500e+02 8.678112030029296875e-01
0.000000000000000000e+00 0.000000000000000000e+00 0.000000000000000000e+00
6.762476806640625000e+02 6.919193115234375000e+02 7.398350238800048828e-01
0.000000000000000000e+00 0.000000000000000000e+00 0.000000000000000000e+00
5.663256835937500000e+02 1.519440307617187500e+03 1.844455748796463013e-01
5.609449462890625000e+02 1.488120849609375000e+03 1.547092199325561523e-01
4.823727722167968750e+02 1.503687500000000000e+03 8.905489444732666016e-01
6.446283569335937500e+02 1.728988403320312500e+03 7.305352687835693359e-01
6.028092651367187500e+02 1.734366821289062500e+03 7.624492645263671875e-01
4.770777587890625000e+02 1.666263549804687500e+03 8.213299512863159180e-01
