8.751870727539062500e+02 2.673912658691406250e+02 7.782275676727294922e-01
6.027449951171875000e+02 3.932696228027343750e+02 5.878162384033203125e-01
5.609194946289062500e+02 3.984600219726562500e+02 5.870488882064819336e-01
3.094882202148437500e+02 5.452174682617187500e+02 7.675076723098754883e-01
5.191968994140625000e+02 2.729458007812500000e+02 8.625204563140869141e-01
6.501331787109375000e+02 3.933075866699218750e+02 4.081341624259948730e-01
0.000000000000000000e+00 0.000000000000000000e+00 0.000000000000000000e+00
0.000000000000000000e+00 0.000000000000000000e+00 0.000000000000000000e+00
3.828712768554687500e+02 8.489630737304687500e+02 5.381911396980285645e-01
3.147063293457031250e+02 8.595671386718750000e+02 5.452286005020141602e-01
6.551605224609375000e+02 1.069115478515625000e+03 7.968066334724426270e-01
4.353967285156250000e+02 1.530052856445312500e+03 7.613241672515869141e-01
4.562348022460937500e+02 8.280310668945312500e+02 4.367245733737945557e-01
7.389783325195312500e+02 9.801769409179687500e+02 7.847353219985961914e-01
5.922324218750000000e+02 1.252363647460937500e+03 9.311049431562423706e-02
8.592816772460937500e+02 2.202890472412109375e+02 8.622459173202514648e-01
0.000000000000000000e+00 0.000000000000000000e+00 0.000000000000000000e+00
7.392322387695312500e+02 1.892882232666015625e+02 8.388605117797851562e-01
0.000000000000000000e+00 0.000000000000000000e+00 0.000000000000000000e+00
6.446011962890625000e+02 1.320608154296875000e+03 2.667811512947082520e-01
6.394250488281250000e+02 1.320425537109375000e+03 2.564889192581176758e-01
0.000000000000000000e+00 0.000000000000000000e+00 0.000000000000000000e+00
5.295540771484375000e+02 1.661060668945312500e+03 5.715445876121520996e-01
4.614640808105468750e+02 1.655799316406250000e+03 4.620515406131744385e-01
3.931784057617187500e+02 1.550844116210937500e+03 6.662792563438415527e-01
