8.699913940429687500e+02 3.148027038574218750e+02 8.135783076286315918e-01
6.028437500000000000e+02 4.352472229003906250e+02 5.712870955467224121e-01
5.608848266601562500e+02 4.350941772460937500e+02 5.813319683074951172e-01
3.146712036132812500e+02 6.029627075195312500e+02 8.104370832443237305e-01
5.244508666992187500e+02 3.410090026855468750e+02 7.950446009635925293e-01
6.604690551757812500e+02 4.405985107421875000e+02 4.265454411506652832e-01
0.000000000000000000e+00 0.000000000000000000e+00 0.000000000000000000e+00
0.000000000000000000e+00 0.000000000000000000e+00 0.000000000000000000e+00
3.828831787109375000e+02 8.753104858398437500e+02 5.126833915710449219e-01
3.146444396972656250e+02 8.962966308593750000e+02 5.412265658378601074e-01
6.709501953125000000e+02 1.105460693359375000e+03 7.772488594055175781e-01
4.351640625000000000e+02 1.545595336914062500e+03 7.104248404502868652e-01
4.666309814453125000e+02 8.594565429687500000e+02 4.298764169216156006e-01
7.495383911132812500e+02 9.904144897460937500e+02 7.941094040870666504e-01
5.976556396484375000e+02 1.278501220703125000e+03 1.791162788867950439e-01
8.594856567382812500e+02 2.675893554687500000e+02 9.080410003662109375e-01
0.000000000000000000e+00 0.000000000000000000e+00 0.000000000000000000e+00
7.391802368164062500e+02 2.310555877685546875e+02 8.719657659530639648e-01
0.000000000000000000e+00 0.000000000000000000e+00 0.000000000000000000e+00
6.500675659179687500e+02 1.341473266601562500e+03 4.167287945747375488e-01
6.449390869140625000e+02 1.325874755859375000e+03 4.303434491157531738e-01
6.030833740234375000e+02 1.320415161132812500e+03 1.050978079438209534e-01
5.294554443359375000e+02 1.681826538085937500e+03 6.183800697326660156e-01
4.719250183105468750e+02 1.671383422851562500e+03 5.089306235313415527e-01
3.879728088378906250e+02 1.566489746093750000e+03 6.441251039505004883e-01
