7.129287719726562500e+02 6.080557250976562500e+02 9.003017544746398926e-01
5.662867431640625000e+02 7.755074462890625000e+02 8.191968202590942383e-01
5.557139282226562500e+02 8.070357666015625000e+02 7.293791770935058594e-01
4.510650939941406250e+02 1.021919128417968750e+03 8.608727455139160156e-01
5.611212768554687500e+02 9.015145263671875000e+02 8.344412446022033691e-01
5.923802490234375000e+02 7.443184204101562500e+02 5.573597550392150879e-01
4.407432861328125000e+02 8.593789672851562500e+02 3.027019202709197998e-01
0.000000000000000000e+00 0.000000000000000000e+00 0.000000000000000000e+00
3.827973022460937500e+02 1.173788452148437500e+03 5.598009824752807617e-01
3.410133666992187500e+02 1.189527099609375000e+03 6.080313324928283691e-01
6.134039306640625000e+02 1.461942016601562500e+03 7.901152372360229492e-01
4.457089843750000000e+02 1.765661987304687500e+03 7.908877730369567871e-01
4.299342346191406250e+02 1.152963989257812500e+03 4.795385003089904785e-01
5.871867065429687500e+02 1.278660522460937500e+03 8.280906081199645996e-01
4.406482543945312500e+02 1.566392822265625000e+03 7.894847989082336426e-01
6.866644287109375000e+02 5.922485961914062500e+02 9.076769351959228516e-01
0.000000000000000000e+00 0.000000000000000000e+00 0.000000000000000000e+00
6.079219360351562500e+02 6.184814453125000000e+02 9.142119884490966797e-01
0.000000000000000000e+00 0.000000000000000000e+00 0.000000000000000000e+00
5.190617065429687500e+02 1.603336791992187500e+03 6.211964040994644165e-02
0.000000000000000000e+00 0.000000000000000000e+00 0.000000000000000000e+00
4.091545104980468750e+02 1.587513549804687500e+03 7.982801198959350586e-01
5.975982055664062500e+02 1.823342529296875000e+03 7.640097737312316895e-01
5.452731323242187500e+02 1.838951049804687500e+03 6.356644034385681152e-01
4.039674682617187500e+02 1.776131225585937500e+03 7.835285663604736328e-01
