3.988135986328125000e+02 8.908567504882812500e+02 8.826937079429626465e-01
5.974633789062500000e+02 9.432874755859375000e+02 7.741497159004211426e-01
5.294459228515625000e+02 9.432789306640625000e+02 6.293710470199584961e-01
5.663321533203125000e+02 1.121430297851562500e+03 1.392049640417098999e-01
0.000000000000000000e+00 0.000000000000000000e+00 0.000000000000000000e+00
6.499911499023437500e+02 9.432934570312500000e+02 7.603088021278381348e-01
7.703822631835937500e+02 1.158187011718750000e+03 8.445779085159301758e-01
6.289609985351562500e+02 1.037562744140625000e+03 7.647767066955566406e-01
7.286148071289062500e+02 1.267988281250000000e+03 6.135940551757812500e-01
6.709163818359375000e+02 1.226195312500000000e+03 5.153532028198242188e-01
4.247307739257812500e+02 1.189464477539062500e+03 8.369097113609313965e-01
6.080317993164062500e+02 1.336212768554687500e+03 1.987182646989822388e-01
7.757029418945312500e+02 1.304715332031250000e+03 6.450597643852233887e-01
4.089605102539062500e+02 1.309958374023437500e+03 8.627798557281494141e-01
6.394307861328125000e+02 1.613756103515625000e+03 7.707020044326782227e-01
0.000000000000000000e+00 0.000000000000000000e+00 0.000000000000000000e+00
4.090195922851562500e+02 8.544032592773437500e+02 8.819442987442016602e-01
0.000000000000000000e+00 0.000000000000000000e+00 0.000000000000000000e+00
4.875751647949218750e+02 8.227541503906250000e+02 8.917275667190551758e-01
5.608297119140625000e+02 1.708163085937500000e+03 6.511208415031433105e-01
6.026748657226562500e+02 1.713230590820312500e+03 6.698881387710571289e-01
6.866278076171875000e+02 1.624233886718750000e+03 6.952699422836303711e-01
0.000000000000000000e+00 0.000000000000000000e+00 0.000000000000000000e+00
0.000000000000000000e+00 0.000000000000000000e+00 0.000000000000000000e+00
6.445111083984375000e+02 1.372967895507812500e+03 1.439496874809265137e-01
