8.649650268554687500e+02 4.246748352050781250e+02 8.027744293212890625e-01
6.029806518554687500e+02 4.877310791015625000e+02 5.858683586120605469e-01
5.555788574218750000e+02 4.823458862304687500e+02 5.584430098533630371e-01
3.410258178710937500e+02 6.866706542968750000e+02 7.845126986503601074e-01
5.453027954101562500e+02 4.196139526367187500e+02 7.263041138648986816e-01
6.762021484375000000e+02 5.085365600585937500e+02 4.788714349269866943e-01
0.000000000000000000e+00 0.000000000000000000e+00 0.000000000000000000e+00
0.000000000000000000e+00 0.000000000000000000e+00 0.000000000000000000e+00
3.775777282714843750e+02 9.432105102539062500e+02 5.425616502761840820e-01
3.096211242675781250e+02 9.538493041992187500e+02 5.299579501152038574e-01
6.918372802734375000e+02 1.147654663085937500e+03 8.601785302162170410e-01
4.510365905761718750e+02 1.608537719726562500e+03 7.221832275390625000e-01
4.457866821289062500e+02 9.327926635742187500e+02 4.279233217239379883e-01
7.599720458984375000e+02 1.032536987304687500e+03 7.720286250114440918e-01
6.079541015625000000e+02 1.231429077148437500e+03 6.314520537853240967e-02
8.597506103515625000e+02 3.672207336425781250e+02 8.443014621734619141e-01
0.000000000000000000e+00 0.000000000000000000e+00 0.000000000000000000e+00
7.600026855468750000e+02 3.200619812011718750e+02 8.413711190223693848e-01
0.000000000000000000e+00 0.000000000000000000e+00 0.000000000000000000e+00
0.000000000000000000e+00 0.000000000000000000e+00 0.000000000000000000e+00
0.000000000000000000e+00 0.000000000000000000e+00 0.000000000000000000e+00
0.000000000000000000e+00 0.000000000000000000e+00 0.000000000000000000e+00
5.767198486328125000e+02 1.734337646484375000e+03 6.566920280456542969e-01
5.452288818359375000e+02 1.734401000976562500e+03 5.336540937423706055e-01
4.038748779296875000e+02 1.619147338867187500e+03 6.789233088493347168e-01
