7.914609375000000000e+02 9.433377685546875000e+02 8.828774690628051758e-01
6.082022705078125000e+02 1.069143554687500000e+03 8.311184644699096680e-01
5.661424560546875000e+02 1.069030151367187500e+03 8.086211085319519043e-01
4.353471679687500000e+02 1.278783935546875000e+03 8.955624699592590332e-01
5.557937622070312500e+02 1.105747558593750000e+03 8.428533077239990234e-01
6.604291381835937500e+02 1.069157104492187500e+03 7.143251895904541016e-01
0.000000000000000000e+00 0.000000000000000000e+00 0.000000000000000000e+00
0.000000000000000000e+00 0.000000000000000000e+00 0.000000000000000000e+00
4.403497009277343750e+02 1.451526733398437500e+03 6.430185437202453613e-01
3.881629333496093750e+02 1.487914672851562500e+03 6.675699353218078613e-01
7.338709716796875000e+02 1.519443115234375000e+03 8.321488499641418457e-01
5.347984008789062500e+02 1.791826171875000000e+03 7.687961459159851074e-01
4.876627197265625000e+02 1.430390625000000000e+03 5.475915074348449707e-01
7.284201049804687500e+02 1.441091796875000000e+03 7.187259197235107422e-01
5.189227905273437500e+02 1.697577880859375000e+03 7.761287093162536621e-01
7.706092529296875000e+02 9.171756591796875000e+02 8.722195029258728027e-01
0.000000000000000000e+00 0.000000000000000000e+00 0.000000000000000000e+00
6.865647583007812500e+02 9.381958007812500000e+02 9.336955547332763672e-01
0.000000000000000000e+00 0.000000000000000000e+00 0.000000000000000000e+00
0.000000000000000000e+00 0.000000000000000000e+00 0.000000000000000000e+00
0.000000000000000000e+00 0.000000000000000000e+00 0.000000000000000000e+00
4.771361083984375000e+02 1.713256958007812500e+03 7.100890874862670898e-01
6.761213378906250000e+02 1.844273803710937500e+03 7.229732275009155273e-01
6.445576782226562500e+02 1.859810302734375000e+03 7.510417103767395020e-01
4.929171142578125000e+02 1.812852905273437500e+03 7.831663489341735840e-01
