8.541182861328125000e+02 5.296664428710937500e+02 8.943888545036315918e-01
6.553311767578125000e+02 6.657725219726562500e+02 6.424952149391174316e-01
6.395300903320312500e+02 6.657548217773437500e+02 7.145231962203979492e-01
4.772165527343750000e+02 9.328367309570312500e+02 8.705540895462036133e-01
6.394064331054687500e+02 7.339709472656250000e+02 8.108841776847839355e-01
6.918361206054687500e+02 6.656947021484375000e+02 5.527831315994262695e-01
6.499762573242187500e+02 8.490393066406250000e+02 8.002895861864089966e-02
0.000000000000000000e+00 0.000000000000000000e+00 0.000000000000000000e+00
3.513317260742187500e+02 9.746124267578125000e+02 6.269124746322631836e-01
3.042957458496093750e+02 9.800394897460937500e+02 6.753957271575927734e-01
5.767685546875000000e+02 1.241967773437500000e+03 7.601590752601623535e-01
4.876395263671875000e+02 1.582337524414062500e+03 7.907978296279907227e-01
3.985020141601562500e+02 9.590269775390625000e+02 5.377309918403625488e-01
5.819008789062500000e+02 1.116282958984375000e+03 7.776200175285339355e-01
5.187898559570312500e+02 1.398963012695312500e+03 7.423278093338012695e-01
8.228873901367187500e+02 5.136428222656250000e+02 8.762301206588745117e-01
0.000000000000000000e+00 0.000000000000000000e+00 0.000000000000000000e+00
7.443339843750000000e+02 5.192293090820312500e+02 7.298054695129394531e-01
0.000000000000000000e+00 0.000000000000000000e+00 0.000000000000000000e+00
6.082086181640625000e+02 1.430490234375000000e+03 7.466019392013549805e-01
6.080076293945312500e+02 1.419947143554687500e+03 7.216759920120239258e-01
4.614492492675781250e+02 1.420030639648437500e+03 5.116663575172424316e-01
6.290215454101562500e+02 1.650454833984375000e+03 7.772210836410522461e-01
5.767769775390625000e+02 1.655951293945312500e+03 7.436023950576782227e-01
4.561421508789062500e+02 1.608590576171875000e+03 7.464903593063354492e-01
