8.489000244140625000e+02 5.607053833007812500e+02 9.041396379470825195e-01
6.449592285156250000e+02 6.918598632812500000e+02 7.019053697586059570e-01
6.186818237304687500e+02 6.920247192382812500e+02 7.494677901268005371e-01
4.771615600585937500e+02 9.487190551757812500e+02 8.640877008438110352e-01
6.342614746093750000e+02 7.653309936523437500e+02 8.040187954902648926e-01
6.865148315429687500e+02 6.918258666992187500e+02 5.983074307441711426e-01
6.498576660156250000e+02 8.646786499023437500e+02 1.050193756818771362e-01
0.000000000000000000e+00 0.000000000000000000e+00 0.000000000000000000e+00
3.513757019042968750e+02 9.852505493164062500e+02 5.936873555183410645e-01
3.093627319335937500e+02 9.956701660156250000e+02 6.168013215065002441e-01
5.977093505859375000e+02 1.262824096679687500e+03 8.033671975135803223e-01
4.875741882324218750e+02 1.587600952148437500e+03 7.935629487037658691e-01
3.986364135742187500e+02 9.798948974609375000e+02 4.950155317783355713e-01
5.975082397460937500e+02 1.126661743164062500e+03 8.053672313690185547e-01
5.033658752441406250e+02 1.404328735351562500e+03 7.760797142982482910e-01
8.175932006835937500e+02 5.244151000976562500e+02 9.413877129554748535e-01
0.000000000000000000e+00 0.000000000000000000e+00 0.000000000000000000e+00
7.338214111328125000e+02 5.505239868164062500e+02 7.042295932769775391e-01
0.000000000000000000e+00 0.000000000000000000e+00 0.000000000000000000e+00
6.080103149414062500e+02 1.435746093750000000e+03 3.940762281417846680e-01
6.029740600585937500e+02 1.430435913085937500e+03 3.909519314765930176e-01
4.613929138183593750e+02 1.435603637695312500e+03 6.658880710601806641e-01
6.290634765625000000e+02 1.650608398437500000e+03 7.835612297058105469e-01
5.818768310546875000e+02 1.660908813476562500e+03 7.458139657974243164e-01
4.510402221679687500e+02 1.613541381835937500e+03 7.420156002044677734e-01
