1.472894439697265625e+02 6.761285400390625000e+02 8.837994337081909180e-01
3.512402343750000000e+02 7.702438964843750000e+02 6.818297505378723145e-01
3.461892089843750000e+02 7.495247192382812500e+02 4.955263137817382812e-01
0.000000000000000000e+00 0.000000000000000000e+00 0.000000000000000000e+00
0.000000000000000000e+00 0.000000000000000000e+00 0.000000000000000000e+00
3.514925231933593750e+02 7.705349731445312500e+02 8.414332866668701172e-01
5.295362548828125000e+02 9.435601806640625000e+02 8.785612583160400391e-01
3.146568908691406250e+02 8.543680419921875000e+02 9.398576021194458008e-01
6.028272094726562500e+02 1.105561523437500000e+03 6.301501989364624023e-01
5.610084228515625000e+02 1.084654541015625000e+03 4.656386971473693848e-01
3.515737304687500000e+02 1.147700805664062500e+03 8.584059476852416992e-01
5.137976684570312500e+02 1.414628173828125000e+03 7.917974591255187988e-01
6.394641723632812500e+02 1.116116943359375000e+03 6.671198606491088867e-01
3.566470336914062500e+02 1.351912719726562500e+03 8.888361454010009766e-01
5.347642211914062500e+02 1.598065429687500000e+03 7.669522762298583984e-01
0.000000000000000000e+00 0.000000000000000000e+00 0.000000000000000000e+00
1.835921478271484375e+02 6.497848510742187500e+02 9.120707511901855469e-01
0.000000000000000000e+00 0.000000000000000000e+00 0.000000000000000000e+00
2.572255554199218750e+02 6.864772949218750000e+02 8.928802013397216797e-01
4.352482604980468750e+02 1.708156860351562500e+03 7.558069229125976562e-01
4.772788696289062500e+02 1.708137451171875000e+03 6.803395152091979980e-01
5.766668701171875000e+02 1.608404052734375000e+03 7.839442491531372070e-01
0.000000000000000000e+00 0.000000000000000000e+00 0.000000000000000000e+00
0.000000000000000000e+00 0.000000000000000000e+00 0.000000000000000000e+00
5.347765502929687500e+02 1.435593505859375000e+03 8.079681992530822754e-01
