1.473296966552734375e+02 6.499921264648437500e+02 9.277457594871520996e-01
3.514757995605468750e+02 7.495867919921875000e+02 6.661255359649658203e-01
3.513455810546875000e+02 7.339197387695312500e+02 5.200245380401611328e-01
0.000000000000000000e+00 0.000000000000000000e+00 0.000000000000000000e+00
0.000000000000000000e+00 0.000000000000000000e+00 0.000000000000000000e+00
3.566313476562500000e+02 7.651566772460937500e+02 8.237891197204589844e-01
5.296728515625000000e+02 9.432012329101562500e+02 8.950477838516235352e-01
3.146606750488281250e+02 8.491065673828125000e+02 9.033744335174560547e-01
6.082772216796875000e+02 1.074337524414062500e+03 6.067962050437927246e-01
5.766264648437500000e+02 1.063959960937500000e+03 4.603378176689147949e-01
3.618385009765625000e+02 1.126720581054687500e+03 8.083024024963378906e-01
5.241868286132812500e+02 1.398884155273437500e+03 8.233383893966674805e-01
6.447702026367187500e+02 1.100301879882812500e+03 6.592009663581848145e-01
3.620683593750000000e+02 1.320708618164062500e+03 8.586577177047729492e-01
5.556259155273437500e+02 1.571680297851562500e+03 8.435935974121093750e-01
0.000000000000000000e+00 0.000000000000000000e+00 0.000000000000000000e+00
1.835083312988281250e+02 6.290826416015625000e+02 8.634949922561645508e-01
0.000000000000000000e+00 0.000000000000000000e+00 0.000000000000000000e+00
2.622753295898437500e+02 6.554046020507812500e+02 8.647975325584411621e-01
4.405088195800781250e+02 1.686884277343750000e+03 7.636584043502807617e-01
4.928198852539062500e+02 1.686900756835937500e+03 6.697766780853271484e-01
5.923861694335937500e+02 1.577035644531250000e+03 7.651993036270141602e-01
5.241268920898437500e+02 1.440967163085937500e+03 1.087456494569778442e-01
0.000000000000000000e+00 0.000000000000000000e+00 0.000000000000000000e+00
5.556031494140625000e+02 1.404437011718750000e+03 7.933509349822998047e-01
