7.913769531250000000e+02 9.434094848632812500e+02 8.804966807365417480e-01
6.082002563476562500e+02 1.068832519531250000e+03 8.416763544082641602e-01
5.659963378906250000e+02 1.063765991210937500e+03 7.938117384910583496e-01
4.353946838378906250e+02 1.278526733398437500e+03 9.106071591377258301e-01
5.607336425781250000e+02 1.105415771484375000e+03 8.385024666786193848e-01
6.605939941406250000e+02 1.069024169921875000e+03 7.266740798950195312e-01
0.000000000000000000e+00 0.000000000000000000e+00 0.000000000000000000e+00
0.000000000000000000e+00 0.000000000000000000e+00 0.000000000000000000e+00
4.353187561035156250e+02 1.451423217773437500e+03 6.412718892097473145e-01
3.881144409179687500e+02 1.482888305664062500e+03 6.627649068832397461e-01
7.338559570312500000e+02 1.519427978515625000e+03 8.234457969665527344e-01
5.348295288085937500e+02 1.791798706054687500e+03 7.679216265678405762e-01
4.875702819824218750e+02 1.430382080078125000e+03 5.426810383796691895e-01
7.284497070312500000e+02 1.445972412109375000e+03 6.975587606430053711e-01
5.190404052734375000e+02 1.697464233398437500e+03 7.941587567329406738e-01
7.705888671875000000e+02 9.172115478515625000e+02 8.807148933410644531e-01
0.000000000000000000e+00 0.000000000000000000e+00 0.000000000000000000e+00
6.866145629882812500e+02 9.381148071289062500e+02 9.306755065917968750e-01
0.000000000000000000e+00 0.000000000000000000e+00 0.000000000000000000e+00
0.000000000000000000e+00 0.000000000000000000e+00 0.000000000000000000e+00
0.000000000000000000e+00 0.000000000000000000e+00 0.000000000000000000e+00
4.773247070312500000e+02 1.708071777343750000e+03 7.299290299415588379e-01
6.761958007812500000e+02 1.844261596679687500e+03 7.220625877380371094e-01
6.446365356445312500e+02 1.859806030273437500e+03 7.581501007080078125e-01
4.929398193359375000e+02 1.812825561523437500e+03 7.855059504508972168e-01
