1.157733612060546875e+02 7.233545532226562500e+02 8.685256242752075195e-01
3.147098388671875000e+02 8.125465698242187500e+02 7.019275426864624023e-01
3.093670959472656250e+02 8.070095214843750000e+02 5.341107249259948730e-01
0.000000000000000000e+00 0.000000000000000000e+00 0.000000000000000000e+00
0.000000000000000000e+00 0.000000000000000000e+00 0.000000000000000000e+00
3.201914672851562500e+02 8.228125000000000000e+02 7.851328253746032715e-01
4.719206237792968750e+02 1.016513366699218750e+03 8.870078921318054199e-01
2.624897460937500000e+02 8.962586059570312500e+02 8.866015672683715820e-01
6.027703857421875000e+02 1.131837036132812500e+03 5.747095942497253418e-01
5.713844604492187500e+02 1.110925048828125000e+03 4.318049550056457520e-01
3.253697204589843750e+02 1.142205322265625000e+03 7.812560200691223145e-01
5.085033874511718750e+02 1.388409301757812500e+03 7.484300136566162109e-01
6.185139160156250000e+02 1.147766601562500000e+03 6.574314832687377930e-01
3.201894836425781250e+02 1.325587890625000000e+03 8.370553255081176758e-01
5.295599365234375000e+02 1.561401977539062500e+03 8.040809631347656250e-01
0.000000000000000000e+00 0.000000000000000000e+00 0.000000000000000000e+00
1.421155242919921875e+02 6.921163940429687500e+02 9.366276860237121582e-01
0.000000000000000000e+00 0.000000000000000000e+00 0.000000000000000000e+00
2.257377624511718750e+02 7.335757446289062500e+02 9.287386536598205566e-01
4.351874084472656250e+02 1.676598876953125000e+03 7.828502655029296875e-01
4.771318054199218750e+02 1.676526489257812500e+03 6.904701590538024902e-01
5.714326171875000000e+02 1.566691528320312500e+03 8.020935058593750000e-01
5.187657470703125000e+02 1.404374267578125000e+03 1.941990256309509277e-01
5.242593994140625000e+02 1.404384765625000000e+03 2.086088359355926514e-01
5.294576416015625000e+02 1.399055908203125000e+03 8.315706253051757812e-01
