8.648918457031250000e+02 3.251597290039062500e+02 8.205736279487609863e-01
6.029199218750000000e+02 4.665988769531250000e+02 5.592761635780334473e-01
5.608336181640625000e+02 4.770955810546875000e+02 4.825358390808105469e-01
3.199591064453125000e+02 6.446134033203125000e+02 7.883341312408447266e-01
5.192070312500000000e+02 3.827517089843750000e+02 7.992668151855468750e-01
6.605316772460937500e+02 4.613816528320312500e+02 3.930470943450927734e-01
0.000000000000000000e+00 0.000000000000000000e+00 0.000000000000000000e+00
0.000000000000000000e+00 0.000000000000000000e+00 0.000000000000000000e+00
3.879835205078125000e+02 9.066901245117187500e+02 5.149328112602233887e-01
3.148729553222656250e+02 9.379687500000000000e+02 5.432708263397216797e-01
6.971767578125000000e+02 1.110837524414062500e+03 8.269792795181274414e-01
4.405788574218750000e+02 1.550945678710937500e+03 7.264848947525024414e-01
4.562124328613281250e+02 8.909012451171875000e+02 4.015026688575744629e-01
7.704197387695312500e+02 1.006194335937500000e+03 7.734204530715942383e-01
6.081918334960937500e+02 1.168572998046875000e+03 1.183676123619079590e-01
8.543835449218750000e+02 2.731423645019531250e+02 9.074923396110534668e-01
0.000000000000000000e+00 0.000000000000000000e+00 0.000000000000000000e+00
7.390889282226562500e+02 2.624419860839843750e+02 8.651949167251586914e-01
0.000000000000000000e+00 0.000000000000000000e+00 0.000000000000000000e+00
0.000000000000000000e+00 0.000000000000000000e+00 0.000000000000000000e+00
0.000000000000000000e+00 0.000000000000000000e+00 0.000000000000000000e+00
0.000000000000000000e+00 0.000000000000000000e+00 0.000000000000000000e+00
5.608009643554687500e+02 1.676697998046875000e+03 6.357158422470092773e-01
5.137884521484375000e+02 1.676556396484375000e+03 5.276148319244384766e-01
3.984627075195312500e+02 1.566692626953125000e+03 6.787054538726806641e-01
