1.472615356445312500e+02 6.448554687500000000e+02 9.242752194404602051e-01
3.565043029785156250e+02 7.390487670898437500e+02 6.914082765579223633e-01
3.515293579101562500e+02 7.285972900390625000e+02 5.483414530754089355e-01
0.000000000000000000e+00 0.000000000000000000e+00 0.000000000000000000e+00
0.000000000000000000e+00 0.000000000000000000e+00 0.000000000000000000e+00
3.566061096191406250e+02 7.548225708007812500e+02 7.977931499481201172e-01
5.297192993164062500e+02 9.381317749023437500e+02 9.034689664840698242e-01
3.147752075195312500e+02 8.437789916992187500e+02 8.796727657318115234e-01
6.082650756835937500e+02 1.074367797851562500e+03 6.192219853401184082e-01
5.819384765625000000e+02 1.063889526367187500e+03 4.589384496212005615e-01
3.619465942382812500e+02 1.126675903320312500e+03 8.006431460380554199e-01
5.241102905273437500e+02 1.398909667968750000e+03 8.167973756790161133e-01
6.394932250976562500e+02 1.100472167968750000e+03 6.652725934982299805e-01
3.620599670410156250e+02 1.330864868164062500e+03 8.255859613418579102e-01
5.555896606445312500e+02 1.571657592773437500e+03 8.571614027023315430e-01
0.000000000000000000e+00 0.000000000000000000e+00 0.000000000000000000e+00
1.785034790039062500e+02 6.237258300781250000e+02 8.395544886589050293e-01
0.000000000000000000e+00 0.000000000000000000e+00 0.000000000000000000e+00
2.622257080078125000e+02 6.500911865234375000e+02 9.148216843605041504e-01
4.406298217773437500e+02 1.686999389648437500e+03 7.809864282608032227e-01
4.877361755371093750e+02 1.686912109375000000e+03 6.831529736518859863e-01
5.923550415039062500e+02 1.576991088867187500e+03 7.884597182273864746e-01
5.296589965820312500e+02 1.446022705078125000e+03 2.071280926465988159e-01
0.000000000000000000e+00 0.000000000000000000e+00 0.000000000000000000e+00
5.504780273437500000e+02 1.404426147460937500e+03 7.785514593124389648e-01
