7.967188720703125000e+02 7.025150146484375000e+02 8.308956623077392578e-01
6.237449951171875000e+02 7.758762817382812500e+02 6.739708185195922852e-01
6.185056762695312500e+02 8.018097534179687500e+02 8.103502988815307617e-01
5.138189697265625000e+02 9.850317382812500000e+02 9.155191183090209961e-01
6.501051025390625000e+02 8.544139404296875000e+02 8.863253593444824219e-01
6.393584594726562500e+02 7.702547607421875000e+02 5.713989138603210449e-01
0.000000000000000000e+00 0.000000000000000000e+00 0.000000000000000000e+00
0.000000000000000000e+00 0.000000000000000000e+00 0.000000000000000000e+00
3.461819152832031250e+02 1.000975341796875000e+03 6.085319519042968750e-01
3.252580566406250000e+02 1.021741638183593750e+03 7.171029448509216309e-01
6.030143432617187500e+02 1.199889770507812500e+03 9.191255569458007812e-01
4.717228088378906250e+02 1.482585693359375000e+03 8.236101865768432617e-01
3.619055480957031250e+02 9.852304077148437500e+02 4.737925529479980469e-01
5.923995971679687500e+02 1.110707519531250000e+03 8.766496777534484863e-01
4.666673278808593750e+02 1.362229980468750000e+03 7.867250442504882812e-01
7.808869018554687500e+02 6.865605468750000000e+02 9.296376705169677734e-01
0.000000000000000000e+00 0.000000000000000000e+00 0.000000000000000000e+00
7.233991088867187500e+02 6.867878417968750000e+02 9.505766630172729492e-01
0.000000000000000000e+00 0.000000000000000000e+00 0.000000000000000000e+00
5.663910522460937500e+02 1.393741088867187500e+03 7.149507403373718262e-01
5.661897583007812500e+02 1.383254760742187500e+03 7.034571170806884766e-01
4.300686950683593750e+02 1.383325317382812500e+03 8.424665927886962891e-01
5.872296142578125000e+02 1.519446899414062500e+03 7.762491703033447266e-01
5.609420166015625000e+02 1.524915161132812500e+03 8.746892213821411133e-01
4.352112731933593750e+02 1.493275878906250000e+03 8.355119824409484863e-01
