1.106585922241210938e+02 6.918923950195312500e+02 9.000206589698791504e-01
3.148170776367187500e+02 7.861350097656250000e+02 6.439048647880554199e-01
3.094231262207031250e+02 7.758923339843750000e+02 4.860098361968994141e-01
0.000000000000000000e+00 0.000000000000000000e+00 0.000000000000000000e+00
0.000000000000000000e+00 0.000000000000000000e+00 0.000000000000000000e+00
3.304689331054687500e+02 8.018159790039062500e+02 7.643305063247680664e-01
4.771896972656250000e+02 9.850952148437500000e+02 9.527900218963623047e-01
2.676177368164062500e+02 8.647958374023437500e+02 8.771193027496337891e-01
5.924011230468750000e+02 1.110966552734375000e+03 6.079438924789428711e-01
5.609944458007812500e+02 1.100341308593750000e+03 4.486823678016662598e-01
3.304569396972656250e+02 1.137115112304687500e+03 7.801378369331359863e-01
4.929333190917968750e+02 1.367720458984375000e+03 7.524214386940002441e-01
6.133318481445312500e+02 1.137024780273437500e+03 6.468712687492370605e-01
3.201332397460937500e+02 1.320709106445312500e+03 8.546056747436523438e-01
5.295552978515625000e+02 1.561376098632812500e+03 8.016293048858642578e-01
0.000000000000000000e+00 0.000000000000000000e+00 0.000000000000000000e+00
1.419721069335937500e+02 6.812415161132812500e+02 8.971973061561584473e-01
0.000000000000000000e+00 0.000000000000000000e+00 0.000000000000000000e+00
2.256558380126953125e+02 7.025085449218750000e+02 8.777160048484802246e-01
4.352272644042968750e+02 1.676515258789062500e+03 7.909363508224487305e-01
4.771363220214843750e+02 1.671395751953125000e+03 7.018303871154785156e-01
5.714196166992187500e+02 1.566731445312500000e+03 8.089826107025146484e-01
5.189449462890625000e+02 1.404350830078125000e+03 2.493752092123031616e-01
5.242957763671875000e+02 1.404201538085937500e+03 2.602982819080352783e-01
5.243660278320312500e+02 1.393788330078125000e+03 7.954205870628356934e-01
