1.157532196044921875e+02 6.499678344726562500e+02 9.011086821556091309e-01
3.199776916503906250e+02 7.598981933593750000e+02 6.551549434661865234e-01
3.093807067871093750e+02 7.495313110351562500e+02 4.932789206504821777e-01
0.000000000000000000e+00 0.000000000000000000e+00 0.000000000000000000e+00
0.000000000000000000e+00 0.000000000000000000e+00 0.000000000000000000e+00
3.460777282714843750e+02 7.650435791015625000e+02 7.928000688552856445e-01
4.980886535644531250e+02 9.484560546875000000e+02 8.567725419998168945e-01
2.833926391601562500e+02 8.488716430664062500e+02 8.486068844795227051e-01
5.767390136718750000e+02 1.074418945312500000e+03 6.109149456024169922e-01
5.400776977539062500e+02 1.069002563476562500e+03 5.203069448471069336e-01
3.253613891601562500e+02 1.121382324218750000e+03 7.989138364791870117e-01
5.086315917968750000e+02 1.388573242187500000e+03 7.890419363975524902e-01
6.133845825195312500e+02 1.095246337890625000e+03 6.566632986068725586e-01
3.410365295410156250e+02 1.320275512695312500e+03 8.846487402915954590e-01
5.297097167968750000e+02 1.566642822265625000e+03 8.214822411537170410e-01
0.000000000000000000e+00 0.000000000000000000e+00 0.000000000000000000e+00
1.420871582031250000e+02 6.342097778320312500e+02 8.925199508666992188e-01
0.000000000000000000e+00 0.000000000000000000e+00 0.000000000000000000e+00
2.258487396240234375e+02 6.553893432617187500e+02 8.983447551727294922e-01
4.351589660644531250e+02 1.686896728515625000e+03 8.074963092803955078e-01
4.771525268554687500e+02 1.681842163085937500e+03 7.008392810821533203e-01
5.714968872070312500e+02 1.571909423828125000e+03 8.178751468658447266e-01
4.823381347656250000e+02 1.445989624023437500e+03 8.824334293603897095e-02
0.000000000000000000e+00 0.000000000000000000e+00 0.000000000000000000e+00
5.295822143554687500e+02 1.399157714843750000e+03 8.523079156875610352e-01
