3.987329711914062500e+02 8.856810302734375000e+02 8.724703788757324219e-01
5.977009887695312500e+02 9.432242431640625000e+02 7.933504581451416016e-01
5.348119506835937500e+02 9.433388671875000000e+02 5.906105041503906250e-01
5.974902343750000000e+02 1.163221435546875000e+03 2.406915873289108276e-01
5.503905029296875000e+02 1.042779663085937500e+03 1.078336760401725769e-01
6.499154663085937500e+02 9.431400756835937500e+02 7.705582976341247559e-01
7.704698486328125000e+02 1.158195068359375000e+03 8.263990879058837891e-01
6.083398437500000000e+02 1.027363891601562500e+03 7.816402912139892578e-01
7.338443603515625000e+02 1.273292236328125000e+03 6.326263546943664551e-01
6.867547607421875000e+02 1.236591186523437500e+03 5.003056526184082031e-01
4.247455749511718750e+02 1.189519653320312500e+03 8.489605188369750977e-01
5.662308959960937500e+02 1.446159423828125000e+03 2.255194485187530518e-01
7.757604370117187500e+02 1.310024536132812500e+03 6.902511715888977051e-01
4.038412780761718750e+02 1.314916503906250000e+03 8.783386945724487305e-01
6.445366210937500000e+02 1.613824584960937500e+03 7.696712613105773926e-01
3.933697814941406250e+02 8.545059814453125000e+02 8.485208451747894287e-02
4.040203247070312500e+02 8.541997680664062500e+02 8.800659775733947754e-01
0.000000000000000000e+00 0.000000000000000000e+00 0.000000000000000000e+00
4.825362243652343750e+02 8.179039306640625000e+02 8.686382770538330078e-01
5.557379150390625000e+02 1.707972900390625000e+03 6.675732135772705078e-01
5.975537109375000000e+02 1.708114746093750000e+03 6.902459263801574707e-01
6.868311157226562500e+02 1.624154907226562500e+03 7.179493308067321777e-01
0.000000000000000000e+00 0.000000000000000000e+00 0.000000000000000000e+00
0.000000000000000000e+00 0.000000000000000000e+00 0.000000000000000000e+00
6.082717895507812500e+02 1.440788940429687500e+03 1.091406717896461487e-01
