8.541069335937500000e+02 5.558154296875000000e+02 9.244734644889831543e-01
6.499859008789062500e+02 6.920279541015625000e+02 6.545716524124145508e-01
6.185496826171875000e+02 6.971281738281250000e+02 7.204170227050781250e-01
4.770930480957031250e+02 9.434052124023437500e+02 8.958344459533691406e-01
6.394215698242187500e+02 7.546600952148437500e+02 7.819402813911437988e-01
6.866853637695312500e+02 6.919543457031250000e+02 5.747358202934265137e-01
6.449058227539062500e+02 8.699634399414062500e+02 9.037294238805770874e-02
0.000000000000000000e+00 0.000000000000000000e+00 0.000000000000000000e+00
3.513473510742187500e+02 9.801329956054687500e+02 6.095055937767028809e-01
3.042016906738281250e+02 9.853835449218750000e+02 6.290270090103149414e-01
5.976529541015625000e+02 1.252395751953125000e+03 7.889671921730041504e-01
4.875892639160156250e+02 1.582293823242187500e+03 7.978777885437011719e-01
3.986731262207031250e+02 9.797734375000000000e+02 5.229555368423461914e-01
5.923757324218750000e+02 1.116375976562500000e+03 8.095118999481201172e-01
5.032984313964843750e+02 1.404319458007812500e+03 7.845255136489868164e-01
8.229006958007812500e+02 5.242196044921875000e+02 9.051020145416259766e-01
0.000000000000000000e+00 0.000000000000000000e+00 0.000000000000000000e+00
7.392100830078125000e+02 5.503688354492187500e+02 6.897772550582885742e-01
0.000000000000000000e+00 0.000000000000000000e+00 0.000000000000000000e+00
6.080814208984375000e+02 1.435506958007812500e+03 6.228728890419006348e-01
6.080253906250000000e+02 1.425215454101562500e+03 6.168150901794433594e-01
4.561671142578125000e+02 1.435674560546875000e+03 6.883159279823303223e-01
6.341633911132812500e+02 1.655540161132812500e+03 7.917811274528503418e-01
5.819088745117187500e+02 1.661000366210937500e+03 7.274954319000244141e-01
4.509996337890625000e+02 1.608462402343750000e+03 7.500834465026855469e-01
