7.862134399414062500e+02 1.037610961914062500e+03 8.712213635444641113e-01
6.082580566406250000e+02 1.016584106445312500e+03 7.869079709053039551e-01
6.081923217773437500e+02 1.048145019531250000e+03 8.233197927474975586e-01
4.822593994140625000e+02 1.231239257812500000e+03 8.765699267387390137e-01
6.186602172851562500e+02 1.142439453125000000e+03 8.183984756469726562e-01
6.132951049804687500e+02 9.747061157226562500e+02 6.939067244529724121e-01
5.189103393554687500e+02 1.142224365234375000e+03 7.222405076026916504e-02
0.000000000000000000e+00 0.000000000000000000e+00 0.000000000000000000e+00
2.937639160156250000e+02 1.236558959960937500e+03 6.043786406517028809e-01
3.042709045410156250e+02 1.257608154296875000e+03 6.762080788612365723e-01
6.342939453125000000e+02 1.252416870117187500e+03 8.330132365226745605e-01
4.823352966308593750e+02 1.519349853515625000e+03 8.321207761764526367e-01
2.729829711914062500e+02 1.215628051757812500e+03 4.347210824489593506e-01
5.870595092773437500e+02 1.205218139648437500e+03 5.408829450607299805e-01
4.825335998535156250e+02 1.414713378906250000e+03 7.958894371986389160e-01
7.861504516601562500e+02 1.021748901367187500e+03 9.065650701522827148e-01
0.000000000000000000e+00 0.000000000000000000e+00 0.000000000000000000e+00
7.285720214843750000e+02 9.854203491210937500e+02 9.497757554054260254e-01
0.000000000000000000e+00 0.000000000000000000e+00 0.000000000000000000e+00
6.026817016601562500e+02 1.435560180664062500e+03 6.823557615280151367e-01
6.025966186523437500e+02 1.430347656250000000e+03 6.734048128128051758e-01
4.407066040039062500e+02 1.435520507812500000e+03 7.815898060798645020e-01
6.028880004882812500e+02 1.571726318359375000e+03 8.107335567474365234e-01
5.660765991210937500e+02 1.577037963867187500e+03 8.332170844078063965e-01
4.457211608886718750e+02 1.530042114257812500e+03 8.515431284904479980e-01
