8.753000488281250000e+02 2.675278320312500000e+02 7.761645913124084473e-01
6.028805541992187500e+02 3.932029724121093750e+02 5.901815295219421387e-01
5.660670166015625000e+02 3.932934875488281250e+02 6.143264770507812500e-01
3.095606384277343750e+02 5.452588500976562500e+02 7.587966322898864746e-01
5.191162109375000000e+02 2.731004943847656250e+02 8.624015450477600098e-01
6.552899780273437500e+02 3.984713745117187500e+02 4.140403866767883301e-01
0.000000000000000000e+00 0.000000000000000000e+00 0.000000000000000000e+00
0.000000000000000000e+00 0.000000000000000000e+00 0.000000000000000000e+00
3.828137512207031250e+02 8.489591064453125000e+02 5.438824295997619629e-01
3.147263488769531250e+02 8.596212158203125000e+02 5.471480488777160645e-01
6.502322998046875000e+02 1.069281738281250000e+03 7.969148755073547363e-01
4.354282531738281250e+02 1.530166625976562500e+03 7.492357492446899414e-01
4.509372863769531250e+02 8.228629760742187500e+02 4.459263980388641357e-01
7.340302734375000000e+02 9.801292114257812500e+02 7.847870588302612305e-01
5.923327026367187500e+02 1.262828979492187500e+03 7.350067794322967529e-02
8.595333862304687500e+02 2.203123626708984375e+02 8.435106277465820312e-01
0.000000000000000000e+00 0.000000000000000000e+00 0.000000000000000000e+00
7.442425537109375000e+02 1.891386871337890625e+02 8.315976262092590332e-01
0.000000000000000000e+00 0.000000000000000000e+00 0.000000000000000000e+00
6.446378173828125000e+02 1.320499633789062500e+03 2.337144166231155396e-01
6.395368041992187500e+02 1.320392578125000000e+03 2.232814729213714600e-01
0.000000000000000000e+00 0.000000000000000000e+00 0.000000000000000000e+00
5.400252685546875000e+02 1.660991943359375000e+03 5.903308987617492676e-01
5.085744018554687500e+02 1.660840698242187500e+03 4.855144917964935303e-01
3.931390380859375000e+02 1.550919799804687500e+03 6.528115868568420410e-01
