1.786002807617187500e+02 9.747158813476562500e+02 8.705450296401977539e-01
3.984274902343750000e+02 1.006120178222656250e+03 6.232421994209289551e-01
4.039324951171875000e+02 9.851520996093750000e+02 5.238023996353149414e-01
0.000000000000000000e+00 0.000000000000000000e+00 0.000000000000000000e+00
0.000000000000000000e+00 0.000000000000000000e+00 0.000000000000000000e+00
3.931828613281250000e+02 1.022033020019531250e+03 8.106808066368103027e-01
5.453256835937500000e+02 1.189345581054687500e+03 8.778383731842041016e-01
3.199796447753906250e+02 1.110914672851562500e+03 8.708515763282775879e-01
6.501354370117187500e+02 1.320428344726562500e+03 4.804493486881256104e-01
6.499917602539062500e+02 1.310010253906250000e+03 3.021431267261505127e-01
4.246886596679687500e+02 1.315178100585937500e+03 1.312488615512847900e-01
0.000000000000000000e+00 0.000000000000000000e+00 0.000000000000000000e+00
6.605338745117187500e+02 1.346518676757812500e+03 6.316514015197753906e-01
3.565957641601562500e+02 1.398739257812500000e+03 8.471924662590026855e-01
5.664381103515625000e+02 1.603104858398437500e+03 7.884132862091064453e-01
0.000000000000000000e+00 0.000000000000000000e+00 0.000000000000000000e+00
1.892953491210937500e+02 9.434403076171875000e+02 8.971734046936035156e-01
0.000000000000000000e+00 0.000000000000000000e+00 0.000000000000000000e+00
2.729617309570312500e+02 9.694264526367187500e+02 8.557189702987670898e-01
4.769854736328125000e+02 1.713361450195312500e+03 7.415301799774169922e-01
5.189466552734375000e+02 1.708099121093750000e+03 6.860823631286621094e-01
6.133043823242187500e+02 1.608277709960937500e+03 7.811515331268310547e-01
0.000000000000000000e+00 0.000000000000000000e+00 0.000000000000000000e+00
0.000000000000000000e+00 0.000000000000000000e+00 0.000000000000000000e+00
0.000000000000000000e+00 0.000000000000000000e+00 0.000000000000000000e+00
