8.856398925781250000e+02 2.990245971679687500e+02 7.604765295982360840e-01
6.081226806640625000e+02 4.090773010253906250e+02 5.653932690620422363e-01
5.610240478515625000e+02 3.987126159667968750e+02 5.961493253707885742e-01
3.149911499023437500e+02 5.714793701171875000e+02 7.665902376174926758e-01
5.294992675781250000e+02 3.096989440917968750e+02 8.332986235618591309e-01
6.761652832031250000e+02 4.299428405761718750e+02 4.518314003944396973e-01
0.000000000000000000e+00 0.000000000000000000e+00 0.000000000000000000e+00
0.000000000000000000e+00 0.000000000000000000e+00 0.000000000000000000e+00
3.880960388183593750e+02 8.648426513671875000e+02 5.175605416297912598e-01
3.148638610839843750e+02 8.959882202148437500e+02 5.201409459114074707e-01
6.812251586914062500e+02 1.084820312500000000e+03 7.537693977355957031e-01
4.353023681640625000e+02 1.540366210937500000e+03 7.158136963844299316e-01
4.717905273437500000e+02 8.542406616210937500e+02 4.126679897308349609e-01
7.548103637695312500e+02 9.855033569335937500e+02 7.774746417999267578e-01
6.027375488281250000e+02 1.241838745117187500e+03 1.494977027177810669e-01
8.597755126953125000e+02 2.362701568603515625e+02 8.231886625289916992e-01
0.000000000000000000e+00 0.000000000000000000e+00 0.000000000000000000e+00
7.494694824218750000e+02 2.203508300781250000e+02 8.228747844696044922e-01
0.000000000000000000e+00 0.000000000000000000e+00 0.000000000000000000e+00
6.499335327148437500e+02 1.331042846679687500e+03 3.112210035324096680e-01
6.498048095703125000e+02 1.325706665039062500e+03 3.172400593757629395e-01
6.030017089843750000e+02 1.315126831054687500e+03 7.126456499099731445e-02
5.295245361328125000e+02 1.681906127929687500e+03 5.654134750366210938e-01
4.509689331054687500e+02 1.661065185546875000e+03 4.582414627075195312e-01
3.931607055664062500e+02 1.566388305664062500e+03 6.632946729660034180e-01
