1.472663879394531250e+02 6.501071777343750000e+02 9.234374761581420898e-01
3.512595825195312500e+02 7.494558715820312500e+02 6.349177360534667969e-01
3.408903503417968750e+02 7.339663085937500000e+02 4.654351174831390381e-01
0.000000000000000000e+00 0.000000000000000000e+00 0.000000000000000000e+00
0.000000000000000000e+00 0.000000000000000000e+00 0.000000000000000000e+00
3.567056579589843750e+02 7.598848876953125000e+02 8.119097352027893066e-01
5.347163696289062500e+02 9.431142578125000000e+02 8.934090733528137207e-01
3.146611328125000000e+02 8.489848022460937500e+02 8.972980380058288574e-01
6.081872558593750000e+02 1.074257202148437500e+03 6.169386506080627441e-01
5.714588012695312500e+02 1.063915405273437500e+03 4.784727096557617188e-01
3.618919677734375000e+02 1.126571044921875000e+03 8.027368783950805664e-01
5.241187744140625000e+02 1.399073364257812500e+03 8.238979578018188477e-01
6.447588500976562500e+02 1.095212280273437500e+03 6.597636938095092773e-01
3.620748291015625000e+02 1.320710327148437500e+03 8.550272583961486816e-01
5.555753784179687500e+02 1.571630126953125000e+03 8.312467932701110840e-01
0.000000000000000000e+00 0.000000000000000000e+00 0.000000000000000000e+00
1.786417999267578125e+02 6.342474975585937500e+02 8.625251054763793945e-01
0.000000000000000000e+00 0.000000000000000000e+00 0.000000000000000000e+00
2.623565673828125000e+02 6.502739257812500000e+02 8.955459594726562500e-01
4.405228576660156250e+02 1.687052612304687500e+03 7.954535484313964844e-01
4.876418151855468750e+02 1.687065307617187500e+03 6.842479109764099121e-01
5.923608398437500000e+02 1.577016845703125000e+03 7.787874937057495117e-01
5.190609741210937500e+02 1.446096435546875000e+03 1.140103116631507874e-01
0.000000000000000000e+00 0.000000000000000000e+00 0.000000000000000000e+00
5.505736083984375000e+02 1.409490356445312500e+03 7.827759385108947754e-01
