2.311628112792968750e+02 7.758466796875000000e+02 9.173578023910522461e-01
3.986030883789062500e+02 9.011922607421875000e+02 6.900224685668945312e-01
3.986497192382812500e+02 8.908323364257812500e+02 4.959242939949035645e-01
0.000000000000000000e+00 0.000000000000000000e+00 0.000000000000000000e+00
0.000000000000000000e+00 0.000000000000000000e+00 0.000000000000000000e+00
3.985940856933593750e+02 9.066409912109375000e+02 8.494068980216979980e-01
4.351415405273437500e+02 1.152682373046875000e+03 9.431017637252807617e-01
3.357475891113281250e+02 9.433952026367187500e+02 8.668024539947509766e-01
5.819745483398437500e+02 1.231357910156250000e+03 6.146714091300964355e-01
5.766888427734375000e+02 1.200083984375000000e+03 4.509307146072387695e-01
3.513379516601562500e+02 1.315367309570312500e+03 9.145734310150146484e-01
4.823536682128906250e+02 1.540439819335937500e+03 8.213954567909240723e-01
5.923684692382812500e+02 1.252409179687500000e+03 6.189341545104980469e-01
3.200638732910156250e+02 1.482923461914062500e+03 8.995189070701599121e-01
4.980635070800781250e+02 1.692329956054687500e+03 8.290492296218872070e-01
0.000000000000000000e+00 0.000000000000000000e+00 0.000000000000000000e+00
2.624327392578125000e+02 7.600380859375000000e+02 8.970130681991577148e-01
0.000000000000000000e+00 0.000000000000000000e+00 0.000000000000000000e+00
3.461408691406250000e+02 7.757400512695312500e+02 9.303046464920043945e-01
3.879357910156250000e+02 1.760392089843750000e+03 7.622262239456176758e-01
4.143754272460937500e+02 1.770759765625000000e+03 7.584320902824401855e-01
5.245568237304687500e+02 1.697510131835937500e+03 9.161549806594848633e-01
4.351685485839843750e+02 1.577041503906250000e+03 9.821598231792449951e-02
0.000000000000000000e+00 0.000000000000000000e+00 0.000000000000000000e+00
5.188682861328125000e+02 1.566571044921875000e+03 9.231200218200683594e-01
