2.623807373046875000e+02 7.756497802734375000e+02 9.133409261703491211e-01
4.194828186035156250e+02 9.014285278320312500e+02 6.134075522422790527e-01
4.039458923339843750e+02 8.960715942382812500e+02 5.056620836257934570e-01
0.000000000000000000e+00 0.000000000000000000e+00 0.000000000000000000e+00
0.000000000000000000e+00 0.000000000000000000e+00 0.000000000000000000e+00
4.299188232421875000e+02 9.067068481445312500e+02 8.126986622810363770e-01
4.407473754882812500e+02 1.147817993164062500e+03 9.337332844734191895e-01
3.565468444824218750e+02 9.434887084960937500e+02 8.956377506256103516e-01
5.766502685546875000e+02 1.231245971679687500e+03 6.186110377311706543e-01
5.504991455078125000e+02 1.194947631835937500e+03 4.781859815120697021e-01
3.514145507812500000e+02 1.315375488281250000e+03 9.291794300079345703e-01
4.823547668457031250e+02 1.540500000000000000e+03 8.046010136604309082e-01
6.026649169921875000e+02 1.252308959960937500e+03 6.247969865798950195e-01
3.305492858886718750e+02 1.482960327148437500e+03 8.723781108856201172e-01
5.032454223632812500e+02 1.692500610351562500e+03 8.288379311561584473e-01
0.000000000000000000e+00 0.000000000000000000e+00 0.000000000000000000e+00
2.780831298828125000e+02 7.599468994140625000e+02 8.716177940368652344e-01
0.000000000000000000e+00 0.000000000000000000e+00 0.000000000000000000e+00
3.569656677246093750e+02 7.756723022460937500e+02 9.435492157936096191e-01
3.881247558593750000e+02 1.755264892578125000e+03 7.628147602081298828e-01
4.247649536132812500e+02 1.770726806640625000e+03 7.641327977180480957e-01
5.295200195312500000e+02 1.697680419921875000e+03 9.046034216880798340e-01
4.562369689941406250e+02 1.608466186523437500e+03 9.634333848953247070e-02
0.000000000000000000e+00 0.000000000000000000e+00 0.000000000000000000e+00
5.188911743164062500e+02 1.566634887695312500e+03 8.786963820457458496e-01
