9.016945800781250000e+02 1.147527709960937500e+03 9.086897373199462891e-01
6.710323486328125000e+02 1.226101928710937500e+03 6.702946424484252930e-01
6.865382080078125000e+02 1.236637939453125000e+03 8.388175368309020996e-01
6.027678222656250000e+02 1.509050048828125000e+03 8.115806579589843750e-01
7.758352661132812500e+02 1.299512939453125000e+03 8.298730850219726562e-01
6.501283569335937500e+02 1.194615234375000000e+03 5.758745074272155762e-01
0.000000000000000000e+00 0.000000000000000000e+00 0.000000000000000000e+00
0.000000000000000000e+00 0.000000000000000000e+00 0.000000000000000000e+00
3.879715576171875000e+02 1.571810668945312500e+03 4.936804473400115967e-01
3.671800231933593750e+02 1.592869018554687500e+03 5.937168598175048828e-01
6.972211914062500000e+02 1.587502929687500000e+03 7.315366864204406738e-01
5.399394531250000000e+02 1.912378906250000000e+03 5.155273079872131348e-01
3.932564086914062500e+02 1.550981445312500000e+03 3.322980403900146484e-01
7.180274047851562500e+02 1.571798950195312500e+03 2.053730636835098267e-01
5.296614379882812500e+02 1.823105957031250000e+03 3.107371926307678223e-01
8.909839477539062500e+02 1.110821166992187500e+03 9.419907331466674805e-01
0.000000000000000000e+00 0.000000000000000000e+00 0.000000000000000000e+00
8.018567504882812500e+02 1.116298461914062500e+03 8.601979613304138184e-01
0.000000000000000000e+00 0.000000000000000000e+00 0.000000000000000000e+00
6.761469726562500000e+02 1.849387817382812500e+03 6.799100339412689209e-02
0.000000000000000000e+00 0.000000000000000000e+00 0.000000000000000000e+00
4.875428161621093750e+02 1.823164306640625000e+03 2.917222380638122559e-01
6.394015502929687500e+02 1.870437133789062500e+03 8.716042339801788330e-02
5.400009155273437500e+02 1.912476074218750000e+03 1.699819713830947876e-01
5.190381469726562500e+02 1.912406494140625000e+03 3.492469191551208496e-01
