8.070552978515625000e+02 8.333685913085937500e+02 8.513810038566589355e-01
6.342719116210937500e+02 9.746322631835937500e+02 7.287325263023376465e-01
6.079046630859375000e+02 9.748302001953125000e+02 7.896108627319335938e-01
4.876234741210937500e+02 1.257552490234375000e+03 8.325970172882080078e-01
5.976247558593750000e+02 1.063725341796875000e+03 7.498109936714172363e-01
6.554020996093750000e+02 9.591238403320312500e+02 6.522726416587829590e-01
6.396202392578125000e+02 1.152952636718750000e+03 6.813464313745498657e-02
0.000000000000000000e+00 0.000000000000000000e+00 0.000000000000000000e+00
3.986286926269531250e+02 1.278532714843750000e+03 5.736908316612243652e-01
3.671583862304687500e+02 1.315053588867187500e+03 6.803310513496398926e-01
7.285350341796875000e+02 1.404135009765625000e+03 8.970353603363037109e-01
5.086267700195312500e+02 1.650479003906250000e+03 8.385570645332336426e-01
4.300583496093750000e+02 1.236752075195312500e+03 4.239267706871032715e-01
6.919392089843750000e+02 1.231483886718750000e+03 8.727381229400634766e-01
5.240735473632812500e+02 1.482716552734375000e+03 8.115564584732055664e-01
7.760051269531250000e+02 8.123475952148437500e+02 9.205670356750488281e-01
0.000000000000000000e+00 0.000000000000000000e+00 0.000000000000000000e+00
6.971961059570312500e+02 8.176625976562500000e+02 7.749536037445068359e-01
0.000000000000000000e+00 0.000000000000000000e+00 0.000000000000000000e+00
5.662139892578125000e+02 1.508979003906250000e+03 1.735892295837402344e-01
5.610664062500000000e+02 1.488040649414062500e+03 1.720234304666519165e-01
4.824250183105468750e+02 1.493277465820312500e+03 7.940347194671630859e-01
6.342422485351562500e+02 1.718456787109375000e+03 6.983408927917480469e-01
5.923668212890625000e+02 1.728936035156250000e+03 7.084424495697021484e-01
4.719255371093750000e+02 1.655817993164062500e+03 8.149506449699401855e-01
