8.490270996093750000e+02 5.192666625976562500e+02 9.162534475326538086e-01
6.447700805664062500e+02 6.604214477539062500e+02 6.111514568328857422e-01
6.133876953125000000e+02 6.657503051757812500e+02 7.350047230720520020e-01
4.773024902343750000e+02 9.171594238281250000e+02 8.361205458641052246e-01
6.445418090820312500e+02 7.283220214843750000e+02 8.616206645965576172e-01
6.813937988281250000e+02 6.603832397460937500e+02 5.265121459960937500e-01
0.000000000000000000e+00 0.000000000000000000e+00 0.000000000000000000e+00
0.000000000000000000e+00 0.000000000000000000e+00 0.000000000000000000e+00
3.513842468261718750e+02 9.591066284179687500e+02 5.972746014595031738e-01
3.093609008789062500e+02 9.797554321289062500e+02 6.618284583091735840e-01
5.767213745117187500e+02 1.241970581054687500e+03 7.672999501228332520e-01
4.876000061035156250e+02 1.577279785156250000e+03 8.022882938385009766e-01
3.986890258789062500e+02 9.484855346679687500e+02 5.173012614250183105e-01
5.819003295898437500e+02 1.121328613281250000e+03 7.764770984649658203e-01
5.187996215820312500e+02 1.398951660156250000e+03 7.470008134841918945e-01
8.179096679687500000e+02 4.876108398437500000e+02 8.955152034759521484e-01
0.000000000000000000e+00 0.000000000000000000e+00 0.000000000000000000e+00
7.390126342773437500e+02 5.086221618652343750e+02 6.885451674461364746e-01
0.000000000000000000e+00 0.000000000000000000e+00 0.000000000000000000e+00
6.082323608398437500e+02 1.430498291015625000e+03 7.338699698448181152e-01
6.080003662109375000e+02 1.414835327148437500e+03 7.209111452102661133e-01
4.614092102050781250e+02 1.425119140625000000e+03 4.863871932029724121e-01
6.290894165039062500e+02 1.650487060546875000e+03 7.934606075286865234e-01
5.818679809570312500e+02 1.655934082031250000e+03 7.493925094604492188e-01
4.561070556640625000e+02 1.608501708984375000e+03 7.586641311645507812e-01
