7.232927856445312500e+02 6.134498901367187500e+02 8.869076371192932129e-01
5.713607788085937500e+02 7.913740844726562500e+02 7.776626348495483398e-01
5.608485717773437500e+02 8.227710571289062500e+02 7.666160464286804199e-01
4.458495483398437500e+02 1.037512451171875000e+03 8.297961354255676270e-01
5.609619750976562500e+02 9.172066040039062500e+02 7.958487272262573242e-01
5.975567016601562500e+02 7.600131225585937500e+02 5.350869894027709961e-01
4.456953430175781250e+02 8.646467895507812500e+02 3.505398035049438477e-01
0.000000000000000000e+00 0.000000000000000000e+00 0.000000000000000000e+00
3.776608581542968750e+02 1.184334106445312500e+03 5.868535041809082031e-01
3.356629943847656250e+02 1.194907348632812500e+03 6.032727956771850586e-01
6.184847412109375000e+02 1.472281616210937500e+03 7.845164537429809570e-01
4.456361083984375000e+02 1.765533447265625000e+03 7.876220941543579102e-01
4.299164428710937500e+02 1.163342285156250000e+03 4.913587570190429688e-01
5.922872924804687500e+02 1.278717651367187500e+03 8.386597633361816406e-01
4.406032714843750000e+02 1.561427856445312500e+03 7.916874885559082031e-01
6.917506713867187500e+02 6.025782470703125000e+02 9.519388675689697266e-01
0.000000000000000000e+00 0.000000000000000000e+00 0.000000000000000000e+00
6.082962036132812500e+02 6.343337402343750000e+02 8.817644119262695312e-01
0.000000000000000000e+00 0.000000000000000000e+00 0.000000000000000000e+00
5.137693481445312500e+02 1.608522338867187500e+03 5.446609854698181152e-02
0.000000000000000000e+00 0.000000000000000000e+00 0.000000000000000000e+00
4.091770019531250000e+02 1.582354248046875000e+03 7.981681823730468750e-01
5.975540161132812500e+02 1.823263427734375000e+03 7.472787499427795410e-01
5.452190551757812500e+02 1.833859375000000000e+03 6.304823160171508789e-01
4.039226379394531250e+02 1.776096679687500000e+03 7.544968128204345703e-01
