7.913853149414062500e+02 1.022012268066406250e+03 9.230643510818481445e-01
6.132904663085937500e+02 9.957290039062500000e+02 7.588324546813964844e-01
6.132845458984375000e+02 1.032387207031250000e+03 8.249932527542114258e-01
4.823294982910156250e+02 1.215680053710937500e+03 8.494222164154052734e-01
6.289442138671875000e+02 1.121335327148437500e+03 7.861620187759399414e-01
6.133059082031250000e+02 9.590072021484375000e+02 6.760210990905761719e-01
5.348215332031250000e+02 1.105602905273437500e+03 5.359300225973129272e-02
0.000000000000000000e+00 0.000000000000000000e+00 0.000000000000000000e+00
2.886210937500000000e+02 1.231206542968750000e+03 6.097080707550048828e-01
3.042243347167968750e+02 1.242027099609375000e+03 6.902769804000854492e-01
6.393449096679687500e+02 1.247259277343750000e+03 8.389840126037597656e-01
4.822506103515625000e+02 1.519358764648437500e+03 8.395304083824157715e-01
2.780540466308593750e+02 1.194863281250000000e+03 4.640174806118011475e-01
6.080766601562500000e+02 1.184332397460937500e+03 5.175358057022094727e-01
4.826188659667968750e+02 1.409678955078125000e+03 7.869469523429870605e-01
7.862440185546875000e+02 9.956464233398437500e+02 8.540820479393005371e-01
0.000000000000000000e+00 0.000000000000000000e+00 0.000000000000000000e+00
7.336163330078125000e+02 9.798786010742187500e+02 9.523261785507202148e-01
0.000000000000000000e+00 0.000000000000000000e+00 0.000000000000000000e+00
6.026033935546875000e+02 1.435542358398437500e+03 6.861039400100708008e-01
5.976718750000000000e+02 1.430347900390625000e+03 6.859834790229797363e-01
4.407182312011718750e+02 1.430521484375000000e+03 7.257149219512939453e-01
6.028005981445312500e+02 1.571797607421875000e+03 7.758864760398864746e-01
5.610401000976562500e+02 1.577174560546875000e+03 8.135356307029724121e-01
4.456687316894531250e+02 1.530048339843750000e+03 8.566159009933471680e-01
