1.156935195922851562e+02 7.966763305664062500e+02 8.341755867004394531e-01
3.146636352539062500e+02 8.908131713867187500e+02 6.605172753334045410e-01
2.938762207031250000e+02 8.909345703125000000e+02 4.643877744674682617e-01
0.000000000000000000e+00 0.000000000000000000e+00 0.000000000000000000e+00
0.000000000000000000e+00 0.000000000000000000e+00 0.000000000000000000e+00
3.305055236816406250e+02 8.908425903320312500e+02 7.683232426643371582e-01
4.667505798339843750e+02 1.069074340820312500e+03 8.875901699066162109e-01
2.415435028076171875e+02 9.694338989257812500e+02 8.218523263931274414e-01
6.134377441406250000e+02 1.179076904296875000e+03 5.218882560729980469e-01
6.081348876953125000e+02 1.158169555664062500e+03 3.505609631538391113e-01
3.356398315429687500e+02 1.142237915039062500e+03 6.279647350311279297e-01
4.929259643554687500e+02 1.388464111328125000e+03 7.294744253158569336e-01
6.290665283203125000e+02 1.194762817382812500e+03 6.435663700103759766e-01
3.253735046386718750e+02 1.325898803710937500e+03 8.022141456604003906e-01
5.296053466796875000e+02 1.561338867187500000e+03 7.875030040740966797e-01
0.000000000000000000e+00 0.000000000000000000e+00 0.000000000000000000e+00
1.420230560302734375e+02 7.706701660156250000e+02 9.437947273254394531e-01
0.000000000000000000e+00 0.000000000000000000e+00 0.000000000000000000e+00
2.255995635986328125e+02 8.071769409179687500e+02 8.990481495857238770e-01
4.350864257812500000e+02 1.676686767578125000e+03 7.744475603103637695e-01
4.770604248046875000e+02 1.676596313476562500e+03 6.810967922210693359e-01
5.715523681640625000e+02 1.566605224609375000e+03 7.876023054122924805e-01
5.191505126953125000e+02 1.409400268554687500e+03 2.754134237766265869e-01
5.242065429687500000e+02 1.409479003906250000e+03 2.774578034877777100e-01
5.243483886718750000e+02 1.398922729492187500e+03 7.834933996200561523e-01
