2.362361297607421875e+02 7.650178833007812500e+02 8.687337636947631836e-01
3.987160644531250000e+02 8.699324340820312500e+02 7.041085958480834961e-01
4.090243530273437500e+02 8.593590698242187500e+02 5.992823243141174316e-01
0.000000000000000000e+00 0.000000000000000000e+00 0.000000000000000000e+00
0.000000000000000000e+00 0.000000000000000000e+00 0.000000000000000000e+00
3.984601135253906250e+02 8.909699096679687500e+02 8.619898557662963867e-01
4.300211181640625000e+02 1.126735473632812500e+03 8.520777821540832520e-01
3.356532897949218750e+02 9.274718017578125000e+02 8.139286041259765625e-01
5.714758300781250000e+02 1.210401855468750000e+03 6.173107028007507324e-01
5.766062011718750000e+02 1.194617309570312500e+03 4.774965047836303711e-01
3.462395324707031250e+02 1.315262573242187500e+03 9.081816673278808594e-01
4.773540344238281250e+02 1.535217651367187500e+03 8.258429169654846191e-01
5.766281738281250000e+02 1.231544799804687500e+03 6.585008502006530762e-01
3.253144531250000000e+02 1.477632690429687500e+03 8.646494746208190918e-01
4.877598266601562500e+02 1.692147827148437500e+03 8.266379833221435547e-01
0.000000000000000000e+00 0.000000000000000000e+00 0.000000000000000000e+00
2.673580017089843750e+02 7.336898803710937500e+02 9.426826238632202148e-01
0.000000000000000000e+00 0.000000000000000000e+00 0.000000000000000000e+00
3.512029418945312500e+02 7.548017578125000000e+02 8.870679736137390137e-01
3.776970214843750000e+02 1.750056884765625000e+03 7.702221870422363281e-01
4.091317138671875000e+02 1.765592529296875000e+03 7.711343765258789062e-01
5.243221435546875000e+02 1.697513549804687500e+03 9.052571654319763184e-01
4.299002990722656250e+02 1.587609130859375000e+03 9.001035988330841064e-02
0.000000000000000000e+00 0.000000000000000000e+00 0.000000000000000000e+00
5.138115844726562500e+02 1.566430908203125000e+03 8.730764389038085938e-01
