2.308605194091796875e+02 6.341567993164062500e+02 8.838962316513061523e-01
3.985547790527343750e+02 7.705853881835937500e+02 7.204625606536865234e-01
3.620567626953125000e+02 7.861804199218750000e+02 4.988990426063537598e-01
0.000000000000000000e+00 0.000000000000000000e+00 0.000000000000000000e+00
0.000000000000000000e+00 0.000000000000000000e+00 0.000000000000000000e+00
4.352930297851562500e+02 7.548461914062500000e+02 8.068398833274841309e-01
6.083510742187500000e+02 8.597062988281250000e+02 9.046757817268371582e-01
4.614803161621093750e+02 6.393222656250000000e+02 8.094736933708190918e-01
7.128634643554687500e+02 1.105625854492187500e+03 5.260715484619140625e-01
6.553181762695312500e+02 1.110828369140625000e+03 3.813926279544830322e-01
4.090024719238281250e+02 1.299515502929687500e+03 3.373040258884429932e-01
5.191549072265625000e+02 1.645131225585937500e+03 3.264389634132385254e-01
7.599446411132812500e+02 1.105526611328125000e+03 6.122699975967407227e-01
4.090852355957031250e+02 1.351852783203125000e+03 7.988463044166564941e-01
5.555632934570312500e+02 1.786682983398437500e+03 7.475198507308959961e-01
0.000000000000000000e+00 0.000000000000000000e+00 0.000000000000000000e+00
2.673864746093750000e+02 6.028928222656250000e+02 9.434112906455993652e-01
0.000000000000000000e+00 0.000000000000000000e+00 0.000000000000000000e+00
3.514417114257812500e+02 6.238708496093750000e+02 8.591471314430236816e-01
4.038112182617187500e+02 1.854659545898437500e+03 6.838396191596984863e-01
4.509644165039062500e+02 1.859996704101562500e+03 6.700966358184814453e-01
5.923746948242187500e+02 1.823191772460937500e+03 7.337900400161743164e-01
3.985901489257812500e+02 1.666135009765625000e+03 4.758310019969940186e-01
4.091618041992187500e+02 1.655796264648437500e+03 4.326218962669372559e-01
5.715093383789062500e+02 1.645222045898437500e+03 1.669887006282806396e-01
