2.310246276855468750e+02 7.705867919921875000e+02 9.440885782241821289e-01
3.935512695312500000e+02 8.959370727539062500e+02 7.153433561325073242e-01
3.984738159179687500e+02 8.751836547851562500e+02 5.278658270835876465e-01
3.253517456054687500e+02 1.105792114257812500e+03 1.094297766685485840e-01
0.000000000000000000e+00 0.000000000000000000e+00 0.000000000000000000e+00
3.935234985351562500e+02 9.012895507812500000e+02 8.714219331741333008e-01
4.246268005371093750e+02 1.147465576171875000e+03 8.737191557884216309e-01
3.200455627441406250e+02 9.379828491210937500e+02 8.986416459083557129e-01
5.766252441406250000e+02 1.226051147460937500e+03 6.131845116615295410e-01
5.870810546875000000e+02 1.194931518554687500e+03 4.771890342235565186e-01
3.461797180175781250e+02 1.315188354492187500e+03 8.992518782615661621e-01
4.772226867675781250e+02 1.540349731445312500e+03 8.331465721130371094e-01
5.766329345703125000e+02 1.241894897460937500e+03 6.361597180366516113e-01
3.150665588378906250e+02 1.482788452148437500e+03 9.149063229560852051e-01
4.877462768554687500e+02 1.692031860351562500e+03 8.212080001831054688e-01
0.000000000000000000e+00 0.000000000000000000e+00 0.000000000000000000e+00
2.622243957519531250e+02 7.442539062500000000e+02 8.708229064941406250e-01
0.000000000000000000e+00 0.000000000000000000e+00 0.000000000000000000e+00
3.461697692871093750e+02 7.704545898437500000e+02 9.435453414916992188e-01
3.827891845703125000e+02 1.749974975585937500e+03 7.526395916938781738e-01
4.143783874511718750e+02 1.760510742187500000e+03 7.409190535545349121e-01
5.243617553710937500e+02 1.692514526367187500e+03 9.023628830909729004e-01
4.299025878906250000e+02 1.598087646484375000e+03 7.897165417671203613e-02
0.000000000000000000e+00 0.000000000000000000e+00 0.000000000000000000e+00
5.136244506835937500e+02 1.566459106445312500e+03 8.941817283630371094e-01
