8.649213256835937500e+02 2.675559692382812500e+02 8.063958287239074707e-01
6.027268066406250000e+02 3.934093322753906250e+02 6.293270587921142578e-01
5.556358032226562500e+02 3.934765930175781250e+02 6.305893659591674805e-01
3.095867309570312500e+02 5.400625610351562500e+02 7.542288303375244141e-01
5.190210571289062500e+02 2.730431823730468750e+02 8.571549057960510254e-01
6.553123779296875000e+02 3.984870605468750000e+02 4.657447040081024170e-01
0.000000000000000000e+00 0.000000000000000000e+00 0.000000000000000000e+00
0.000000000000000000e+00 0.000000000000000000e+00 0.000000000000000000e+00
3.828171081542968750e+02 8.489346313476562500e+02 5.316302180290222168e-01
3.147449340820312500e+02 8.596076049804687500e+02 5.371431112289428711e-01
6.501846313476562500e+02 1.069219726562500000e+03 8.017832040786743164e-01
4.354089050292968750e+02 1.530152099609375000e+03 7.510611414909362793e-01
4.509760742187500000e+02 8.228268432617187500e+02 4.313513040542602539e-01
7.340501708984375000e+02 9.800794677734375000e+02 7.908577919006347656e-01
5.924538574218750000e+02 1.236604980468750000e+03 9.897467494010925293e-02
8.544877319335937500e+02 2.202924041748046875e+02 8.727993965148925781e-01
0.000000000000000000e+00 0.000000000000000000e+00 0.000000000000000000e+00
7.390372314453125000e+02 1.840118865966796875e+02 8.926900625228881836e-01
0.000000000000000000e+00 0.000000000000000000e+00 0.000000000000000000e+00
6.445957641601562500e+02 1.320563354492187500e+03 2.387070506811141968e-01
6.395108032226562500e+02 1.320428100585937500e+03 2.347575873136520386e-01
0.000000000000000000e+00 0.000000000000000000e+00 0.000000000000000000e+00
5.399462280273437500e+02 1.660887084960937500e+03 6.293544173240661621e-01
5.084924926757812500e+02 1.655879394531250000e+03 5.235693454742431641e-01
3.881614685058593750e+02 1.556097045898437500e+03 6.789626479148864746e-01
