1.157480163574218750e+02 7.703696289062500000e+02 9.019982814788818359e-01
3.148689575195312500e+02 8.544078369140625000e+02 6.557015180587768555e-01
3.095431823730468750e+02 8.489486083984375000e+02 4.790950417518615723e-01
0.000000000000000000e+00 0.000000000000000000e+00 0.000000000000000000e+00
0.000000000000000000e+00 0.000000000000000000e+00 0.000000000000000000e+00
3.252565307617187500e+02 8.597273559570312500e+02 7.951588630676269531e-01
4.667142028808593750e+02 1.053302490234375000e+03 8.491683006286621094e-01
2.570307617187500000e+02 9.381488037109375000e+02 8.488822579383850098e-01
6.133884277343750000e+02 1.153051025390625000e+03 5.450530648231506348e-01
6.080220947265625000e+02 1.142344482421875000e+03 3.572147190570831299e-01
3.356870117187500000e+02 1.142383300781250000e+03 7.933346033096313477e-01
5.085172119140625000e+02 1.383345703125000000e+03 7.305490970611572266e-01
6.342117309570312500e+02 1.184265136718750000e+03 6.356929540634155273e-01
3.252350463867187500e+02 1.330920532226562500e+03 8.071578145027160645e-01
5.295759277343750000e+02 1.561375854492187500e+03 7.937004566192626953e-01
0.000000000000000000e+00 0.000000000000000000e+00 0.000000000000000000e+00
1.421608123779296875e+02 7.391848754882812500e+02 9.141081571578979492e-01
0.000000000000000000e+00 0.000000000000000000e+00 0.000000000000000000e+00
2.257655181884765625e+02 7.757103271484375000e+02 9.408904314041137695e-01
4.350583801269531250e+02 1.681776855468750000e+03 7.755281925201416016e-01
4.770410156250000000e+02 1.676643188476562500e+03 6.732712388038635254e-01
5.715232543945312500e+02 1.566602172851562500e+03 7.897335290908813477e-01
5.189648437500000000e+02 1.409622680664062500e+03 2.257117331027984619e-01
5.241137695312500000e+02 1.409600830078125000e+03 2.383724302053451538e-01
5.295551147460937500e+02 1.398932006835937500e+03 7.652466297149658203e-01
