8.120873413085937500e+02 7.809848022460937500e+02 8.915573954582214355e-01
6.342042846679687500e+02 9.329285278320312500e+02 7.201408147811889648e-01
6.029627685546875000e+02 9.381363525390625000e+02 7.908136248588562012e-01
4.980928955078125000e+02 1.215617187500000000e+03 8.129925727844238281e-01
6.029693603515625000e+02 1.021983947753906250e+03 7.080723047256469727e-01
6.605651245117187500e+02 9.274924926757812500e+02 6.115481853485107422e-01
6.553010864257812500e+02 1.111092163085937500e+03 6.588964909315109253e-02
0.000000000000000000e+00 0.000000000000000000e+00 0.000000000000000000e+00
4.038894958496093750e+02 1.252411621093750000e+03 5.638991594314575195e-01
3.828309936523437500e+02 1.278673217773437500e+03 6.774371862411499023e-01
7.285933837890625000e+02 1.404379150390625000e+03 8.859792947769165039e-01
5.136679687500000000e+02 1.650603149414062500e+03 8.420668840408325195e-01
4.352606506347656250e+02 1.220912597656250000e+03 4.318828880786895752e-01
6.918829345703125000e+02 1.236453979492187500e+03 8.846971988677978516e-01
5.240842285156250000e+02 1.482577880859375000e+03 8.344126939773559570e-01
7.759522705078125000e+02 7.653093261718750000e+02 9.061734080314636230e-01
0.000000000000000000e+00 0.000000000000000000e+00 0.000000000000000000e+00
6.970853881835937500e+02 7.756211547851562500e+02 7.789717316627502441e-01
0.000000000000000000e+00 0.000000000000000000e+00 0.000000000000000000e+00
5.870543212890625000e+02 1.493214965820312500e+03 2.706730663776397705e-01
5.766425170898437500e+02 1.482661621093750000e+03 2.689044475555419922e-01
4.824703674316406250e+02 1.493255615234375000e+03 8.937489390373229980e-01
6.341872558593750000e+02 1.723678344726562500e+03 6.977617740631103516e-01
5.923054809570312500e+02 1.733969848632812500e+03 7.161515355110168457e-01
4.719816589355468750e+02 1.655923339843750000e+03 8.248689174652099609e-01
