2.675451660156250000e+02 5.555725097656250000e+02 8.707389831542968750e-01
4.195478210449218750e+02 6.972051391601562500e+02 6.536583304405212402e-01
3.934469909667968750e+02 7.076450805664062500e+02 5.273674130439758301e-01
0.000000000000000000e+00 0.000000000000000000e+00 0.000000000000000000e+00
0.000000000000000000e+00 0.000000000000000000e+00 0.000000000000000000e+00
4.405912475585937500e+02 6.919056396484375000e+02 8.151282668113708496e-01
6.238162841796875000e+02 7.757560424804687500e+02 8.706593513488769531e-01
4.824956359863281250e+02 5.191067504882812500e+02 8.478363752365112305e-01
6.919935302734375000e+02 1.069082885742187500e+03 5.161468386650085449e-01
6.657054443359375000e+02 1.074306274414062500e+03 3.290272653102874756e-01
5.608879394531250000e+02 1.320549926757812500e+03 8.294481039047241211e-02
8.699840087890625000e+02 1.425177246093750000e+03 7.597796618938446045e-02
7.284758911132812500e+02 1.068975708007812500e+03 5.951884388923645020e-01
4.038992614746093750e+02 1.356943725585937500e+03 8.418239355087280273e-01
5.556775512695312500e+02 1.781591186523437500e+03 7.740314602851867676e-01
0.000000000000000000e+00 0.000000000000000000e+00 0.000000000000000000e+00
2.989513854980468750e+02 5.240952148437500000e+02 8.902278542518615723e-01
0.000000000000000000e+00 0.000000000000000000e+00 0.000000000000000000e+00
3.828270263671875000e+02 5.557538452148437500e+02 8.511301279067993164e-01
3.985896301269531250e+02 1.854722045898437500e+03 6.732113957405090332e-01
4.457059326171875000e+02 1.860041137695312500e+03 6.382040977478027344e-01
5.924411010742187500e+02 1.818145263671875000e+03 7.040694952011108398e-01
0.000000000000000000e+00 0.000000000000000000e+00 0.000000000000000000e+00
0.000000000000000000e+00 0.000000000000000000e+00 0.000000000000000000e+00
9.170507812500000000e+02 1.435614135742187500e+03 5.409922450780868530e-02
