7.862359619140625000e+02 6.709995727539062500e+02 8.226844072341918945e-01
6.133222656250000000e+02 7.650321044921875000e+02 5.774280428886413574e-01
6.082675170898437500e+02 7.705884399414062500e+02 8.862557411193847656e-01
5.191749877929687500e+02 9.642748413085937500e+02 8.775514364242553711e-01
6.501548461914062500e+02 8.174055175781250000e+02 9.008415341377258301e-01
6.238328247070312500e+02 7.339176635742187500e+02 4.634409248828887939e-01
0.000000000000000000e+00 0.000000000000000000e+00 0.000000000000000000e+00
0.000000000000000000e+00 0.000000000000000000e+00 0.000000000000000000e+00
3.515063781738281250e+02 9.854213867187500000e+02 6.557047963142395020e-01
3.357272033691406250e+02 1.011280944824218750e+03 6.786503195762634277e-01
6.081535644531250000e+02 1.199930664062500000e+03 9.132128357887268066e-01
4.718981018066406250e+02 1.477572875976562500e+03 8.316469192504882812e-01
3.775857543945312500e+02 9.799227294921875000e+02 4.802312850952148438e-01
5.974707641601562500e+02 1.105882202148437500e+03 8.865851163864135742e-01
4.717828063964843750e+02 1.362263305664062500e+03 7.937834858894348145e-01
7.756976928710937500e+02 6.449373168945312500e+02 9.494388103485107422e-01
0.000000000000000000e+00 0.000000000000000000e+00 0.000000000000000000e+00
7.179470214843750000e+02 6.500541381835937500e+02 9.073031544685363770e-01
0.000000000000000000e+00 0.000000000000000000e+00 0.000000000000000000e+00
5.713429565429687500e+02 1.393771362304687500e+03 7.180861234664916992e-01
5.662422485351562500e+02 1.383329956054687500e+03 7.084057927131652832e-01
4.350154113769531250e+02 1.388429321289062500e+03 8.710966110229492188e-01
5.922666625976562500e+02 1.519459960937500000e+03 8.040298223495483398e-01
5.609273681640625000e+02 1.524914916992187500e+03 9.002900719642639160e-01
4.353413696289062500e+02 1.488230834960937500e+03 8.616063594818115234e-01
