7.965652465820312500e+02 6.971547241210937500e+02 8.527733683586120605e-01
6.186380615234375000e+02 7.757787475585937500e+02 6.671090722084045410e-01
6.238590698242187500e+02 7.914089965820312500e+02 7.980200648307800293e-01
5.188565063476562500e+02 9.798974609375000000e+02 9.281269311904907227e-01
6.502410888671875000e+02 8.540392456054687500e+02 8.493354320526123047e-01
6.238074951171875000e+02 7.652096557617187500e+02 5.397853255271911621e-01
0.000000000000000000e+00 0.000000000000000000e+00 0.000000000000000000e+00
0.000000000000000000e+00 0.000000000000000000e+00 0.000000000000000000e+00
3.461742553710937500e+02 9.957106323242187500e+02 6.133693456649780273e-01
3.251647033691406250e+02 1.016742492675781250e+03 7.123618721961975098e-01
6.029996337890625000e+02 1.199937988281250000e+03 9.145137667655944824e-01
4.717030334472656250e+02 1.482563964843750000e+03 8.211871981620788574e-01
3.619342346191406250e+02 9.801130981445312500e+02 4.656639695167541504e-01
5.924095458984375000e+02 1.110748413085937500e+03 8.771435022354125977e-01
4.666352233886718750e+02 1.362227905273437500e+03 7.855437397956848145e-01
7.759951171875000000e+02 6.814627075195312500e+02 9.147937893867492676e-01
0.000000000000000000e+00 0.000000000000000000e+00 0.000000000000000000e+00
7.232729492187500000e+02 6.864996337890625000e+02 9.298714399337768555e-01
0.000000000000000000e+00 0.000000000000000000e+00 0.000000000000000000e+00
5.663654785156250000e+02 1.393774414062500000e+03 7.201394438743591309e-01
5.661712036132812500e+02 1.383319702148437500e+03 7.041916251182556152e-01
4.300570373535156250e+02 1.383302001953125000e+03 8.457290530204772949e-01
5.871613769531250000e+02 1.519485717773437500e+03 7.770904898643493652e-01
5.608669433593750000e+02 1.529748657226562500e+03 8.739082813262939453e-01
4.351952819824218750e+02 1.493277221679687500e+03 8.364598751068115234e-01
