3.930327453613281250e+02 8.542288208007812500e+02 8.885516524314880371e-01
5.766235351562500000e+02 8.963587036132812500e+02 7.553994655609130859e-01
5.138533325195312500e+02 8.963098754882812500e+02 6.264376640319824219e-01
5.607124023437500000e+02 1.100408325195312500e+03 1.270906925201416016e-01
0.000000000000000000e+00 0.000000000000000000e+00 0.000000000000000000e+00
6.449093017578125000e+02 9.014060668945312500e+02 7.796779274940490723e-01
7.495102539062500000e+02 1.121316528320312500e+03 7.857210636138916016e-01
6.081886596679687500e+02 9.957287597656250000e+02 8.075320124626159668e-01
7.128042602539062500e+02 1.220953613281250000e+03 5.867532491683959961e-01
6.501386718750000000e+02 1.178997070312500000e+03 5.298302173614501953e-01
4.089862976074218750e+02 1.189374877929687500e+03 7.902064323425292969e-01
6.185160522460937500e+02 1.351819946289062500e+03 2.853928208351135254e-01
7.651934814453125000e+02 1.267911132812500000e+03 6.311585903167724609e-01
3.985564575195312500e+02 1.314929443359375000e+03 8.923249244689941406e-01
6.290684814453125000e+02 1.613947265625000000e+03 7.870069742202758789e-01
0.000000000000000000e+00 0.000000000000000000e+00 0.000000000000000000e+00
3.932562561035156250e+02 8.178087768554687500e+02 9.199217557907104492e-01
0.000000000000000000e+00 0.000000000000000000e+00 0.000000000000000000e+00
4.667041015625000000e+02 7.810898437500000000e+02 8.241700530052185059e-01
5.400002441406250000e+02 1.702784912109375000e+03 6.535141468048095703e-01
5.819691162109375000e+02 1.707985839843750000e+03 6.840864419937133789e-01
6.813305053710937500e+02 1.629486083984375000e+03 7.179863452911376953e-01
6.499248046875000000e+02 1.362482543945312500e+03 7.571290433406829834e-02
0.000000000000000000e+00 0.000000000000000000e+00 0.000000000000000000e+00
6.498462524414062500e+02 1.357219848632812500e+03 2.760462164878845215e-01
