7.388613891601562500e+01 8.958440551757812500e+02 8.596997261047363281e-01
3.041630859375000000e+02 9.537784423828125000e+02 6.554940342903137207e-01
3.093616638183593750e+02 9.275874633789062500e+02 5.069500803947448730e-01
0.000000000000000000e+00 0.000000000000000000e+00 0.000000000000000000e+00
0.000000000000000000e+00 0.000000000000000000e+00 0.000000000000000000e+00
2.991103515625000000e+02 9.851024169921875000e+02 7.700215578079223633e-01
4.089804382324218750e+02 1.184154785156250000e+03 8.551719188690185547e-01
1.890294189453125000e+02 1.063966064453125000e+03 9.120606184005737305e-01
5.975169067382812500e+02 1.215654296875000000e+03 4.640238583087921143e-01
5.662891235351562500e+02 1.194814697265625000e+03 2.858082950115203857e-01
3.096211853027343750e+02 1.320382690429687500e+03 1.345918327569961548e-01
0.000000000000000000e+00 0.000000000000000000e+00 0.000000000000000000e+00
6.083072509765625000e+02 1.231548950195312500e+03 6.855746507644653320e-01
3.095671081542968750e+02 1.356810913085937500e+03 8.782636523246765137e-01
5.346805419921875000e+02 1.535399291992187500e+03 7.656878232955932617e-01
0.000000000000000000e+00 0.000000000000000000e+00 0.000000000000000000e+00
1.001627807617187500e+02 8.597878417968750000e+02 9.236204624176025391e-01
0.000000000000000000e+00 0.000000000000000000e+00 0.000000000000000000e+00
1.836107635498046875e+02 8.961130371093750000e+02 8.970975875854492188e-01
4.352274169921875000e+02 1.660886596679687500e+03 7.619466185569763184e-01
4.772551574707031250e+02 1.655833496093750000e+03 6.885938048362731934e-01
5.766848754882812500e+02 1.545611572265625000e+03 7.510249018669128418e-01
0.000000000000000000e+00 0.000000000000000000e+00 0.000000000000000000e+00
0.000000000000000000e+00 0.000000000000000000e+00 0.000000000000000000e+00
0.000000000000000000e+00 0.000000000000000000e+00 0.000000000000000000e+00
