8.805482177734375000e+02 2.727016906738281250e+02 7.566406130790710449e-01
6.080583496093750000e+02 3.931644897460937500e+02 5.774073004722595215e-01
5.661321411132812500e+02 3.932335815429687500e+02 6.270851492881774902e-01
3.147897338867187500e+02 5.555953979492187500e+02 7.779389619827270508e-01
5.244146728515625000e+02 2.834786376953125000e+02 8.068129420280456543e-01
6.605134887695312500e+02 3.933098449707031250e+02 4.317485094070434570e-01
0.000000000000000000e+00 0.000000000000000000e+00 0.000000000000000000e+00
0.000000000000000000e+00 0.000000000000000000e+00 0.000000000000000000e+00
3.776196594238281250e+02 8.541593017578125000e+02 5.226234197616577148e-01
3.147547607421875000e+02 8.596557006835937500e+02 5.344686508178710938e-01
6.553782348632812500e+02 1.074297119140625000e+03 7.702723741531372070e-01
4.403876342773437500e+02 1.535211059570312500e+03 7.523518204689025879e-01
4.457391357421875000e+02 8.384930419921875000e+02 4.084863364696502686e-01
7.391356811523437500e+02 9.852007446289062500e+02 7.770304679870605469e-01
5.975137329101562500e+02 1.236716186523437500e+03 1.075352504849433899e-01
8.596839599609375000e+02 2.255542144775390625e+02 8.487284183502197266e-01
0.000000000000000000e+00 0.000000000000000000e+00 0.000000000000000000e+00
7.494542236328125000e+02 1.892644195556640625e+02 8.171336650848388672e-01
0.000000000000000000e+00 0.000000000000000000e+00 0.000000000000000000e+00
6.498371582031250000e+02 1.325764038085937500e+03 2.483432590961456299e-01
6.447421264648437500e+02 1.320622436523437500e+03 2.423175722360610962e-01
0.000000000000000000e+00 0.000000000000000000e+00 0.000000000000000000e+00
5.556276855468750000e+02 1.676615722656250000e+03 6.298940181732177734e-01
5.085610351562500000e+02 1.671349731445312500e+03 5.282947421073913574e-01
3.932650756835937500e+02 1.556217529296875000e+03 6.654092073440551758e-01
