2.258548889160156250e+02 7.760046997070312500e+02 9.242379665374755859e-01
3.933043518066406250e+02 9.012720947265625000e+02 7.271339893341064453e-01
3.933133544921875000e+02 8.908212890625000000e+02 5.641683936119079590e-01
0.000000000000000000e+00 0.000000000000000000e+00 0.000000000000000000e+00
0.000000000000000000e+00 0.000000000000000000e+00 0.000000000000000000e+00
3.932391052246093750e+02 9.067451171875000000e+02 8.407841920852661133e-01
4.142548217773437500e+02 1.152780151367187500e+03 8.804852366447448730e-01
3.149467468261718750e+02 9.485558471679687500e+02 8.707612156867980957e-01
5.766994628906250000e+02 1.231391723632812500e+03 6.223685741424560547e-01
5.819451293945312500e+02 1.200124755859375000e+03 4.730187356472015381e-01
3.511690979003906250e+02 1.315080688476562500e+03 9.029623866081237793e-01
4.771700439453125000e+02 1.530205688476562500e+03 8.388974070549011230e-01
5.766076049804687500e+02 1.257601440429687500e+03 6.174264550209045410e-01
3.149871215820312500e+02 1.482947875976562500e+03 9.282567501068115234e-01
4.928897094726562500e+02 1.692154785156250000e+03 8.228329420089721680e-01
0.000000000000000000e+00 0.000000000000000000e+00 0.000000000000000000e+00
2.518214416503906250e+02 7.651560668945312500e+02 8.623792529106140137e-01
0.000000000000000000e+00 0.000000000000000000e+00 0.000000000000000000e+00
3.252780151367187500e+02 7.757717285156250000e+02 9.112436175346374512e-01
3.828964843750000000e+02 1.749905029296875000e+03 7.673920392990112305e-01
4.143896484375000000e+02 1.760462646484375000e+03 7.567765712738037109e-01
5.245059814453125000e+02 1.697416137695312500e+03 9.116293191909790039e-01
4.404986877441406250e+02 1.592885986328125000e+03 8.260031789541244507e-02
0.000000000000000000e+00 0.000000000000000000e+00 0.000000000000000000e+00
5.136484985351562500e+02 1.561375610351562500e+03 8.681148290634155273e-01
