8.700209960937500000e+02 3.149747924804687500e+02 8.374303579330444336e-01
6.029465332031250000e+02 4.352164306640625000e+02 5.879311561584472656e-01
5.610351562500000000e+02 4.350545043945312500e+02 6.235574483871459961e-01
3.149605102539062500e+02 6.029076538085937500e+02 8.003464937210083008e-01
5.296078491210937500e+02 3.462434997558593750e+02 8.001853823661804199e-01
6.605512084960937500e+02 4.405035705566406250e+02 4.584613740444183350e-01
0.000000000000000000e+00 0.000000000000000000e+00 0.000000000000000000e+00
0.000000000000000000e+00 0.000000000000000000e+00 0.000000000000000000e+00
3.829032897949218750e+02 8.804801025390625000e+02 5.135434269905090332e-01
3.147302246093750000e+02 8.962860107421875000e+02 5.507568717002868652e-01
6.761837158203125000e+02 1.100471435546875000e+03 7.746424674987792969e-01
4.351036071777343750e+02 1.535287231445312500e+03 7.062016725540161133e-01
4.613811340332031250e+02 8.595895996093750000e+02 4.269827008247375488e-01
7.547493286132812500e+02 9.904373779296875000e+02 7.859959602355957031e-01
6.026859130859375000e+02 1.273341430664062500e+03 1.112927496433258057e-01
8.595415039062500000e+02 2.676867980957031250e+02 9.101189374923706055e-01
0.000000000000000000e+00 0.000000000000000000e+00 0.000000000000000000e+00
7.443701782226562500e+02 2.361605377197265625e+02 8.494919538497924805e-01
0.000000000000000000e+00 0.000000000000000000e+00 0.000000000000000000e+00
6.499757690429687500e+02 1.325746582031250000e+03 2.288834601640701294e-01
6.448878173828125000e+02 1.320533935546875000e+03 2.390376776456832886e-01
0.000000000000000000e+00 0.000000000000000000e+00 0.000000000000000000e+00
5.243314208984375000e+02 1.671338989257812500e+03 6.107712984085083008e-01
4.615049133300781250e+02 1.660903564453125000e+03 5.075487494468688965e-01
3.879372558593750000e+02 1.561405639648437500e+03 6.353694200515747070e-01
