2.258374328613281250e+02 7.759728393554687500e+02 9.269586205482482910e-01
3.932810974121093750e+02 9.012097778320312500e+02 7.258903384208679199e-01
3.932963562011718750e+02 8.857467041015625000e+02 5.655950903892517090e-01
0.000000000000000000e+00 0.000000000000000000e+00 0.000000000000000000e+00
0.000000000000000000e+00 0.000000000000000000e+00 0.000000000000000000e+00
3.932250366210937500e+02 9.066879882812500000e+02 8.464781045913696289e-01
4.142621154785156250e+02 1.152682128906250000e+03 8.841350078582763672e-01
3.148962097167968750e+02 9.435961303710937500e+02 8.818326592445373535e-01
5.818827514648437500e+02 1.231524536132812500e+03 6.252759695053100586e-01
5.975063476562500000e+02 1.205220825195312500e+03 4.796958863735198975e-01
3.511716308593750000e+02 1.315086181640625000e+03 9.021447896957397461e-01
4.771775817871093750e+02 1.535135864257812500e+03 8.350821137428283691e-01
5.715559082031250000e+02 1.262861572265625000e+03 6.281519532203674316e-01
3.149679870605468750e+02 1.482946289062500000e+03 9.297094345092773438e-01
4.927913208007812500e+02 1.692089477539062500e+03 8.197482824325561523e-01
0.000000000000000000e+00 0.000000000000000000e+00 0.000000000000000000e+00
2.518094787597656250e+02 7.651375122070312500e+02 8.641331791877746582e-01
0.000000000000000000e+00 0.000000000000000000e+00 0.000000000000000000e+00
3.252311401367187500e+02 7.757688598632812500e+02 9.144111275672912598e-01
3.827871398925781250e+02 1.749957153320312500e+03 7.600957751274108887e-01
4.143094482421875000e+02 1.760505249023437500e+03 7.509374618530273438e-01
5.244717407226562500e+02 1.697388061523437500e+03 9.075823426246643066e-01
4.405026245117187500e+02 1.592912353515625000e+03 8.852377533912658691e-02
0.000000000000000000e+00 0.000000000000000000e+00 0.000000000000000000e+00
5.136121215820312500e+02 1.561390869140625000e+03 8.590176105499267578e-01
