8.018082275390625000e+02 7.495944213867187500e+02 8.239579796791076660e-01
6.133813476562500000e+02 8.177858276367187500e+02 6.844630241394042969e-01
6.133184814453125000e+02 8.490845336914062500e+02 8.393979072570800781e-01
5.137350463867187500e+02 1.022090820312500000e+03 9.475114345550537109e-01
6.500887451171875000e+02 9.011832275390625000e+02 9.132422208786010742e-01
6.186600952148437500e+02 8.019553833007812500e+02 5.362609028816223145e-01
0.000000000000000000e+00 0.000000000000000000e+00 0.000000000000000000e+00
0.000000000000000000e+00 0.000000000000000000e+00 0.000000000000000000e+00
3.201480407714843750e+02 1.032345947265625000e+03 6.159982085227966309e-01
3.146886901855468750e+02 1.058378906250000000e+03 7.166485786437988281e-01
6.078779296875000000e+02 1.199910156250000000e+03 9.151545166969299316e-01
4.718039550781250000e+02 1.477645385742187500e+03 8.213956356048583984e-01
3.409969177246093750e+02 1.021769409179687500e+03 4.417778253555297852e-01
5.872051391601562500e+02 1.110813842773437500e+03 8.671367764472961426e-01
4.613408813476562500e+02 1.362488769531250000e+03 7.932264208793640137e-01
7.808547973632812500e+02 7.286413574218750000e+02 9.325473308563232422e-01
0.000000000000000000e+00 0.000000000000000000e+00 0.000000000000000000e+00
7.231425170898437500e+02 7.338261108398437500e+02 9.302488565444946289e-01
0.000000000000000000e+00 0.000000000000000000e+00 0.000000000000000000e+00
5.664377441406250000e+02 1.393860717773437500e+03 7.287055253982543945e-01
5.662223510742187500e+02 1.388441406250000000e+03 7.017593383789062500e-01
4.299334716796875000e+02 1.388559326171875000e+03 8.566119074821472168e-01
5.871431274414062500e+02 1.524463134765625000e+03 7.830059528350830078e-01
5.608012084960937500e+02 1.529855957031250000e+03 8.512932062149047852e-01
4.352700805664062500e+02 1.488266601562500000e+03 8.405675888061523438e-01
