2.781296081542968750e+02 7.287733154296875000e+02 9.134643673896789551e-01
4.404436950683593750e+02 8.596600341796875000e+02 6.492528915405273438e-01
4.247023010253906250e+02 8.593311767578125000e+02 4.774207174777984619e-01
0.000000000000000000e+00 0.000000000000000000e+00 0.000000000000000000e+00
0.000000000000000000e+00 0.000000000000000000e+00 0.000000000000000000e+00
4.510316772460937500e+02 8.647901000976562500e+02 8.002737164497375488e-01
4.771327514648437500e+02 1.100488403320312500e+03 9.047605991363525391e-01
3.931808471679687500e+02 8.909959716796875000e+02 9.002456665039062500e-01
5.766674804687500000e+02 1.200107910156250000e+03 6.389250159263610840e-01
5.400877685546875000e+02 1.189533081054687500e+03 5.348185896873474121e-01
3.567668762207031250e+02 1.315249267578125000e+03 9.369932413101196289e-01
4.825790710449218750e+02 1.540390747070312500e+03 8.089647889137268066e-01
6.030171508789062500e+02 1.231238037109375000e+03 7.047715187072753906e-01
3.514060058593750000e+02 1.477585937500000000e+03 8.796959519386291504e-01
5.034218750000000000e+02 1.692523071289062500e+03 8.294717073440551758e-01
0.000000000000000000e+00 0.000000000000000000e+00 0.000000000000000000e+00
3.095281066894531250e+02 7.127918701171875000e+02 8.964824080467224121e-01
0.000000000000000000e+00 0.000000000000000000e+00 0.000000000000000000e+00
3.984562988281250000e+02 7.336444091796875000e+02 9.784830212593078613e-01
3.880002441406250000e+02 1.755266967773437500e+03 7.825061082839965820e-01
4.195031738281250000e+02 1.770760742187500000e+03 7.880484461784362793e-01
5.346802978515625000e+02 1.702743041992187500e+03 8.629390001296997070e-01
4.510107727050781250e+02 1.613718627929687500e+03 1.345536559820175171e-01
4.456954345703125000e+02 1.608558593750000000e+03 1.165012270212173462e-01
5.190185546875000000e+02 1.566428466796875000e+03 8.708442449569702148e-01
