8.804930419921875000e+02 3.093643493652343750e+02 7.861188650131225586e-01
6.079875488281250000e+02 4.352060241699218750e+02 6.096156239509582520e-01
5.609273071289062500e+02 4.351908874511718750e+02 6.151130199432373047e-01
3.201574096679687500e+02 5.976401367187500000e+02 7.611067295074462891e-01
5.294548950195312500e+02 3.305306396484375000e+02 7.730925679206848145e-01
6.708908081054687500e+02 4.403950195312500000e+02 4.706599116325378418e-01
0.000000000000000000e+00 0.000000000000000000e+00 0.000000000000000000e+00
0.000000000000000000e+00 0.000000000000000000e+00 0.000000000000000000e+00
3.829078063964843750e+02 8.856666259765625000e+02 5.081309676170349121e-01
3.147120971679687500e+02 9.014143676757812500e+02 5.413409471511840820e-01
6.761937866210937500e+02 1.105486206054687500e+03 7.954241037368774414e-01
4.403189697265625000e+02 1.550906738281250000e+03 7.208670377731323242e-01
4.665957641601562500e+02 8.595975952148437500e+02 4.195142686367034912e-01
7.598764648437500000e+02 9.957074584960937500e+02 7.543439269065856934e-01
6.027858886718750000e+02 1.278552978515625000e+03 9.656615555286407471e-02
8.594420166015625000e+02 2.622224121093750000e+02 8.683123588562011719e-01
8.907331542968750000e+02 2.678455810546875000e+02 5.549906194210052490e-02
7.443944091796875000e+02 2.311117858886718750e+02 8.282015323638916016e-01
0.000000000000000000e+00 0.000000000000000000e+00 0.000000000000000000e+00
6.499203491210937500e+02 1.346561157226562500e+03 2.733117640018463135e-01
6.448851928710937500e+02 1.330966308593750000e+03 2.661378085613250732e-01
6.080607910156250000e+02 1.320201904296875000e+03 6.339708715677261353e-02
5.296102905273437500e+02 1.676654663085937500e+03 6.087644100189208984e-01
4.823272705078125000e+02 1.671348999023437500e+03 5.530316829681396484e-01
3.932687988281250000e+02 1.566810913085937500e+03 6.687074899673461914e-01
