3.987941894531250000e+02 8.961264648437500000e+02 9.132382869720458984e-01
6.027434082031250000e+02 9.538631591796875000e+02 7.722144126892089844e-01
5.452385864257812500e+02 9.433328857421875000e+02 5.925087332725524902e-01
5.609428710937500000e+02 1.116120849609375000e+03 1.616503596305847168e-01
0.000000000000000000e+00 0.000000000000000000e+00 0.000000000000000000e+00
6.500098266601562500e+02 9.747435302734375000e+02 7.733592391014099121e-01
7.651511840820312500e+02 1.158112182617187500e+03 8.027303218841552734e-01
6.080544433593750000e+02 1.058484130859375000e+03 8.142966628074645996e-01
6.972335815429687500e+02 1.273202026367187500e+03 5.600468516349792480e-01
6.448157958984375000e+02 1.226164794921875000e+03 5.221436619758605957e-01
4.299335632324218750e+02 1.189471679687500000e+03 8.730653524398803711e-01
5.714257202148437500e+02 1.440956909179687500e+03 1.768874078989028931e-01
7.600101318359375000e+02 1.315239624023437500e+03 5.994814634323120117e-01
3.983742675781250000e+02 1.315179321289062500e+03 9.136457443237304688e-01
6.446107177734375000e+02 1.613761962890625000e+03 7.756911516189575195e-01
0.000000000000000000e+00 0.000000000000000000e+00 0.000000000000000000e+00
4.143419799804687500e+02 8.598038330078125000e+02 8.668979406356811523e-01
0.000000000000000000e+00 0.000000000000000000e+00 0.000000000000000000e+00
4.927927551269531250e+02 8.539790649414062500e+02 8.641968369483947754e-01
5.608402099609375000e+02 1.713368774414062500e+03 6.693900227546691895e-01
5.976607666015625000e+02 1.718454956054687500e+03 6.739200353622436523e-01
6.867918090820312500e+02 1.619009277343750000e+03 7.280796170234680176e-01
0.000000000000000000e+00 0.000000000000000000e+00 0.000000000000000000e+00
0.000000000000000000e+00 0.000000000000000000e+00 0.000000000000000000e+00
6.134719848632812500e+02 1.461845214843750000e+03 1.291538029909133911e-01
