8.648410644531250000e+02 3.357758178710937500e+02 8.118920922279357910e-01
6.079776000976562500e+02 4.718676147460937500e+02 5.598270297050476074e-01
5.715119628906250000e+02 4.823507690429687500e+02 4.592528641223907471e-01
3.201112365722656250e+02 6.447509765625000000e+02 7.943042516708374023e-01
5.241939086914062500e+02 3.776978759765625000e+02 8.005953431129455566e-01
6.552844238281250000e+02 4.666735229492187500e+02 3.829144537448883057e-01
0.000000000000000000e+00 0.000000000000000000e+00 0.000000000000000000e+00
0.000000000000000000e+00 0.000000000000000000e+00 0.000000000000000000e+00
3.984825134277343750e+02 9.066970214843750000e+02 5.156511664390563965e-01
3.252401123046875000e+02 9.379490356445312500e+02 5.194130539894104004e-01
7.023039550781250000e+02 1.110776000976562500e+03 8.212088942527770996e-01
4.457542419433593750e+02 1.550964843750000000e+03 7.033725976943969727e-01
4.771439819335937500e+02 8.909616088867187500e+02 4.075322747230529785e-01
7.705450439453125000e+02 1.006211791992187500e+03 7.990040779113769531e-01
6.134444580078125000e+02 1.189465332031250000e+03 1.247463375329971313e-01
8.544216308593750000e+02 2.782677917480468750e+02 8.854260444641113281e-01
0.000000000000000000e+00 0.000000000000000000e+00 0.000000000000000000e+00
7.390437011718750000e+02 2.673652954101562500e+02 8.873394727706909180e-01
0.000000000000000000e+00 0.000000000000000000e+00 0.000000000000000000e+00
0.000000000000000000e+00 0.000000000000000000e+00 0.000000000000000000e+00
0.000000000000000000e+00 0.000000000000000000e+00 0.000000000000000000e+00
0.000000000000000000e+00 0.000000000000000000e+00 0.000000000000000000e+00
5.607952880859375000e+02 1.676553344726562500e+03 6.236640810966491699e-01
5.086151428222656250e+02 1.671417968750000000e+03 5.438669919967651367e-01
3.986551513671875000e+02 1.566663208007812500e+03 6.498464345932006836e-01
