8.701051635742187500e+02 2.676399841308593750e+02 7.923423051834106445e-01
6.029001464843750000e+02 3.880436401367187500e+02 5.981909036636352539e-01
5.608452758789062500e+02 3.776459960937500000e+02 6.120859384536743164e-01
3.094660339355468750e+02 5.453287353515625000e+02 7.614293098449707031e-01
5.191673583984375000e+02 2.730142211914062500e+02 8.625996112823486328e-01
6.604703979492187500e+02 3.934414978027343750e+02 4.562389850616455078e-01
0.000000000000000000e+00 0.000000000000000000e+00 0.000000000000000000e+00
0.000000000000000000e+00 0.000000000000000000e+00 0.000000000000000000e+00
3.829003906250000000e+02 8.438657836914062500e+02 5.283628106117248535e-01
3.147922973632812500e+02 8.594851074218750000e+02 5.295242667198181152e-01
6.502185058593750000e+02 1.074249389648437500e+03 7.869159579277038574e-01
4.352941589355468750e+02 1.535124023437500000e+03 7.335138916969299316e-01
4.561553649902343750e+02 8.229086914062500000e+02 4.354216456413269043e-01
7.389541625976562500e+02 9.850587768554687500e+02 7.942466139793395996e-01
5.922739868164062500e+02 1.236675292968750000e+03 1.057436242699623108e-01
8.594316406250000000e+02 2.203017578125000000e+02 8.608204126358032227e-01
0.000000000000000000e+00 0.000000000000000000e+00 0.000000000000000000e+00
7.391009521484375000e+02 1.888762664794921875e+02 8.659027218818664551e-01
0.000000000000000000e+00 0.000000000000000000e+00 0.000000000000000000e+00
6.446995239257812500e+02 1.320641601562500000e+03 2.200263738632202148e-01
6.394981689453125000e+02 1.320449829101562500e+03 2.012990415096282959e-01
0.000000000000000000e+00 0.000000000000000000e+00 0.000000000000000000e+00
5.451906738281250000e+02 1.660853027343750000e+03 6.125447154045104980e-01
5.033148193359375000e+02 1.660846313476562500e+03 5.131677389144897461e-01
3.881343078613281250e+02 1.550970214843750000e+03 6.263812780380249023e-01
