1.420261840820312500e+02 6.812066040039062500e+02 9.134566783905029297e-01
3.149853820800781250e+02 7.705803833007812500e+02 7.071784734725952148e-01
2.938739624023437500e+02 7.703258056640625000e+02 4.973019957542419434e-01
0.000000000000000000e+00 0.000000000000000000e+00 0.000000000000000000e+00
0.000000000000000000e+00 0.000000000000000000e+00 0.000000000000000000e+00
3.513273620605468750e+02 7.755474853515625000e+02 8.361400365829467773e-01
5.242752685546875000e+02 9.590708618164062500e+02 8.693522214889526367e-01
3.094987792968750000e+02 8.594201049804687500e+02 9.253820180892944336e-01
5.976003417968750000e+02 1.105604492187500000e+03 6.299989223480224609e-01
5.557375488281250000e+02 1.089915405273437500e+03 4.662277102470397949e-01
3.512564697265625000e+02 1.147777587890625000e+03 8.350778818130493164e-01
5.138403320312500000e+02 1.404195434570312500e+03 8.097937703132629395e-01
6.291192626953125000e+02 1.111163452148437500e+03 6.676521301269531250e-01
3.565942687988281250e+02 1.356895141601562500e+03 8.893921375274658203e-01
5.348638916015625000e+02 1.587633422851562500e+03 7.613894939422607422e-01
0.000000000000000000e+00 0.000000000000000000e+00 0.000000000000000000e+00
1.681304779052734375e+02 6.499662475585937500e+02 8.782815933227539062e-01
0.000000000000000000e+00 0.000000000000000000e+00 0.000000000000000000e+00
2.466688842773437500e+02 6.864162597656250000e+02 8.567072749137878418e-01
4.351929931640625000e+02 1.702712402343750000e+03 7.849058508872985840e-01
4.772373352050781250e+02 1.697796997070312500e+03 7.027017474174499512e-01
5.766724243164062500e+02 1.603216186523437500e+03 7.914524674415588379e-01
5.241011352539062500e+02 1.446222778320312500e+03 1.203924641013145447e-01
5.399802246093750000e+02 1.440928222656250000e+03 1.273395419120788574e-01
5.348657226562500000e+02 1.419921386718750000e+03 7.887502908706665039e-01
