1.105641403198242188e+02 8.333635253906250000e+02 8.440693616867065430e-01
3.149965820312500000e+02 9.118405761718750000e+02 6.405507326126098633e-01
3.148984069824218750e+02 8.963181152343750000e+02 4.812929034233093262e-01
0.000000000000000000e+00 0.000000000000000000e+00 0.000000000000000000e+00
0.000000000000000000e+00 0.000000000000000000e+00 0.000000000000000000e+00
3.252174072265625000e+02 9.327410888671875000e+02 7.745462656021118164e-01
4.666611328125000000e+02 1.111052856445312500e+03 8.727772831916809082e-01
2.414661407470703125e+02 1.006153198242187500e+03 8.123963475227355957e-01
6.134311523437500000e+02 1.199938232421875000e+03 4.811109006404876709e-01
6.081649169921875000e+02 1.184264282226562500e+03 3.013990223407745361e-01
3.514909667968750000e+02 1.152775146484375000e+03 2.207511216402053833e-01
4.928488159179687500e+02 1.388541503906250000e+03 5.228664278984069824e-01
6.290949707031250000e+02 1.231204956054687500e+03 6.447983980178833008e-01
3.148038330078125000e+02 1.341337890625000000e+03 8.329142928123474121e-01
5.295053100585937500e+02 1.561303833007812500e+03 7.904734611511230469e-01
0.000000000000000000e+00 0.000000000000000000e+00 0.000000000000000000e+00
1.417899627685546875e+02 8.123424682617187500e+02 9.155974388122558594e-01
0.000000000000000000e+00 0.000000000000000000e+00 0.000000000000000000e+00
2.255157318115234375e+02 8.488125000000000000e+02 8.634840250015258789e-01
4.351249084472656250e+02 1.681720703125000000e+03 7.716694474220275879e-01
4.770242919921875000e+02 1.676590942382812500e+03 6.835861802101135254e-01
5.714623413085937500e+02 1.566620117187500000e+03 8.022397160530090332e-01
5.243197021484375000e+02 1.404505249023437500e+03 1.649954169988632202e-01
5.244334716796875000e+02 1.404461547851562500e+03 1.812815070152282715e-01
5.244417114257812500e+02 1.393604125976562500e+03 4.693957567214965820e-01
