7.758007202148437500e+02 7.075493774414062500e+02 8.999610543251037598e-01
6.082301025390625000e+02 8.594250488281250000e+02 7.789241671562194824e-01
5.819500122070312500e+02 8.542827148437500000e+02 7.763541340827941895e-01
4.821813354492187500e+02 1.147523925781250000e+03 9.122900962829589844e-01
5.662614135742187500e+02 9.433259277343750000e+02 7.669788599014282227e-01
6.448280639648437500e+02 8.595625000000000000e+02 7.389298081398010254e-01
6.186052246093750000e+02 1.032390747070312500e+03 1.243296563625335693e-01
6.027142333984375000e+02 1.079617919921875000e+03 3.874296247959136963e-01
4.090191955566406250e+02 1.194779418945312500e+03 6.332603693008422852e-01
3.620442810058593750e+02 1.220963745117187500e+03 6.444653868675231934e-01
7.180286254882812500e+02 1.398933593750000000e+03 8.516604900360107422e-01
5.188509521484375000e+02 1.655790527343750000e+03 8.515051007270812988e-01
4.509721374511718750e+02 1.179060302734375000e+03 5.167918801307678223e-01
6.865841674804687500e+02 1.236517822265625000e+03 8.867868781089782715e-01
5.189865112304687500e+02 1.482964965820312500e+03 8.530592918395996094e-01
7.650308227539062500e+02 6.814893188476562500e+02 8.778477907180786133e-01
0.000000000000000000e+00 0.000000000000000000e+00 0.000000000000000000e+00
6.812549438476562500e+02 6.917582397460937500e+02 7.553087472915649414e-01
0.000000000000000000e+00 0.000000000000000000e+00 0.000000000000000000e+00
5.714917602539062500e+02 1.524623168945312500e+03 1.450525671243667603e-01
5.609385375976562500e+02 1.488099853515625000e+03 1.167862266302108765e-01
4.823247985839843750e+02 1.508883789062500000e+03 9.054681658744812012e-01
6.446961669921875000e+02 1.729019042968750000e+03 7.411841154098510742e-01
6.027660522460937500e+02 1.734391601562500000e+03 7.598088979721069336e-01
4.770758056640625000e+02 1.666260620117187500e+03 8.055546879768371582e-01
