8.701031494140625000e+02 3.618709716796875000e+02 7.971211671829223633e-01
6.029772338867187500e+02 4.824454040527343750e+02 5.918670892715454102e-01
5.557906494140625000e+02 4.824255981445312500e+02 5.445279479026794434e-01
3.200218200683593750e+02 6.656384887695312500e+02 7.685150504112243652e-01
5.240937500000000000e+02 3.986321411132812500e+02 8.401284217834472656e-01
6.709323120117187500e+02 4.876281127929687500e+02 4.502988457679748535e-01
0.000000000000000000e+00 0.000000000000000000e+00 0.000000000000000000e+00
0.000000000000000000e+00 0.000000000000000000e+00 0.000000000000000000e+00
4.090315246582031250e+02 9.328061523437500000e+02 5.184527635574340820e-01
3.409359741210937500e+02 9.486126098632812500e+02 5.162116885185241699e-01
7.076913452148437500e+02 1.131917358398437500e+03 7.502300739288330078e-01
4.458258972167968750e+02 1.571683105468750000e+03 7.190980911254882812e-01
4.928056335449218750e+02 9.015682373046875000e+02 4.301255047321319580e-01
7.706074829101562500e+02 1.022073608398437500e+03 8.148367404937744141e-01
0.000000000000000000e+00 0.000000000000000000e+00 0.000000000000000000e+00
8.594247436523437500e+02 3.096907958984375000e+02 8.851217031478881836e-01
8.958099975585937500e+02 3.199521484375000000e+02 5.216335877776145935e-02
7.389613647460937500e+02 2.780464477539062500e+02 8.768020868301391602e-01
0.000000000000000000e+00 0.000000000000000000e+00 0.000000000000000000e+00
0.000000000000000000e+00 0.000000000000000000e+00 0.000000000000000000e+00
0.000000000000000000e+00 0.000000000000000000e+00 0.000000000000000000e+00
0.000000000000000000e+00 0.000000000000000000e+00 0.000000000000000000e+00
5.663175659179687500e+02 1.702823364257812500e+03 6.532980203628540039e-01
5.294722900390625000e+02 1.702788696289062500e+03 5.676090717315673828e-01
3.987359924316406250e+02 1.582369018554687500e+03 6.934050321578979492e-01
