2.780550231933593750e+02 7.391699218750000000e+02 8.775357007980346680e-01
4.405144653320312500e+02 8.597591552734375000e+02 6.828299164772033691e-01
4.353414916992187500e+02 8.543775634765625000e+02 5.215212106704711914e-01
0.000000000000000000e+00 0.000000000000000000e+00 0.000000000000000000e+00
0.000000000000000000e+00 0.000000000000000000e+00 0.000000000000000000e+00
4.407494812011718750e+02 8.751906738281250000e+02 8.170011639595031738e-01
4.769112548828125000e+02 1.105861328125000000e+03 9.195823073387145996e-01
3.880907897949218750e+02 9.013118286132812500e+02 9.050398468971252441e-01
5.870627441406250000e+02 1.215600952148437500e+03 6.223173141479492188e-01
5.608826904296875000e+02 1.194708862304687500e+03 5.118017196655273438e-01
3.566340637207031250e+02 1.315251708984375000e+03 9.390971660614013672e-01
4.825083007812500000e+02 1.535353881835937500e+03 8.081648945808410645e-01
6.029832153320312500e+02 1.236478637695312500e+03 7.167258858680725098e-01
3.512205505371093750e+02 1.482569335937500000e+03 8.858622908592224121e-01
5.033622436523437500e+02 1.692503173828125000e+03 8.329690694808959961e-01
0.000000000000000000e+00 0.000000000000000000e+00 0.000000000000000000e+00
3.092824401855468750e+02 7.284023437500000000e+02 9.334930181503295898e-01
0.000000000000000000e+00 0.000000000000000000e+00 0.000000000000000000e+00
3.932600708007812500e+02 7.442539062500000000e+02 9.034046530723571777e-01
3.879714660644531250e+02 1.760337890625000000e+03 7.848316431045532227e-01
4.194584960937500000e+02 1.770776855468750000e+03 7.895482778549194336e-01
5.297055053710937500e+02 1.697825439453125000e+03 8.720797300338745117e-01
4.562573242187500000e+02 1.608635864257812500e+03 1.308042109012603760e-01
0.000000000000000000e+00 0.000000000000000000e+00 0.000000000000000000e+00
5.190671386718750000e+02 1.566405395507812500e+03 8.599823713302612305e-01
