3.985810241699218750e+02 8.753278198242187500e+02 8.856751918792724609e-01
5.767550659179687500e+02 9.379500732421875000e+02 7.746605873107910156e-01
5.191632080078125000e+02 9.379355468750000000e+02 6.418650746345520020e-01
5.557095336914062500e+02 1.079434936523437500e+03 1.442295312881469727e-01
4.770322570800781250e+02 1.058511718750000000e+03 8.401049673557281494e-02
6.446846923828125000e+02 9.381727905273437500e+02 7.689540982246398926e-01
7.706753540039062500e+02 1.152906372070312500e+03 8.689368367195129395e-01
6.289915771484375000e+02 1.027378662109375000e+03 7.846720814704895020e-01
7.284151611328125000e+02 1.241976806640625000e+03 5.948019623756408691e-01
6.552232666015625000e+02 1.194799072265625000e+03 5.216825604438781738e-01
4.246414184570312500e+02 1.189661865234375000e+03 8.648071885108947754e-01
6.081526489257812500e+02 1.325738159179687500e+03 1.682342886924743652e-01
7.756336059570312500e+02 1.278714599609375000e+03 6.557481884956359863e-01
4.091009826660156250e+02 1.314893554687500000e+03 8.658598661422729492e-01
6.394405517578125000e+02 1.613909179687500000e+03 7.718058228492736816e-01
3.932940063476562500e+02 8.541705932617187500e+02 6.406082212924957275e-02
4.038171691894531250e+02 8.490124511718750000e+02 8.654850125312805176e-01
0.000000000000000000e+00 0.000000000000000000e+00 0.000000000000000000e+00
4.823354187011718750e+02 8.176003417968750000e+02 9.257683157920837402e-01
5.608332519531250000e+02 1.713286987304687500e+03 6.733453869819641113e-01
6.026986694335937500e+02 1.718419433593750000e+03 6.916094422340393066e-01
6.866146850585937500e+02 1.629404296875000000e+03 7.052906155586242676e-01
0.000000000000000000e+00 0.000000000000000000e+00 0.000000000000000000e+00
0.000000000000000000e+00 0.000000000000000000e+00 0.000000000000000000e+00
6.449247436523437500e+02 1.367572631835937500e+03 1.045532226562500000e-01
