2.730090942382812500e+02 7.598679809570312500e+02 8.770649433135986328e-01
4.403358459472656250e+02 8.752075195312500000e+02 6.508783698081970215e-01
4.352884826660156250e+02 8.595137939453125000e+02 5.061350464820861816e-01
0.000000000000000000e+00 0.000000000000000000e+00 0.000000000000000000e+00
0.000000000000000000e+00 0.000000000000000000e+00 0.000000000000000000e+00
4.405251770019531250e+02 8.959243774414062500e+02 8.668904304504394531e-01
4.717925109863281250e+02 1.116145507812500000e+03 8.629667758941650391e-01
3.827282104492187500e+02 9.067844848632812500e+02 8.206822872161865234e-01
5.818680419921875000e+02 1.215715332031250000e+03 6.124954223632812500e-01
5.608360595703125000e+02 1.194705200195312500e+03 4.955466389656066895e-01
3.565269775390625000e+02 1.315257080078125000e+03 9.329589009284973145e-01
4.824545288085937500e+02 1.540401123046875000e+03 8.093613386154174805e-01
6.028445434570312500e+02 1.236653564453125000e+03 6.923516988754272461e-01
3.462912902832031250e+02 1.482740356445312500e+03 8.922272920608520508e-01
5.034252929687500000e+02 1.692500976562500000e+03 8.307887315750122070e-01
0.000000000000000000e+00 0.000000000000000000e+00 0.000000000000000000e+00
3.042430114746093750e+02 7.336556396484375000e+02 9.258228540420532227e-01
0.000000000000000000e+00 0.000000000000000000e+00 0.000000000000000000e+00
3.931155395507812500e+02 7.599620971679687500e+02 9.019266366958618164e-01
3.880784301757812500e+02 1.755181762695312500e+03 7.694730758666992188e-01
4.246888122558593750e+02 1.765729980468750000e+03 7.727319002151489258e-01
5.296983642578125000e+02 1.697764282226562500e+03 8.796415925025939941e-01
4.666005249023437500e+02 1.608565185546875000e+03 9.823887795209884644e-02
0.000000000000000000e+00 0.000000000000000000e+00 0.000000000000000000e+00
5.190106811523437500e+02 1.566516357421875000e+03 8.709303140640258789e-01
