4.038291931152343750e+02 8.908181762695312500e+02 8.705676198005676270e-01
5.871417846679687500e+02 9.380060424804687500e+02 7.784901261329650879e-01
5.191893920898437500e+02 9.380548706054687500e+02 6.598680019378662109e-01
5.347698974609375000e+02 1.063883300781250000e+03 1.745970249176025391e-01
4.510274658203125000e+02 1.037583007812500000e+03 1.431906372308731079e-01
6.497984619140625000e+02 9.382170410156250000e+02 7.741062045097351074e-01
7.756141967773437500e+02 1.153093627929687500e+03 8.700325489044189453e-01
6.187056884765625000e+02 1.032329345703125000e+03 7.758687138557434082e-01
7.285578002929687500e+02 1.267955566406250000e+03 5.845790505409240723e-01
6.553529052734375000e+02 1.210449340820312500e+03 4.698129594326019287e-01
4.246545410156250000e+02 1.194712036132812500e+03 7.128842473030090332e-01
6.079658203125000000e+02 1.566708740234375000e+03 2.702734470367431641e-01
7.757288208007812500e+02 1.299530029296875000e+03 6.269515752792358398e-01
4.091425170898437500e+02 1.314967163085937500e+03 8.414319157600402832e-01
6.394868774414062500e+02 1.613921142578125000e+03 7.615431547164916992e-01
3.931914367675781250e+02 8.592935791015625000e+02 1.450927406549453735e-01
4.090869750976562500e+02 8.543065185546875000e+02 8.658853769302368164e-01
0.000000000000000000e+00 0.000000000000000000e+00 0.000000000000000000e+00
4.824874572753906250e+02 8.176807250976562500e+02 9.189856052398681641e-01
5.608070678710937500e+02 1.718503784179687500e+03 6.706132292747497559e-01
6.026337280273437500e+02 1.718543823242187500e+03 7.184891104698181152e-01
6.866579589843750000e+02 1.624307983398437500e+03 7.094956636428833008e-01
0.000000000000000000e+00 0.000000000000000000e+00 0.000000000000000000e+00
0.000000000000000000e+00 0.000000000000000000e+00 0.000000000000000000e+00
6.551796264648437500e+02 1.577048461914062500e+03 1.022476106882095337e-01
