1.157111587524414062e+02 8.333162841796875000e+02 8.240787982940673828e-01
3.199222412109375000e+02 9.119840698242187500e+02 6.474782824516296387e-01
3.148357238769531250e+02 9.014014892578125000e+02 4.744629859924316406e-01
0.000000000000000000e+00 0.000000000000000000e+00 0.000000000000000000e+00
0.000000000000000000e+00 0.000000000000000000e+00 0.000000000000000000e+00
3.304581909179687500e+02 9.328302001953125000e+02 7.720618844032287598e-01
4.718354187011718750e+02 1.110704223632812500e+03 9.130876064300537109e-01
2.466021575927734375e+02 1.006153991699218750e+03 8.097745776176452637e-01
6.186366577148437500e+02 1.200055053710937500e+03 4.734435677528381348e-01
6.133953247070312500e+02 1.189419189453125000e+03 2.995251119136810303e-01
3.776067199707031250e+02 1.184263549804687500e+03 2.452034652233123779e-01
4.980611267089843750e+02 1.393709350585937500e+03 6.605727672576904297e-01
6.342687988281250000e+02 1.231285034179687500e+03 6.436138153076171875e-01
3.149979248046875000e+02 1.331044555664062500e+03 8.283634781837463379e-01
5.295540771484375000e+02 1.561321166992187500e+03 8.013429045677185059e-01
0.000000000000000000e+00 0.000000000000000000e+00 0.000000000000000000e+00
1.420019683837890625e+02 8.125065307617187500e+02 9.350316524505615234e-01
0.000000000000000000e+00 0.000000000000000000e+00 0.000000000000000000e+00
2.255448760986328125e+02 8.539791259765625000e+02 8.922741413116455078e-01
4.350262145996093750e+02 1.676608520507812500e+03 7.537145614624023438e-01
4.719418029785156250e+02 1.671468627929687500e+03 6.788367033004760742e-01
5.714549560546875000e+02 1.566585083007812500e+03 8.098551034927368164e-01
5.242441406250000000e+02 1.409459716796875000e+03 2.520833909511566162e-01
5.243391723632812500e+02 1.409608154296875000e+03 2.740351855754852295e-01
5.244624633789062500e+02 1.398819580078125000e+03 6.307988166809082031e-01
