1.784171142578125000e+02 9.694903564453125000e+02 8.373489975929260254e-01
3.829238586425781250e+02 1.006201538085937500e+03 6.071528196334838867e-01
3.879542541503906250e+02 9.852278442382812500e+02 4.564479291439056396e-01
0.000000000000000000e+00 0.000000000000000000e+00 0.000000000000000000e+00
0.000000000000000000e+00 0.000000000000000000e+00 0.000000000000000000e+00
3.931469116210937500e+02 1.022018066406250000e+03 8.012343645095825195e-01
5.399746093750000000e+02 1.173707031250000000e+03 8.216349482536315918e-01
3.145756530761718750e+02 1.111210083007812500e+03 8.829901218414306641e-01
6.708992919921875000e+02 1.294187377929687500e+03 4.527822434902191162e-01
6.553089599609375000e+02 1.278539916992187500e+03 2.914076447486877441e-01
4.404930419921875000e+02 1.288975830078125000e+03 1.198524758219718933e-01
0.000000000000000000e+00 0.000000000000000000e+00 0.000000000000000000e+00
6.814628295898437500e+02 1.315259887695312500e+03 6.806545257568359375e-01
3.879067993164062500e+02 1.372938842773437500e+03 7.888551354408264160e-01
5.714019775390625000e+02 1.603389160156250000e+03 7.982515096664428711e-01
0.000000000000000000e+00 0.000000000000000000e+00 0.000000000000000000e+00
1.891125793457031250e+02 9.431063842773437500e+02 9.341299533843994141e-01
0.000000000000000000e+00 0.000000000000000000e+00 0.000000000000000000e+00
2.727335815429687500e+02 9.693681030273437500e+02 8.670108914375305176e-01
4.666953125000000000e+02 1.718506347656250000e+03 7.579365372657775879e-01
5.137328491210937500e+02 1.718467651367187500e+03 6.987717151641845703e-01
6.132760620117187500e+02 1.608663452148437500e+03 8.095238208770751953e-01
0.000000000000000000e+00 0.000000000000000000e+00 0.000000000000000000e+00
0.000000000000000000e+00 0.000000000000000000e+00 0.000000000000000000e+00
0.000000000000000000e+00 0.000000000000000000e+00 0.000000000000000000e+00
