1.105510330200195312e+02 6.709229125976562500e+02 8.586789369583129883e-01
3.148358459472656250e+02 7.651149902343750000e+02 6.828967332839965820e-01
3.094968261718750000e+02 7.495563354492187500e+02 4.831419289112091064e-01
0.000000000000000000e+00 0.000000000000000000e+00 0.000000000000000000e+00
0.000000000000000000e+00 0.000000000000000000e+00 0.000000000000000000e+00
3.252647705078125000e+02 7.702576293945312500e+02 8.147081136703491211e-01
4.823430480957031250e+02 9.538629150390625000e+02 8.983886241912841797e-01
2.728732604980468750e+02 8.541174926757812500e+02 9.099018573760986328e-01
5.818946533203125000e+02 1.089914062500000000e+03 5.916234850883483887e-01
5.504995117187500000e+02 1.069187622070312500e+03 4.789236187934875488e-01
3.252978210449218750e+02 1.116352661132812500e+03 8.034822344779968262e-01
5.033229675292968750e+02 1.383205932617187500e+03 7.548388242721557617e-01
6.081710205078125000e+02 1.105625244140625000e+03 6.848087310791015625e-01
3.409123229980468750e+02 1.320241333007812500e+03 8.706578612327575684e-01
5.296766967773437500e+02 1.566422119140625000e+03 8.073208332061767578e-01
0.000000000000000000e+00 0.000000000000000000e+00 0.000000000000000000e+00
1.417821807861328125e+02 6.449409179687500000e+02 9.439967870712280273e-01
0.000000000000000000e+00 0.000000000000000000e+00 0.000000000000000000e+00
2.254500579833984375e+02 6.814577026367187500e+02 8.969104886054992676e-01
4.350659790039062500e+02 1.676688598632812500e+03 7.895333766937255859e-01
4.719858093261718750e+02 1.676568237304687500e+03 6.944951415061950684e-01
5.715090332031250000e+02 1.571720947265625000e+03 8.232409358024597168e-01
5.085662536621093750e+02 1.409507446289062500e+03 1.145668104290962219e-01
0.000000000000000000e+00 0.000000000000000000e+00 0.000000000000000000e+00
5.245611572265625000e+02 1.398920166015625000e+03 8.195490837097167969e-01
