1.104486618041992188e+02 8.281538696289062500e+02 8.572000861167907715e-01
3.201709594726562500e+02 9.068107299804687500e+02 6.655488610267639160e-01
3.252861328125000000e+02 8.959839477539062500e+02 5.252666473388671875e-01
0.000000000000000000e+00 0.000000000000000000e+00 0.000000000000000000e+00
0.000000000000000000e+00 0.000000000000000000e+00 0.000000000000000000e+00
3.201861267089843750e+02 9.379321899414062500e+02 7.852860689163208008e-01
4.561180419921875000e+02 1.111091918945312500e+03 8.625209331512451172e-01
2.311350708007812500e+02 1.006158935546875000e+03 8.579468131065368652e-01
6.186201171875000000e+02 1.200031250000000000e+03 4.399934709072113037e-01
6.237545166015625000e+02 1.184303955078125000e+03 2.721217274665832520e-01
3.515054321289062500e+02 1.147647583007812500e+03 1.437251716852188110e-01
5.032698364257812500e+02 1.372782836914062500e+03 2.401197701692581177e-01
6.289901123046875000e+02 1.231301635742187500e+03 6.355811953544616699e-01
3.146413269042968750e+02 1.341381347656250000e+03 8.256504535675048828e-01
5.295767211914062500e+02 1.561441528320312500e+03 7.822580337524414062e-01
0.000000000000000000e+00 0.000000000000000000e+00 0.000000000000000000e+00
1.418075561523437500e+02 8.123194580078125000e+02 9.135697484016418457e-01
0.000000000000000000e+00 0.000000000000000000e+00 0.000000000000000000e+00
2.204665069580078125e+02 8.489490966796875000e+02 8.663611412048339844e-01
4.351551513671875000e+02 1.686921875000000000e+03 7.653924226760864258e-01
4.770950622558593750e+02 1.681876464843750000e+03 6.791858673095703125e-01
5.715118408203125000e+02 1.566705078125000000e+03 7.848217487335205078e-01
5.244822998046875000e+02 1.404230590820312500e+03 1.294853985309600830e-01
5.244616088867187500e+02 1.399139038085937500e+03 1.362260580062866211e-01
5.242402343750000000e+02 1.383242675781250000e+03 2.493943721055984497e-01
