8.489780273437500000e+02 5.606926269531250000e+02 9.104759097099304199e-01
6.499666137695312500e+02 6.918532104492187500e+02 6.816248893737792969e-01
6.186448974609375000e+02 6.972300415039062500e+02 7.102244496345520020e-01
4.770496826171875000e+02 9.487215576171875000e+02 8.607624769210815430e-01
6.395113525390625000e+02 7.650662841796875000e+02 8.189834356307983398e-01
6.866475830078125000e+02 6.866298828125000000e+02 5.643971562385559082e-01
0.000000000000000000e+00 0.000000000000000000e+00 0.000000000000000000e+00
0.000000000000000000e+00 0.000000000000000000e+00 0.000000000000000000e+00
3.513870544433593750e+02 9.851638183593750000e+02 6.081069707870483398e-01
3.042247314453125000e+02 9.904725952148437500e+02 6.253313422203063965e-01
5.976801147460937500e+02 1.262786987304687500e+03 8.036208152770996094e-01
4.875548095703125000e+02 1.582420410156250000e+03 7.979702353477478027e-01
4.037373962402343750e+02 9.798925781250000000e+02 5.089488029479980469e-01
5.974896240234375000e+02 1.121387573242187500e+03 8.101493120193481445e-01
5.084966430664062500e+02 1.404172729492187500e+03 7.755687832832336426e-01
8.176879272460937500e+02 5.244436645507812500e+02 9.220269322395324707e-01
0.000000000000000000e+00 0.000000000000000000e+00 0.000000000000000000e+00
7.338089599609375000e+02 5.607755126953125000e+02 6.735960841178894043e-01
0.000000000000000000e+00 0.000000000000000000e+00 0.000000000000000000e+00
6.080592041015625000e+02 1.435528686523437500e+03 4.650686681270599365e-01
6.079859008789062500e+02 1.425205932617187500e+03 4.738614559173583984e-01
4.614425354003906250e+02 1.430512329101562500e+03 6.283438205718994141e-01
6.290870361328125000e+02 1.655479614257812500e+03 7.935374379158020020e-01
5.819196777343750000e+02 1.660952636718750000e+03 7.328115105628967285e-01
4.509927368164062500e+02 1.608592041015625000e+03 7.466018795967102051e-01
