8.648800659179687500e+02 3.461257019042968750e+02 8.246216773986816406e-01
6.080264282226562500e+02 4.719287414550781250e+02 5.997684597969055176e-01
5.609765625000000000e+02 4.772363891601562500e+02 5.499854683876037598e-01
3.148381652832031250e+02 6.499639892578125000e+02 8.041900396347045898e-01
5.189092407226562500e+02 3.880613708496093750e+02 8.102558851242065430e-01
6.656812744140625000e+02 4.615032043457031250e+02 4.248255491256713867e-01
0.000000000000000000e+00 0.000000000000000000e+00 0.000000000000000000e+00
0.000000000000000000e+00 0.000000000000000000e+00 0.000000000000000000e+00
3.985685119628906250e+02 9.223271484375000000e+02 5.033264160156250000e-01
3.356729431152343750e+02 9.432800903320312500e+02 5.282236337661743164e-01
7.179782104492187500e+02 1.111198730468750000e+03 7.970401644706726074e-01
4.457504272460937500e+02 1.561372436523437500e+03 7.118805050849914551e-01
4.771741943359375000e+02 8.962950439453125000e+02 4.092956781387329102e-01
7.754899291992187500e+02 1.021628479003906250e+03 7.951960563659667969e-01
6.186611328125000000e+02 1.189539794921875000e+03 1.113805323839187622e-01
8.543583374023437500e+02 2.834719238281250000e+02 8.576241135597229004e-01
0.000000000000000000e+00 0.000000000000000000e+00 0.000000000000000000e+00
7.390532836914062500e+02 2.676539001464843750e+02 8.811512589454650879e-01
0.000000000000000000e+00 0.000000000000000000e+00 0.000000000000000000e+00
0.000000000000000000e+00 0.000000000000000000e+00 0.000000000000000000e+00
0.000000000000000000e+00 0.000000000000000000e+00 0.000000000000000000e+00
0.000000000000000000e+00 0.000000000000000000e+00 0.000000000000000000e+00
5.608762207031250000e+02 1.697466918945312500e+03 6.155448555946350098e-01
5.137559204101562500e+02 1.692503540039062500e+03 5.270168185234069824e-01
3.986807556152343750e+02 1.571935180664062500e+03 7.238747477531433105e-01
