7.914296264648437500e+02 9.798854370117187500e+02 8.472962379455566406e-01
6.082213134765625000e+02 1.084815917968750000e+03 7.635083198547363281e-01
5.660914306640625000e+02 1.079537841796875000e+03 8.099039793014526367e-01
4.718235778808593750e+02 1.320229370117187500e+03 8.839693665504455566e-01
6.025676879882812500e+02 1.142374145507812500e+03 8.540537953376770020e-01
6.552671508789062500e+02 1.095179199218750000e+03 6.862629652023315430e-01
6.080517578125000000e+02 1.309938476562500000e+03 5.104768276214599609e-02
0.000000000000000000e+00 0.000000000000000000e+00 0.000000000000000000e+00
4.353473205566406250e+02 1.456682617187500000e+03 5.938737988471984863e-01
3.932596435546875000e+02 1.488210205078125000e+03 6.633306741714477539e-01
7.336580810546875000e+02 1.508915161132812500e+03 8.231829404830932617e-01
5.607338867187500000e+02 1.781555175781250000e+03 8.054659962654113770e-01
4.825142517089843750e+02 1.425240356445312500e+03 5.021007657051086426e-01
7.181523437500000000e+02 1.435566162109375000e+03 7.548817992210388184e-01
5.243562011718750000e+02 1.692285034179687500e+03 7.764070034027099609e-01
7.755976562500000000e+02 9.435452270507812500e+02 9.155214428901672363e-01
0.000000000000000000e+00 0.000000000000000000e+00 0.000000000000000000e+00
6.867775878906250000e+02 9.642448120117187500e+02 8.520247936248779297e-01
0.000000000000000000e+00 0.000000000000000000e+00 0.000000000000000000e+00
6.133153076171875000e+02 1.734033691406250000e+03 6.505302339792251587e-02
0.000000000000000000e+00 0.000000000000000000e+00 0.000000000000000000e+00
4.826478881835937500e+02 1.702723266601562500e+03 7.126312851905822754e-01
6.919655151367187500e+02 1.839075317382812500e+03 6.759160161018371582e-01
6.501387329101562500e+02 1.859784545898437500e+03 7.033757567405700684e-01
5.187626953125000000e+02 1.807558349609375000e+03 8.125622868537902832e-01
