8.699874267578125000e+02 2.726607360839843750e+02 7.729755043983459473e-01
6.028034667968750000e+02 3.880797729492187500e+02 6.060807704925537109e-01
5.608405151367187500e+02 3.881291198730468750e+02 6.458539962768554688e-01
3.095097656250000000e+02 5.452218017578125000e+02 7.672327160835266113e-01
5.241677856445312500e+02 2.728514404296875000e+02 8.493289351463317871e-01
6.552190551757812500e+02 3.881063232421875000e+02 4.495521187782287598e-01
0.000000000000000000e+00 0.000000000000000000e+00 0.000000000000000000e+00
0.000000000000000000e+00 0.000000000000000000e+00 0.000000000000000000e+00
3.828372192382812500e+02 8.489624633789062500e+02 5.264279842376708984e-01
3.148306579589843750e+02 8.595957641601562500e+02 5.290409922599792480e-01
6.502153930664062500e+02 1.069179077148437500e+03 7.853231430053710938e-01
4.352997741699218750e+02 1.535163574218750000e+03 7.271943092346191406e-01
4.457980346679687500e+02 8.228726806640625000e+02 4.256487488746643066e-01
7.389855346679687500e+02 9.850955810546875000e+02 7.814941406250000000e-01
5.765793457031250000e+02 1.278607543945312500e+03 1.432862728834152222e-01
8.594105224609375000e+02 2.254346313476562500e+02 8.718290925025939941e-01
0.000000000000000000e+00 0.000000000000000000e+00 0.000000000000000000e+00
7.390671386718750000e+02 1.890013122558593750e+02 8.697671890258789062e-01
0.000000000000000000e+00 0.000000000000000000e+00 0.000000000000000000e+00
6.446420898437500000e+02 1.330874511718750000e+03 4.007945358753204346e-01
6.394841918945312500e+02 1.320659790039062500e+03 4.043301045894622803e-01
5.871293945312500000e+02 1.320686035156250000e+03 7.117284089326858521e-02
5.452205810546875000e+02 1.660850341796875000e+03 6.179316639900207520e-01
5.138170166015625000e+02 1.655873657226562500e+03 5.146501064300537109e-01
3.880294494628906250e+02 1.556224731445312500e+03 6.415951251983642578e-01
