7.862411499023437500e+02 9.436009521484375000e+02 8.638191223144531250e-01
6.082083740234375000e+02 1.069156982421875000e+03 8.235756158828735352e-01
5.660130004882812500e+02 1.068921264648437500e+03 8.150014281272888184e-01
4.354091491699218750e+02 1.278820922851562500e+03 8.883888721466064453e-01
5.609079589843750000e+02 1.105691162109375000e+03 8.524739742279052734e-01
6.604605712890625000e+02 1.069255249023437500e+03 7.119446396827697754e-01
6.080115966796875000e+02 1.310011474609375000e+03 1.061060503125190735e-01
7.652696533203125000e+02 1.320473144531250000e+03 6.294634938240051270e-02
4.351900329589843750e+02 1.461814941406250000e+03 6.178086400032043457e-01
3.931319885253906250e+02 1.488117919921875000e+03 6.647040247917175293e-01
7.336656494140625000e+02 1.519430664062500000e+03 8.378857374191284180e-01
5.400596923828125000e+02 1.791804199218750000e+03 7.597011327743530273e-01
4.824363708496093750e+02 1.435640014648437500e+03 5.260822772979736328e-01
7.231594848632812500e+02 1.446224487304687500e+03 7.310041189193725586e-01
5.190692749023437500e+02 1.697431884765625000e+03 7.758184075355529785e-01
7.705947875976562500e+02 9.223626098632812500e+02 8.783099651336669922e-01
0.000000000000000000e+00 0.000000000000000000e+00 0.000000000000000000e+00
6.865815429687500000e+02 9.381057128906250000e+02 9.114788770675659180e-01
0.000000000000000000e+00 0.000000000000000000e+00 0.000000000000000000e+00
6.027447509765625000e+02 1.760428100585937500e+03 5.810260400176048279e-02
0.000000000000000000e+00 0.000000000000000000e+00 0.000000000000000000e+00
4.773443603515625000e+02 1.708087646484375000e+03 7.074797749519348145e-01
6.762639160156250000e+02 1.849376953125000000e+03 7.221926450729370117e-01
6.446931152343750000e+02 1.859860229492187500e+03 7.633358240127563477e-01
4.981203002929687500e+02 1.812862060546875000e+03 7.867447137832641602e-01
