8.540508422851562500e+02 5.244599609375000000e+02 9.236134886741638184e-01
6.502268676757812500e+02 6.709142456054687500e+02 6.517993807792663574e-01
6.342462768554687500e+02 6.657447509765625000e+02 7.140622138977050781e-01
4.771828002929687500e+02 9.275614013671875000e+02 8.554422855377197266e-01
6.445247802734375000e+02 7.336296997070312500e+02 8.718255162239074707e-01
6.868408813476562500e+02 6.760745849609375000e+02 5.815849304199218750e-01
6.500949096679687500e+02 8.489633178710937500e+02 9.683645516633987427e-02
0.000000000000000000e+00 0.000000000000000000e+00 0.000000000000000000e+00
3.462562255859375000e+02 9.694711303710937500e+02 6.329597234725952148e-01
3.043034362792968750e+02 9.799200439453125000e+02 6.868618726730346680e-01
5.766852416992187500e+02 1.241900512695312500e+03 7.629277110099792480e-01
4.876297912597656250e+02 1.577283935546875000e+03 7.947869300842285156e-01
3.934038696289062500e+02 9.537894897460937500e+02 5.491493940353393555e-01
5.870495605468750000e+02 1.116195434570312500e+03 7.997950911521911621e-01
5.139037475585937500e+02 1.393644165039062500e+03 7.022819519042968750e-01
8.229033813476562500e+02 4.982021789550781250e+02 8.551856279373168945e-01
0.000000000000000000e+00 0.000000000000000000e+00 0.000000000000000000e+00
7.443675537109375000e+02 5.189760131835937500e+02 7.273128032684326172e-01
0.000000000000000000e+00 0.000000000000000000e+00 0.000000000000000000e+00
6.082033691406250000e+02 1.430411132812500000e+03 7.494225502014160156e-01
6.079787597656250000e+02 1.414762939453125000e+03 7.326507568359375000e-01
4.562762451171875000e+02 1.414795166015625000e+03 4.139577746391296387e-01
6.289603881835937500e+02 1.650451660156250000e+03 7.802451252937316895e-01
5.767727661132812500e+02 1.655891479492187500e+03 7.489027380943298340e-01
4.561481018066406250e+02 1.608515991210937500e+03 7.565543651580810547e-01
