7.811342163085937500e+02 7.338281250000000000e+02 9.133080840110778809e-01
6.238132934570312500e+02 8.753051147460937500e+02 7.530934810638427734e-01
5.976919555664062500e+02 8.804935913085937500e+02 7.703339457511901855e-01
4.824309692382812500e+02 1.168545043945312500e+03 8.870410919189453125e-01
5.716304931640625000e+02 9.643235473632812500e+02 7.002549767494201660e-01
6.552266845703125000e+02 8.699087524414062500e+02 7.660878896713256836e-01
6.445916748046875000e+02 1.021849853515625000e+03 2.822262346744537354e-01
6.185227661132812500e+02 1.105465087890625000e+03 6.104981899261474609e-01
4.194924316406250000e+02 1.215627075195312500e+03 5.900273323059082031e-01
3.776533508300781250e+02 1.236619384765625000e+03 6.819228529930114746e-01
7.282824096679687500e+02 1.399127197265625000e+03 8.891264200210571289e-01
5.188268432617187500e+02 1.655690795898437500e+03 8.558779358863830566e-01
4.613761291503906250e+02 1.189495727539062500e+03 4.965881407260894775e-01
6.868418579101562500e+02 1.236508544921875000e+03 8.953253626823425293e-01
5.192596435546875000e+02 1.482854492187500000e+03 8.452303409576416016e-01
7.704324340820312500e+02 7.025236206054687500e+02 8.872872591018676758e-01
0.000000000000000000e+00 0.000000000000000000e+00 0.000000000000000000e+00
6.868508911132812500e+02 7.233439941406250000e+02 7.918682694435119629e-01
0.000000000000000000e+00 0.000000000000000000e+00 0.000000000000000000e+00
5.819166259765625000e+02 1.514141479492187500e+03 2.035602033138275146e-01
5.715145263671875000e+02 1.488036010742187500e+03 1.901001483201980591e-01
4.824850463867187500e+02 1.498499267578125000e+03 8.519122004508972168e-01
6.342093505859375000e+02 1.728992431640625000e+03 7.159271240234375000e-01
5.974726562500000000e+02 1.734279174804687500e+03 7.535551786422729492e-01
4.770548706054687500e+02 1.666068481445312500e+03 8.212723731994628906e-01
