7.913450317382812500e+02 7.703497314453125000e+02 8.992133140563964844e-01
6.289794921875000000e+02 9.016224365234375000e+02 7.487573027610778809e-01
6.027174682617187500e+02 9.065942993164062500e+02 7.830525636672973633e-01
4.826147155761718750e+02 1.194779052734375000e+03 9.058966636657714844e-01
5.975400390625000000e+02 9.905317993164062500e+02 7.669653892517089844e-01
6.552966308593750000e+02 9.013186035156250000e+02 7.532563805580139160e-01
6.498848266601562500e+02 1.037645019531250000e+03 8.398250490427017212e-02
0.000000000000000000e+00 0.000000000000000000e+00 0.000000000000000000e+00
4.039217529296875000e+02 1.236487548828125000e+03 5.916441082954406738e-01
3.775894470214843750e+02 1.268042480468750000e+03 6.538789868354797363e-01
7.285388183593750000e+02 1.404251831054687500e+03 8.910213112831115723e-01
5.138781738281250000e+02 1.655616333007812500e+03 8.447294831275939941e-01
4.404957275390625000e+02 1.199926757812500000e+03 4.447973966598510742e-01
6.917607421875000000e+02 1.236545532226562500e+03 8.793699145317077637e-01
5.190118408203125000e+02 1.482796630859375000e+03 8.581681847572326660e-01
7.704222412109375000e+02 7.340153808593750000e+02 9.278574585914611816e-01
7.809069824218750000e+02 7.340160522460937500e+02 9.440086781978607178e-02
6.866597290039062500e+02 7.600761718750000000e+02 7.504038810729980469e-01
0.000000000000000000e+00 0.000000000000000000e+00 0.000000000000000000e+00
5.766455688476562500e+02 1.498620971679687500e+03 3.069832921028137207e-01
5.664002075195312500e+02 1.487889038085937500e+03 3.095714449882507324e-01
4.823222656250000000e+02 1.493463989257812500e+03 8.919270038604736328e-01
6.291307373046875000e+02 1.728939208984375000e+03 7.233524322509765625e-01
5.923871459960937500e+02 1.734215209960937500e+03 7.475842237472534180e-01
4.769124755859375000e+02 1.660975463867187500e+03 8.115583658218383789e-01
