1.628446350097656250e+02 9.796780395507812500e+02 8.491159677505493164e-01
3.930896911621093750e+02 1.016582641601562500e+03 6.732023954391479492e-01
3.984416503906250000e+02 9.851575317382812500e+02 5.711120367050170898e-01
0.000000000000000000e+00 0.000000000000000000e+00 0.000000000000000000e+00
0.000000000000000000e+00 0.000000000000000000e+00 0.000000000000000000e+00
3.879358825683593750e+02 1.032421752929687500e+03 7.539985775947570801e-01
5.347388916015625000e+02 1.199874633789062500e+03 8.690825700759887695e-01
3.146008605957031250e+02 1.142166137695312500e+03 8.736573457717895508e-01
6.553132934570312500e+02 1.304775878906250000e+03 4.355871081352233887e-01
6.500471191406250000e+02 1.283818725585937500e+03 2.588886022567749023e-01
4.090083923339843750e+02 1.320545532226562500e+03 2.168401628732681274e-01
0.000000000000000000e+00 0.000000000000000000e+00 0.000000000000000000e+00
6.761677856445312500e+02 1.325588256835937500e+03 6.608275771141052246e-01
3.568544616699218750e+02 1.398813598632812500e+03 8.405693769454956055e-01
5.715358276367187500e+02 1.592851318359375000e+03 7.684427499771118164e-01
0.000000000000000000e+00 0.000000000000000000e+00 0.000000000000000000e+00
1.838151702880859375e+02 9.433475952148437500e+02 9.176333546638488770e-01
0.000000000000000000e+00 0.000000000000000000e+00 0.000000000000000000e+00
2.674244995117187500e+02 9.642395629882812500e+02 8.379486799240112305e-01
4.719193115234375000e+02 1.703010131835937500e+03 7.327266931533813477e-01
5.189100341796875000e+02 1.702836059570312500e+03 6.857829689979553223e-01
6.134788208007812500e+02 1.603167480468750000e+03 7.728638648986816406e-01
0.000000000000000000e+00 0.000000000000000000e+00 0.000000000000000000e+00
0.000000000000000000e+00 0.000000000000000000e+00 0.000000000000000000e+00
0.000000000000000000e+00 0.000000000000000000e+00 0.000000000000000000e+00
