7.759645996093750000e+02 7.179616699218750000e+02 8.919760584831237793e-01
6.134812011718750000e+02 8.593232421875000000e+02 7.460140585899353027e-01
5.975297241210937500e+02 8.594237670898437500e+02 7.722752094268798828e-01
4.822532043457031250e+02 1.152767944335937500e+03 9.066944718360900879e-01
5.713742675781250000e+02 9.432556762695312500e+02 7.586519718170166016e-01
6.500975341796875000e+02 8.543602905273437500e+02 7.544583082199096680e-01
0.000000000000000000e+00 0.000000000000000000e+00 0.000000000000000000e+00
0.000000000000000000e+00 0.000000000000000000e+00 0.000000000000000000e+00
4.142820129394531250e+02 1.194965454101562500e+03 6.078341603279113770e-01
3.723522644042968750e+02 1.226143432617187500e+03 6.479765176773071289e-01
7.231274414062500000e+02 1.399094116210937500e+03 8.621470332145690918e-01
5.188439331054687500e+02 1.655717651367187500e+03 8.580998778343200684e-01
4.613984375000000000e+02 1.184208984375000000e+03 4.970626831054687500e-01
6.865554199218750000e+02 1.231494140625000000e+03 8.748733997344970703e-01
5.190484619140625000e+02 1.482668090820312500e+03 8.515772223472595215e-01
7.651909790039062500e+02 6.866293945312500000e+02 9.089292287826538086e-01
0.000000000000000000e+00 0.000000000000000000e+00 0.000000000000000000e+00
6.813958129882812500e+02 6.920715942382812500e+02 7.819613218307495117e-01
0.000000000000000000e+00 0.000000000000000000e+00 0.000000000000000000e+00
5.662120971679687500e+02 1.514170288085937500e+03 2.034429609775543213e-01
5.609818725585937500e+02 1.488013549804687500e+03 1.796880066394805908e-01
4.824445495605468750e+02 1.498442138671875000e+03 8.904086947441101074e-01
6.395818481445312500e+02 1.729042480468750000e+03 7.244591712951660156e-01
6.027214355468750000e+02 1.734366943359375000e+03 7.563694715499877930e-01
4.770663146972656250e+02 1.666106445312500000e+03 8.118387460708618164e-01
