8.753095092773437500e+02 3.147095947265625000e+02 8.015521168708801270e-01
6.079605712890625000e+02 4.354021301269531250e+02 5.779602527618408203e-01
5.661132812500000000e+02 4.352417602539062500e+02 5.929772853851318359e-01
3.149736633300781250e+02 6.028154907226562500e+02 8.111653327941894531e-01
5.294402465820312500e+02 3.462529602050781250e+02 8.014016151428222656e-01
6.605571289062500000e+02 4.456680908203125000e+02 4.421543776988983154e-01
0.000000000000000000e+00 0.000000000000000000e+00 0.000000000000000000e+00
0.000000000000000000e+00 0.000000000000000000e+00 0.000000000000000000e+00
3.828500976562500000e+02 8.960108032226562500e+02 5.239135622978210449e-01
3.147607421875000000e+02 9.015878295898437500e+02 5.401461124420166016e-01
6.813406982421875000e+02 1.105720336914062500e+03 8.102208971977233887e-01
4.403165283203125000e+02 1.556130615234375000e+03 7.444093823432922363e-01
4.561417846679687500e+02 8.751714477539062500e+02 4.140468239784240723e-01
7.547745361328125000e+02 1.001006347656250000e+03 7.312433123588562012e-01
0.000000000000000000e+00 0.000000000000000000e+00 0.000000000000000000e+00
8.596587524414062500e+02 2.674932250976562500e+02 8.812059164047241211e-01
0.000000000000000000e+00 0.000000000000000000e+00 0.000000000000000000e+00
7.444003295898437500e+02 2.361731567382812500e+02 8.289660215377807617e-01
0.000000000000000000e+00 0.000000000000000000e+00 0.000000000000000000e+00
0.000000000000000000e+00 0.000000000000000000e+00 0.000000000000000000e+00
0.000000000000000000e+00 0.000000000000000000e+00 0.000000000000000000e+00
0.000000000000000000e+00 0.000000000000000000e+00 0.000000000000000000e+00
5.347478027343750000e+02 1.686941040039062500e+03 6.400914192199707031e-01
4.823807678222656250e+02 1.681756225585937500e+03 5.645570158958435059e-01
3.933744201660156250e+02 1.571719604492187500e+03 7.161744236946105957e-01
