7.862982177734375000e+02 7.701921997070312500e+02 8.858958482742309570e-01
6.186187744140625000e+02 9.016078491210937500e+02 7.311671972274780273e-01
6.026909790039062500e+02 9.066793823242187500e+02 7.732485532760620117e-01
4.875502624511718750e+02 1.194671264648437500e+03 8.975782394409179688e-01
5.924550170898437500e+02 9.956753540039062500e+02 7.492086887359619141e-01
6.501820678710937500e+02 9.012445068359375000e+02 7.273364067077636719e-01
6.498349609375000000e+02 1.100412841796875000e+03 1.056808680295944214e-01
0.000000000000000000e+00 0.000000000000000000e+00 0.000000000000000000e+00
4.038780212402343750e+02 1.236514160156250000e+03 5.903272628784179688e-01
3.724168090820312500e+02 1.268051147460937500e+03 6.499561667442321777e-01
7.284833374023437500e+02 1.404211547851562500e+03 8.878149986267089844e-01
5.137770385742187500e+02 1.655638793945312500e+03 8.401157259941101074e-01
4.405275878906250000e+02 1.199995117187500000e+03 4.312333166599273682e-01
6.916990966796875000e+02 1.236500122070312500e+03 8.745372295379638672e-01
5.191264648437500000e+02 1.482694335937500000e+03 8.399772644042968750e-01
7.704672851562500000e+02 7.338843994140625000e+02 9.453603029251098633e-01
7.758594360351562500e+02 7.336644287109375000e+02 5.862088128924369812e-02
6.868835449218750000e+02 7.599583129882812500e+02 7.513910531997680664e-01
0.000000000000000000e+00 0.000000000000000000e+00 0.000000000000000000e+00
5.767227172851562500e+02 1.488128295898437500e+03 3.576037585735321045e-01
5.663759765625000000e+02 1.482660888671875000e+03 3.518708646297454834e-01
4.824743652343750000e+02 1.498427246093750000e+03 8.745388984680175781e-01
6.290753173828125000e+02 1.728818603515625000e+03 7.041505575180053711e-01
5.923261718750000000e+02 1.734127441406250000e+03 7.339909076690673828e-01
4.769003906250000000e+02 1.660998779296875000e+03 8.001825809478759766e-01
