8.700897216796875000e+02 4.196019592285156250e+02 7.804066538810729980e-01
6.028662109375000000e+02 4.929103393554687500e+02 6.067681312561035156e-01
5.556423950195312500e+02 4.980919799804687500e+02 5.396568179130554199e-01
3.461408081054687500e+02 6.917894897460937500e+02 7.975912690162658691e-01
5.400913696289062500e+02 4.300202331542968750e+02 7.673308849334716797e-01
6.709721069335937500e+02 4.929153137207031250e+02 4.592586457729339600e-01
0.000000000000000000e+00 0.000000000000000000e+00 0.000000000000000000e+00
0.000000000000000000e+00 0.000000000000000000e+00 0.000000000000000000e+00
3.881387939453125000e+02 9.434581298828125000e+02 5.275532007217407227e-01
3.199596252441406250e+02 9.642470703125000000e+02 5.071484446525573730e-01
6.920064086914062500e+02 1.147520507812500000e+03 8.484407663345336914e-01
4.510935668945312500e+02 1.603340209960937500e+03 7.062769532203674316e-01
4.666486511230468750e+02 9.379767456054687500e+02 4.325020313262939453e-01
7.650520019531250000e+02 1.032366699218750000e+03 7.961885929107666016e-01
6.081738891601562500e+02 1.252399902343750000e+03 5.631506815552711487e-02
8.595967407226562500e+02 3.672146301269531250e+02 8.415080308914184570e-01
0.000000000000000000e+00 0.000000000000000000e+00 0.000000000000000000e+00
7.494772949218750000e+02 3.305590515136718750e+02 8.032826781272888184e-01
0.000000000000000000e+00 0.000000000000000000e+00 0.000000000000000000e+00
0.000000000000000000e+00 0.000000000000000000e+00 0.000000000000000000e+00
0.000000000000000000e+00 0.000000000000000000e+00 0.000000000000000000e+00
0.000000000000000000e+00 0.000000000000000000e+00 0.000000000000000000e+00
5.871895141601562500e+02 1.734063842773437500e+03 6.123440861701965332e-01
5.505089721679687500e+02 1.734149414062500000e+03 5.318533182144165039e-01
4.039565124511718750e+02 1.614008544921875000e+03 6.713424324989318848e-01
