1.473247528076171875e+02 6.500045166015625000e+02 9.257741570472717285e-01
3.514456481933593750e+02 7.442647705078125000e+02 6.546370387077331543e-01
3.462412109375000000e+02 7.336782226562500000e+02 5.044389367103576660e-01
0.000000000000000000e+00 0.000000000000000000e+00 0.000000000000000000e+00
0.000000000000000000e+00 0.000000000000000000e+00 0.000000000000000000e+00
3.566982421875000000e+02 7.599521484375000000e+02 8.116785287857055664e-01
5.347047729492187500e+02 9.431516723632812500e+02 8.872468471527099609e-01
3.097447509765625000e+02 8.490588378906250000e+02 9.071000218391418457e-01
6.082588500976562500e+02 1.074240600585937500e+03 6.101966500282287598e-01
5.766259765625000000e+02 1.063907104492187500e+03 4.646742045879364014e-01
3.619247741699218750e+02 1.126756835937500000e+03 7.952979207038879395e-01
5.242055053710937500e+02 1.399069580078125000e+03 8.285101652145385742e-01
6.447662963867187500e+02 1.095187255859375000e+03 6.588478088378906250e-01
3.670619812011718750e+02 1.320721435546875000e+03 8.544902205467224121e-01
5.556047973632812500e+02 1.571648803710937500e+03 8.368891477584838867e-01
0.000000000000000000e+00 0.000000000000000000e+00 0.000000000000000000e+00
1.835357818603515625e+02 6.290955200195312500e+02 8.653343915939331055e-01
0.000000000000000000e+00 0.000000000000000000e+00 0.000000000000000000e+00
2.624617004394531250e+02 6.551642456054687500e+02 8.843081593513488770e-01
4.404461364746093750e+02 1.687015747070312500e+03 7.827253937721252441e-01
4.876328735351562500e+02 1.687057861328125000e+03 6.745809316635131836e-01
5.923985595703125000e+02 1.576997192382812500e+03 7.749031782150268555e-01
5.191208496093750000e+02 1.441115966796875000e+03 1.038266718387603760e-01
0.000000000000000000e+00 0.000000000000000000e+00 0.000000000000000000e+00
5.556440429687500000e+02 1.409527832031250000e+03 7.862123847007751465e-01
