8.438546752929687500e+02 5.556984252929687500e+02 8.790583014488220215e-01
6.445916137695312500e+02 6.918811645507812500e+02 7.033202052116394043e-01
6.079080810546875000e+02 7.076188964843750000e+02 7.322166562080383301e-01
4.769682617187500000e+02 9.485654296875000000e+02 8.617182374000549316e-01
6.394052124023437500e+02 7.496180419921875000e+02 7.916363477706909180e-01
6.814991455078125000e+02 6.866001586914062500e+02 5.961837768554687500e-01
0.000000000000000000e+00 0.000000000000000000e+00 0.000000000000000000e+00
0.000000000000000000e+00 0.000000000000000000e+00 0.000000000000000000e+00
3.514778442382812500e+02 9.850516357421875000e+02 6.181430220603942871e-01
3.043772277832031250e+02 9.904364624023437500e+02 6.268973350524902344e-01
5.976651611328125000e+02 1.262798339843750000e+03 8.064823150634765625e-01
4.875972900390625000e+02 1.587516967773437500e+03 7.897880673408508301e-01
3.986974792480468750e+02 9.747712402343750000e+02 5.208970308303833008e-01
5.924176025390625000e+02 1.126617797851562500e+03 7.960857152938842773e-01
5.086250305175781250e+02 1.404260864257812500e+03 7.706461548805236816e-01
8.174717407226562500e+02 5.241792602539062500e+02 9.487038850784301758e-01
0.000000000000000000e+00 0.000000000000000000e+00 0.000000000000000000e+00
7.338825073242187500e+02 5.451446533203125000e+02 6.617963314056396484e-01
0.000000000000000000e+00 0.000000000000000000e+00 0.000000000000000000e+00
6.080817871093750000e+02 1.435663208007812500e+03 4.070206284523010254e-01
6.079258422851562500e+02 1.430341186523437500e+03 4.112887382507324219e-01
4.614867858886718750e+02 1.430522338867187500e+03 5.972750186920166016e-01
6.290231933593750000e+02 1.655453247070312500e+03 7.861819267272949219e-01
5.767553100585937500e+02 1.660955688476562500e+03 7.416530847549438477e-01
4.509921875000000000e+02 1.608698852539062500e+03 7.549551725387573242e-01
