7.758179931640625000e+02 7.076250610351562500e+02 8.990850448608398438e-01
6.134675903320312500e+02 8.543909912109375000e+02 7.550948858261108398e-01
5.974389648437500000e+02 8.544591064453125000e+02 7.645021677017211914e-01
4.770931701660156250e+02 1.147479980468750000e+03 9.075136184692382812e-01
5.608712768554687500e+02 9.434700317382812500e+02 7.737129330635070801e-01
6.500650024414062500e+02 8.542097167968750000e+02 7.497886419296264648e-01
6.342296142578125000e+02 9.957852172851562500e+02 1.269042044878005981e-01
6.079791870117187500e+02 1.069130126953125000e+03 3.205956220626831055e-01
4.090508728027343750e+02 1.194975830078125000e+03 6.138423085212707520e-01
3.723415832519531250e+02 1.231229370117187500e+03 6.598490476608276367e-01
7.180779418945312500e+02 1.398899414062500000e+03 8.563107252120971680e-01
5.138888549804687500e+02 1.655883666992187500e+03 8.367831110954284668e-01
4.509306945800781250e+02 1.184097900390625000e+03 4.952623844146728516e-01
6.864614257812500000e+02 1.236494995117187500e+03 8.832303285598754883e-01
5.191233520507812500e+02 1.482791381835937500e+03 8.507124185562133789e-01
7.650233154296875000e+02 6.864506225585937500e+02 8.912717103958129883e-01
0.000000000000000000e+00 0.000000000000000000e+00 0.000000000000000000e+00
6.813240356445312500e+02 6.920329589843750000e+02 7.697144150733947754e-01
0.000000000000000000e+00 0.000000000000000000e+00 0.000000000000000000e+00
5.661835937500000000e+02 1.524585449218750000e+03 1.533339321613311768e-01
5.557255859375000000e+02 1.493211059570312500e+03 1.213964074850082397e-01
4.824511718750000000e+02 1.503661010742187500e+03 8.714439272880554199e-01
6.342369995117187500e+02 1.729048217773437500e+03 7.087883353233337402e-01
5.924171752929687500e+02 1.734364868164062500e+03 7.323051691055297852e-01
4.769765625000000000e+02 1.671409301757812500e+03 8.118148446083068848e-01
