8.753283691406250000e+02 2.678279418945312500e+02 7.822705507278442383e-01
6.030032348632812500e+02 3.881658020019531250e+02 5.885359048843383789e-01
5.608905639648437500e+02 3.879493103027343750e+02 6.267433762550354004e-01
3.147040405273437500e+02 5.452692871093750000e+02 7.619749903678894043e-01
5.241043090820312500e+02 2.728397521972656250e+02 8.611198663711547852e-01
6.656643066406250000e+02 3.934434509277343750e+02 4.468758106231689453e-01
0.000000000000000000e+00 0.000000000000000000e+00 0.000000000000000000e+00
0.000000000000000000e+00 0.000000000000000000e+00 0.000000000000000000e+00
3.827957458496093750e+02 8.490234985351562500e+02 5.293132066726684570e-01
3.147830200195312500e+02 8.646896972656250000e+02 5.346047282218933105e-01
6.552402954101562500e+02 1.074364868164062500e+03 7.709302306175231934e-01
4.354208374023437500e+02 1.535136718750000000e+03 7.348744273185729980e-01
4.509317321777343750e+02 8.228710937500000000e+02 4.149647653102874756e-01
7.391999511718750000e+02 9.851878051757812500e+02 7.887933254241943359e-01
5.870671997070312500e+02 1.252359985351562500e+03 1.186534836888313293e-01
8.596097412109375000e+02 2.205092926025390625e+02 8.675882816314697266e-01
0.000000000000000000e+00 0.000000000000000000e+00 0.000000000000000000e+00
7.494832763671875000e+02 1.890914764404296875e+02 8.410958051681518555e-01
0.000000000000000000e+00 0.000000000000000000e+00 0.000000000000000000e+00
6.446676635742187500e+02 1.325711425781250000e+03 2.814223468303680420e-01
6.395097656250000000e+02 1.320576538085937500e+03 2.750339508056640625e-01
0.000000000000000000e+00 0.000000000000000000e+00 0.000000000000000000e+00
5.504846801757812500e+02 1.660816528320312500e+03 6.379936337471008301e-01
5.137023925781250000e+02 1.655887329101562500e+03 5.463291406631469727e-01
3.931212158203125000e+02 1.561385498046875000e+03 6.590218544006347656e-01
