8.541394042968750000e+02 5.555938110351562500e+02 9.000798463821411133e-01
6.502223510742187500e+02 6.865014038085937500e+02 6.805794835090637207e-01
6.238906250000000000e+02 6.866074218750000000e+02 7.323846817016601562e-01
4.772234191894531250e+02 9.382955322265625000e+02 9.016138315200805664e-01
6.444563598632812500e+02 7.392133789062500000e+02 8.226357102394104004e-01
6.917403564453125000e+02 6.864965820312500000e+02 6.141811609268188477e-01
0.000000000000000000e+00 0.000000000000000000e+00 0.000000000000000000e+00
0.000000000000000000e+00 0.000000000000000000e+00 0.000000000000000000e+00
3.514204711914062500e+02 9.798776245117187500e+02 6.229369640350341797e-01
3.043313293457031250e+02 9.852538452148437500e+02 6.506074070930480957e-01
5.923916625976562500e+02 1.247213500976562500e+03 7.707678675651550293e-01
4.876225891113281250e+02 1.582423461914062500e+03 7.955883145332336426e-01
3.986363220214843750e+02 9.694794311523437500e+02 5.155862569808959961e-01
5.922539672851562500e+02 1.116174194335937500e+03 8.205052614212036133e-01
5.188101196289062500e+02 1.398862792968750000e+03 7.607015967369079590e-01
8.229525756835937500e+02 5.191098632812500000e+02 8.980658650398254395e-01
0.000000000000000000e+00 0.000000000000000000e+00 0.000000000000000000e+00
7.391755981445312500e+02 5.244291992187500000e+02 7.407199740409851074e-01
0.000000000000000000e+00 0.000000000000000000e+00 0.000000000000000000e+00
6.082396240234375000e+02 1.430373901367187500e+03 6.999662518501281738e-01
6.081137084960937500e+02 1.419899780273437500e+03 6.811396479606628418e-01
4.717883911132812500e+02 1.419894287109375000e+03 5.643562078475952148e-01
6.290857543945312500e+02 1.655503295898437500e+03 7.917932271957397461e-01
5.819067993164062500e+02 1.661022094726562500e+03 7.276585102081298828e-01
4.510561828613281250e+02 1.608606689453125000e+03 7.569339275360107422e-01
