8.856159057617187500e+02 2.727129821777343750e+02 7.902569770812988281e-01
6.029496459960937500e+02 3.932116088867187500e+02 5.694382190704345703e-01
5.661720581054687500e+02 3.985360717773437500e+02 6.193217635154724121e-01
3.147017517089843750e+02 5.505367431640625000e+02 7.778581380844116211e-01
5.242379760742187500e+02 2.782065429687500000e+02 8.265011310577392578e-01
6.552543945312500000e+02 3.880433654785156250e+02 4.100206196308135986e-01
0.000000000000000000e+00 0.000000000000000000e+00 0.000000000000000000e+00
0.000000000000000000e+00 0.000000000000000000e+00 0.000000000000000000e+00
3.776280212402343750e+02 8.541694335937500000e+02 5.252654552459716797e-01
3.147521667480468750e+02 8.647366333007812500e+02 5.268334150314331055e-01
6.552224731445312500e+02 1.069194335937500000e+03 7.840633988380432129e-01
4.402825622558593750e+02 1.535188720703125000e+03 7.505682706832885742e-01
4.456913452148437500e+02 8.333166503906250000e+02 4.115300476551055908e-01
7.390539550781250000e+02 9.850430908203125000e+02 7.769924402236938477e-01
5.922924194335937500e+02 1.236715332031250000e+03 6.327015906572341919e-02
8.597875366210937500e+02 2.254366149902343750e+02 8.407171964645385742e-01
0.000000000000000000e+00 0.000000000000000000e+00 0.000000000000000000e+00
7.443594970703125000e+02 1.891859130859375000e+02 8.450894951820373535e-01
0.000000000000000000e+00 0.000000000000000000e+00 0.000000000000000000e+00
6.447283935546875000e+02 1.320746337890625000e+03 1.701239794492721558e-01
6.394633789062500000e+02 1.320632080078125000e+03 1.537465006113052368e-01
0.000000000000000000e+00 0.000000000000000000e+00 0.000000000000000000e+00
5.556651611328125000e+02 1.660957885742187500e+03 6.355859637260437012e-01
5.085841064453125000e+02 1.660876098632812500e+03 5.278631448745727539e-01
3.932594909667968750e+02 1.556215942382812500e+03 6.835865974426269531e-01
