8.439256286621093750e+01 8.804790649414062500e+02 8.265812397003173828e-01
3.042553710937500000e+02 9.486118774414062500e+02 7.082816362380981445e-01
3.096763000488281250e+02 9.120349121093750000e+02 5.696322321891784668e-01
0.000000000000000000e+00 0.000000000000000000e+00 0.000000000000000000e+00
0.000000000000000000e+00 0.000000000000000000e+00 0.000000000000000000e+00
2.989393310546875000e+02 9.852640991210937500e+02 7.576658129692077637e-01
4.194391174316406250e+02 1.163317382812500000e+03 8.318806886672973633e-01
1.891945190429687500e+02 1.063520629882812500e+03 8.987971544265747070e-01
6.027534790039062500e+02 1.210372558593750000e+03 4.915619194507598877e-01
5.819071655273437500e+02 1.189522094726562500e+03 2.957505583763122559e-01
3.095152282714843750e+02 1.289053344726562500e+03 1.927747279405593872e-01
0.000000000000000000e+00 0.000000000000000000e+00 0.000000000000000000e+00
6.133701171875000000e+02 1.231558105468750000e+03 6.871019601821899414e-01
3.094795837402343750e+02 1.351945678710937500e+03 8.622601032257080078e-01
5.346917724609375000e+02 1.540459472656250000e+03 7.629370689392089844e-01
0.000000000000000000e+00 0.000000000000000000e+00 0.000000000000000000e+00
1.053060684204101562e+02 8.544064941406250000e+02 9.339032769203186035e-01
0.000000000000000000e+00 0.000000000000000000e+00 0.000000000000000000e+00
1.888706970214843750e+02 8.909931640625000000e+02 8.845390081405639648e-01
4.352454833984375000e+02 1.660932739257812500e+03 7.671043872833251953e-01
4.772760925292968750e+02 1.655842651367187500e+03 6.956154704093933105e-01
5.767526245117187500e+02 1.550878173828125000e+03 7.470736503601074219e-01
0.000000000000000000e+00 0.000000000000000000e+00 0.000000000000000000e+00
0.000000000000000000e+00 0.000000000000000000e+00 0.000000000000000000e+00
0.000000000000000000e+00 0.000000000000000000e+00 0.000000000000000000e+00
