7.758212280273437500e+02 7.024825439453125000e+02 8.971184492111206055e-01
6.082535400390625000e+02 8.544689331054687500e+02 7.772301435470581055e-01
5.819360961914062500e+02 8.541553344726562500e+02 7.702865004539489746e-01
4.823701171875000000e+02 1.147461181640625000e+03 9.031236767768859863e-01
5.664008178710937500e+02 9.379979248046875000e+02 7.517262101173400879e-01
6.449436645507812500e+02 8.593610229492187500e+02 7.343970537185668945e-01
6.394401855468750000e+02 1.027211181640625000e+03 5.763066187500953674e-02
0.000000000000000000e+00 0.000000000000000000e+00 0.000000000000000000e+00
4.091097717285156250e+02 1.194748291015625000e+03 6.217268705368041992e-01
3.671054992675781250e+02 1.220826904296875000e+03 6.305980682373046875e-01
7.180454101562500000e+02 1.398937500000000000e+03 8.502746820449829102e-01
5.189102172851562500e+02 1.655808227539062500e+03 8.573691248893737793e-01
4.562406005859375000e+02 1.184092529296875000e+03 5.014424324035644531e-01
6.865004882812500000e+02 1.236472900390625000e+03 8.839080333709716797e-01
5.190214843750000000e+02 1.482871093750000000e+03 8.540586233139038086e-01
7.600660400390625000e+02 6.815187988281250000e+02 8.784940242767333984e-01
0.000000000000000000e+00 0.000000000000000000e+00 0.000000000000000000e+00
6.812543334960937500e+02 6.918402099609375000e+02 7.592392563819885254e-01
0.000000000000000000e+00 0.000000000000000000e+00 0.000000000000000000e+00
5.714830322265625000e+02 1.519505371093750000e+03 1.449474096298217773e-01
5.608612670898437500e+02 1.488015136718750000e+03 1.183715984225273132e-01
4.824027404785156250e+02 1.503751831054687500e+03 8.990743756294250488e-01
6.446767578125000000e+02 1.729010131835937500e+03 7.506297826766967773e-01
6.027979736328125000e+02 1.734393676757812500e+03 7.739816308021545410e-01
4.771436157226562500e+02 1.666249633789062500e+03 8.129785060882568359e-01
