7.811643066406250000e+02 7.282586059570312500e+02 8.923267722129821777e-01
6.186682128906250000e+02 8.699615478515625000e+02 6.981950998306274414e-01
6.027022094726562500e+02 8.649129028320312500e+02 7.751321792602539062e-01
4.823980102539062500e+02 1.158250122070312500e+03 8.997314572334289551e-01
5.766818847656250000e+02 9.537379150390625000e+02 7.097793817520141602e-01
6.501141967773437500e+02 8.646981201171875000e+02 7.281891107559204102e-01
6.446438598632812500e+02 1.016664001464843750e+03 7.998108118772506714e-02
0.000000000000000000e+00 0.000000000000000000e+00 0.000000000000000000e+00
4.195224609375000000e+02 1.210417602539062500e+03 5.926876664161682129e-01
3.776956787109375000e+02 1.236608886718750000e+03 6.840960979461669922e-01
7.282646484375000000e+02 1.399094604492187500e+03 8.867492675781250000e-01
5.138889770507812500e+02 1.655666748046875000e+03 8.525080680847167969e-01
4.613571472167968750e+02 1.189290893554687500e+03 4.880421459674835205e-01
6.868262939453125000e+02 1.236523559570312500e+03 8.897213339805603027e-01
5.192648315429687500e+02 1.482762939453125000e+03 8.468022346496582031e-01
7.703526000976562500e+02 6.920403442382812500e+02 9.400575160980224609e-01
0.000000000000000000e+00 0.000000000000000000e+00 0.000000000000000000e+00
6.868166503906250000e+02 7.231726684570312500e+02 7.306861877441406250e-01
0.000000000000000000e+00 0.000000000000000000e+00 0.000000000000000000e+00
5.715220336914062500e+02 1.519381103515625000e+03 2.072473466396331787e-01
5.663209228515625000e+02 1.488237060546875000e+03 1.821159273386001587e-01
4.825372619628906250e+02 1.498445800781250000e+03 8.676584959030151367e-01
6.342020874023437500e+02 1.729033325195312500e+03 7.182868123054504395e-01
5.924127197265625000e+02 1.734281250000000000e+03 7.419120073318481445e-01
4.770233154296875000e+02 1.666083984375000000e+03 8.224037289619445801e-01
