1.106603164672851562e+02 6.499417114257812500e+02 8.882293105125427246e-01
3.150135498046875000e+02 7.495806274414062500e+02 6.406518220901489258e-01
3.093708801269531250e+02 7.442218017578125000e+02 4.848145842552185059e-01
0.000000000000000000e+00 0.000000000000000000e+00 0.000000000000000000e+00
0.000000000000000000e+00 0.000000000000000000e+00 0.000000000000000000e+00
3.408766174316406250e+02 7.599333496093750000e+02 7.758959531784057617e-01
4.980385742187500000e+02 9.433584594726562500e+02 8.775234222412109375e-01
2.782706298828125000e+02 8.438921508789062500e+02 8.466323018074035645e-01
5.715134277343750000e+02 1.074369262695312500e+03 6.074395775794982910e-01
5.296171264648437500e+02 1.069029174804687500e+03 5.004526972770690918e-01
3.253836669921875000e+02 1.121352661132812500e+03 7.974506616592407227e-01
5.085700073242187500e+02 1.388430053710937500e+03 7.794276475906372070e-01
6.133309936523437500e+02 1.095122192382812500e+03 6.524416208267211914e-01
3.410365295410156250e+02 1.320205688476562500e+03 8.831073045730590820e-01
5.296567382812500000e+02 1.566534057617187500e+03 8.214383125305175781e-01
0.000000000000000000e+00 0.000000000000000000e+00 0.000000000000000000e+00
1.419680633544921875e+02 6.342501220703125000e+02 8.831009864807128906e-01
0.000000000000000000e+00 0.000000000000000000e+00 0.000000000000000000e+00
2.257291564941406250e+02 6.551420288085937500e+02 9.218698740005493164e-01
4.351256408691406250e+02 1.686936889648437500e+03 8.104642629623413086e-01
4.771230468750000000e+02 1.681912963867187500e+03 6.964984536170959473e-01
5.714838256835937500e+02 1.571815429687500000e+03 8.075339794158935547e-01
4.928746337890625000e+02 1.440650146484375000e+03 1.053622663021087646e-01
0.000000000000000000e+00 0.000000000000000000e+00 0.000000000000000000e+00
5.295556640625000000e+02 1.399033813476562500e+03 8.413767814636230469e-01
