9.016628417968750000e+02 1.147571533203125000e+03 9.091361761093139648e-01
6.708742065429687500e+02 1.226122558593750000e+03 6.803914308547973633e-01
6.865621337890625000e+02 1.236654418945312500e+03 8.429198861122131348e-01
6.028200683593750000e+02 1.509069702148437500e+03 8.216586112976074219e-01
7.759140625000000000e+02 1.299531860351562500e+03 8.309738636016845703e-01
6.499572753906250000e+02 1.194637451171875000e+03 5.962632894515991211e-01
0.000000000000000000e+00 0.000000000000000000e+00 0.000000000000000000e+00
0.000000000000000000e+00 0.000000000000000000e+00 0.000000000000000000e+00
3.776856994628906250e+02 1.571895141601562500e+03 4.906224310398101807e-01
3.620053405761718750e+02 1.597969848632812500e+03 6.013247966766357422e-01
7.022916259765625000e+02 1.582334472656250000e+03 7.269269227981567383e-01
5.348653564453125000e+02 1.912362548828125000e+03 5.306193828582763672e-01
3.880304565429687500e+02 1.556148315429687500e+03 3.317664265632629395e-01
7.179963378906250000e+02 1.571850585937500000e+03 1.987468749284744263e-01
5.347578735351562500e+02 1.818104003906250000e+03 3.448522984981536865e-01
8.909658813476562500e+02 1.110867797851562500e+03 9.383383989334106445e-01
0.000000000000000000e+00 0.000000000000000000e+00 0.000000000000000000e+00
8.018804931640625000e+02 1.121343627929687500e+03 8.507881760597229004e-01
0.000000000000000000e+00 0.000000000000000000e+00 0.000000000000000000e+00
6.709138183593750000e+02 1.838941406250000000e+03 1.015998870134353638e-01
0.000000000000000000e+00 0.000000000000000000e+00 0.000000000000000000e+00
4.876205444335937500e+02 1.818233032226562500e+03 3.155378699302673340e-01
5.400032958984375000e+02 1.912479736328125000e+03 1.176407188177108765e-01
0.000000000000000000e+00 0.000000000000000000e+00 0.000000000000000000e+00
5.190178833007812500e+02 1.912390380859375000e+03 3.812106251716613770e-01
