8.804758911132812500e+02 2.677028503417968750e+02 7.770717144012451172e-01
6.082048339843750000e+02 3.932960815429687500e+02 5.972912311553955078e-01
5.663038330078125000e+02 3.985922851562500000e+02 6.165719032287597656e-01
3.146861877441406250e+02 5.504614257812500000e+02 7.756402492523193359e-01
5.244495849609375000e+02 2.781319885253906250e+02 8.306649923324584961e-01
6.604955444335937500e+02 3.880690002441406250e+02 4.330501258373260498e-01
0.000000000000000000e+00 0.000000000000000000e+00 0.000000000000000000e+00
0.000000000000000000e+00 0.000000000000000000e+00 0.000000000000000000e+00
3.828990478515625000e+02 8.541719360351562500e+02 5.138527154922485352e-01
3.149060363769531250e+02 8.648043823242187500e+02 5.026636123657226562e-01
6.553628540039062500e+02 1.074234252929687500e+03 7.761735916137695312e-01
4.404112548828125000e+02 1.535315917968750000e+03 7.460817694664001465e-01
4.509281616210937500e+02 8.281275634765625000e+02 4.000954627990722656e-01
7.391011962890625000e+02 9.850635375976562500e+02 7.824173569679260254e-01
5.818961791992187500e+02 1.278487060546875000e+03 1.591061204671859741e-01
8.595229492187500000e+02 2.204254913330078125e+02 8.427955508232116699e-01
8.908988647460937500e+02 2.307275848388671875e+02 6.234119459986686707e-02
7.444061889648437500e+02 1.889930267333984375e+02 8.106219768524169922e-01
0.000000000000000000e+00 0.000000000000000000e+00 0.000000000000000000e+00
6.449057006835937500e+02 1.325854980468750000e+03 3.969468176364898682e-01
6.446367187500000000e+02 1.320638061523437500e+03 4.010380208492279053e-01
5.977075195312500000e+02 1.320554809570312500e+03 8.349676430225372314e-02
5.557280273437500000e+02 1.661054077148437500e+03 6.542177200317382812e-01
5.137343750000000000e+02 1.660941040039062500e+03 5.856607556343078613e-01
3.933526306152343750e+02 1.561463256835937500e+03 6.743151545524597168e-01
