8.752597656250000000e+02 3.828334960937500000e+02 7.770804166793823242e-01
6.080265502929687500e+02 4.877182922363281250e+02 5.922197699546813965e-01
5.504997558593750000e+02 4.822530822753906250e+02 5.467894673347473145e-01
3.512030029296875000e+02 6.866615600585937500e+02 7.862066030502319336e-01
5.452177124023437500e+02 4.038875122070312500e+02 7.610375285148620605e-01
6.761813964843750000e+02 5.033880310058593750e+02 4.591121375560760498e-01
0.000000000000000000e+00 0.000000000000000000e+00 0.000000000000000000e+00
0.000000000000000000e+00 0.000000000000000000e+00 0.000000000000000000e+00
4.090201416015625000e+02 9.382186279296875000e+02 5.360947251319885254e-01
3.305535583496093750e+02 9.538520507812500000e+02 5.063839554786682129e-01
7.023752441406250000e+02 1.142414916992187500e+03 7.942001223564147949e-01
4.457929382324218750e+02 1.577081909179687500e+03 7.163807153701782227e-01
4.876461791992187500e+02 9.276010742187500000e+02 4.401111900806427002e-01
7.706795654296875000e+02 1.027379150390625000e+03 7.976968288421630859e-01
6.133197021484375000e+02 1.200112792968750000e+03 5.494334921240806580e-02
8.596349487304687500e+02 3.252044372558593750e+02 8.496080040931701660e-01
0.000000000000000000e+00 0.000000000000000000e+00 0.000000000000000000e+00
7.495085449218750000e+02 3.041842956542968750e+02 8.256387710571289062e-01
0.000000000000000000e+00 0.000000000000000000e+00 0.000000000000000000e+00
0.000000000000000000e+00 0.000000000000000000e+00 0.000000000000000000e+00
0.000000000000000000e+00 0.000000000000000000e+00 0.000000000000000000e+00
0.000000000000000000e+00 0.000000000000000000e+00 0.000000000000000000e+00
5.661365966796875000e+02 1.723729980468750000e+03 5.945851802825927734e-01
5.190107421875000000e+02 1.718532958984375000e+03 4.760806858539581299e-01
3.986730957031250000e+02 1.598114379882812500e+03 6.631127595901489258e-01
