8.751459350585937500e+02 3.253560791015625000e+02 8.016699552536010742e-01
6.082459716796875000e+02 4.509690551757812500e+02 5.740616917610168457e-01
5.611033325195312500e+02 4.405674438476562500e+02 6.515524387359619141e-01
3.150422668457031250e+02 6.343487548828125000e+02 7.820442318916320801e-01
5.294598999023437500e+02 3.568419799804687500e+02 8.175115585327148438e-01
6.762326660156250000e+02 4.666280517578125000e+02 4.721270203590393066e-01
0.000000000000000000e+00 0.000000000000000000e+00 0.000000000000000000e+00
0.000000000000000000e+00 0.000000000000000000e+00 0.000000000000000000e+00
3.934317932128906250e+02 8.962932739257812500e+02 5.343562960624694824e-01
3.201088562011718750e+02 9.171815795898437500e+02 5.036837458610534668e-01
6.919566650390625000e+02 1.105910644531250000e+03 8.469481468200683594e-01
4.354259338378906250e+02 1.540471191406250000e+03 7.441039681434631348e-01
4.771708679199218750e+02 8.856492309570312500e+02 4.221747815608978271e-01
7.703474121093750000e+02 1.000977478027343750e+03 7.831409573554992676e-01
6.081535644531250000e+02 1.179032958984375000e+03 8.501382172107696533e-02
8.594841918945312500e+02 2.780247802734375000e+02 8.922097086906433105e-01
0.000000000000000000e+00 0.000000000000000000e+00 0.000000000000000000e+00
7.443884887695312500e+02 2.622388000488281250e+02 8.317252397537231445e-01
0.000000000000000000e+00 0.000000000000000000e+00 0.000000000000000000e+00
0.000000000000000000e+00 0.000000000000000000e+00 0.000000000000000000e+00
0.000000000000000000e+00 0.000000000000000000e+00 0.000000000000000000e+00
0.000000000000000000e+00 0.000000000000000000e+00 0.000000000000000000e+00
5.556983032226562500e+02 1.671396728515625000e+03 6.352877616882324219e-01
5.085348815917968750e+02 1.666206665039062500e+03 5.536170005798339844e-01
3.931466674804687500e+02 1.561424926757812500e+03 7.103095650672912598e-01
