2.308934478759765625e+02 7.758553466796875000e+02 9.369705319404602051e-01
3.983745422363281250e+02 8.963408813476562500e+02 7.599142789840698242e-01
3.987620544433593750e+02 8.857035522460937500e+02 5.831837654113769531e-01
3.987379150390625000e+02 1.058480712890625000e+03 5.494795739650726318e-02
0.000000000000000000e+00 0.000000000000000000e+00 0.000000000000000000e+00
3.932874145507812500e+02 9.066212768554687500e+02 8.533664345741271973e-01
4.195877075195312500e+02 1.152634521484375000e+03 8.869804143905639648e-01
3.200973510742187500e+02 9.433229370117187500e+02 8.787907361984252930e-01
5.871085815429687500e+02 1.231472900390625000e+03 6.257000565528869629e-01
5.975913085937500000e+02 1.200055908203125000e+03 4.886307418346405029e-01
3.511707153320312500e+02 1.315190185546875000e+03 9.020972847938537598e-01
4.772853393554687500e+02 1.535134643554687500e+03 8.417531251907348633e-01
5.766545410156250000e+02 1.267908813476562500e+03 6.270418167114257812e-01
3.199380493164062500e+02 1.482991699218750000e+03 9.188590049743652344e-01
4.929266052246093750e+02 1.692245849609375000e+03 8.263810873031616211e-01
0.000000000000000000e+00 0.000000000000000000e+00 0.000000000000000000e+00
2.572305603027343750e+02 7.650391845703125000e+02 8.776167631149291992e-01
0.000000000000000000e+00 0.000000000000000000e+00 0.000000000000000000e+00
3.305893859863281250e+02 7.757149047851562500e+02 9.038954973220825195e-01
3.828622741699218750e+02 1.749964965820312500e+03 7.652977108955383301e-01
4.143542480468750000e+02 1.760516357421875000e+03 7.464457750320434570e-01
5.245458374023437500e+02 1.697481811523437500e+03 9.139285087585449219e-01
4.354269714355468750e+02 1.571979858398437500e+03 9.990617632865905762e-02
4.664806823730468750e+02 1.566457397460937500e+03 7.201796770095825195e-02
5.137128295898437500e+02 1.561468627929687500e+03 8.854539394378662109e-01
