1.105965805053710938e+02 6.448954467773437500e+02 9.052718877792358398e-01
3.149036254882812500e+02 7.443240356445312500e+02 6.457825303077697754e-01
3.043417358398437500e+02 7.390324096679687500e+02 4.745990633964538574e-01
0.000000000000000000e+00 0.000000000000000000e+00 0.000000000000000000e+00
0.000000000000000000e+00 0.000000000000000000e+00 0.000000000000000000e+00
3.356990966796875000e+02 7.495950927734375000e+02 7.639797329902648926e-01
4.929963989257812500e+02 9.432599487304687500e+02 8.865299224853515625e-01
2.782835388183593750e+02 8.437737426757812500e+02 8.390291929244995117e-01
5.819452514648437500e+02 1.074215332031250000e+03 6.060632467269897461e-01
5.504733276367187500e+02 1.063933715820312500e+03 4.819279909133911133e-01
3.304528503417968750e+02 1.121406372070312500e+03 7.937456965446472168e-01
5.033620910644531250e+02 1.383238403320312500e+03 7.689046263694763184e-01
6.133055419921875000e+02 1.090060302734375000e+03 6.555454134941101074e-01
3.460202636718750000e+02 1.315418701171875000e+03 8.881733417510986328e-01
5.296904907226562500e+02 1.566572143554687500e+03 8.210426568984985352e-01
0.000000000000000000e+00 0.000000000000000000e+00 0.000000000000000000e+00
1.419662933349609375e+02 6.185988159179687500e+02 8.776915073394775391e-01
0.000000000000000000e+00 0.000000000000000000e+00 0.000000000000000000e+00
2.255353240966796875e+02 6.502380371093750000e+02 9.078695178031921387e-01
4.351277770996093750e+02 1.686917846679687500e+03 8.070733547210693359e-01
4.771240539550781250e+02 1.681925903320312500e+03 7.011875510215759277e-01
5.715267944335937500e+02 1.571844848632812500e+03 8.017111420631408691e-01
5.137141113281250000e+02 1.430531616210937500e+03 1.430405378341674805e-01
5.242619018554687500e+02 1.425140014648437500e+03 1.541288942098617554e-01
5.294711914062500000e+02 1.398921264648437500e+03 8.428846597671508789e-01
