7.914182739257812500e+02 9.852137451171875000e+02 8.443989157676696777e-01
6.132758789062500000e+02 1.100432128906250000e+03 7.732551693916320801e-01
5.713659057617187500e+02 1.095272949218750000e+03 7.888755798339843750e-01
4.717575073242187500e+02 1.320718139648437500e+03 8.554528951644897461e-01
6.026336059570312500e+02 1.152780273437500000e+03 8.703317046165466309e-01
6.552245483398437500e+02 1.105512939453125000e+03 6.798789501190185547e-01
6.132424316406250000e+02 1.341396728515625000e+03 7.948862761259078979e-02
0.000000000000000000e+00 0.000000000000000000e+00 0.000000000000000000e+00
4.300357360839843750e+02 1.477521118164062500e+03 5.773393511772155762e-01
3.932322998046875000e+02 1.498568237304687500e+03 6.451847553253173828e-01
7.336976318359375000e+02 1.498662231445312500e+03 8.320329189300537109e-01
5.608061523437500000e+02 1.781607788085937500e+03 8.088104128837585449e-01
4.822906494140625000e+02 1.440936279296875000e+03 4.988553524017333984e-01
7.128977050781250000e+02 1.435544189453125000e+03 7.310312986373901367e-01
5.243821411132812500e+02 1.692265136718750000e+03 7.783499956130981445e-01
7.756143798828125000e+02 9.589824218750000000e+02 8.649510145187377930e-01
0.000000000000000000e+00 0.000000000000000000e+00 0.000000000000000000e+00
6.917096557617187500e+02 9.797564086914062500e+02 9.084419012069702148e-01
0.000000000000000000e+00 0.000000000000000000e+00 0.000000000000000000e+00
6.290405273437500000e+02 1.718569580078125000e+03 8.122411370277404785e-02
0.000000000000000000e+00 0.000000000000000000e+00 0.000000000000000000e+00
4.875701904296875000e+02 1.702735351562500000e+03 7.080070972442626953e-01
6.919513549804687500e+02 1.839054687500000000e+03 6.827709674835205078e-01
6.551735229492187500e+02 1.859759033203125000e+03 7.058745026588439941e-01
5.188367309570312500e+02 1.807638183593750000e+03 8.121635913848876953e-01
