9.066325073242187500e+02 1.147504516601562500e+03 8.972911834716796875e-01
6.709081420898437500e+02 1.226063842773437500e+03 6.679698824882507324e-01
6.865453491210937500e+02 1.236565551757812500e+03 8.480340242385864258e-01
6.029245605468750000e+02 1.509052490234375000e+03 8.228321075439453125e-01
7.759641723632812500e+02 1.299426025390625000e+03 8.323537707328796387e-01
6.499779052734375000e+02 1.194640258789062500e+03 5.914328098297119141e-01
0.000000000000000000e+00 0.000000000000000000e+00 0.000000000000000000e+00
0.000000000000000000e+00 0.000000000000000000e+00 0.000000000000000000e+00
3.828314514160156250e+02 1.571938476562500000e+03 4.806298315525054932e-01
3.672038574218750000e+02 1.598070556640625000e+03 5.879788398742675781e-01
7.075465087890625000e+02 1.587490844726562500e+03 7.030420303344726562e-01
5.297225341796875000e+02 1.912381958007812500e+03 5.123884081840515137e-01
3.829082336425781250e+02 1.556145751953125000e+03 3.197416365146636963e-01
7.180537109375000000e+02 1.571788085937500000e+03 2.119386792182922363e-01
5.348478393554687500e+02 1.828481445312500000e+03 2.294990867376327515e-01
8.959116210937500000e+02 1.110764160156250000e+03 9.486495256423950195e-01
0.000000000000000000e+00 0.000000000000000000e+00 0.000000000000000000e+00
8.069228515625000000e+02 1.116258178710937500e+03 8.639597892761230469e-01
0.000000000000000000e+00 0.000000000000000000e+00 0.000000000000000000e+00
6.708875122070312500e+02 1.859826171875000000e+03 5.284392088651657104e-02
0.000000000000000000e+00 0.000000000000000000e+00 0.000000000000000000e+00
4.825283508300781250e+02 1.823343505859375000e+03 2.147835195064544678e-01
6.342920532226562500e+02 1.870420166015625000e+03 9.095776081085205078e-02
5.399972534179687500e+02 1.912476684570312500e+03 1.558172404766082764e-01
5.189083251953125000e+02 1.912409545898437500e+03 3.362917900085449219e-01
