8.700206909179687500e+02 3.251674194335937500e+02 7.683905363082885742e-01
6.029493408203125000e+02 4.717869262695312500e+02 5.551146268844604492e-01
5.608906250000000000e+02 4.770879516601562500e+02 4.671726226806640625e-01
3.202037048339843750e+02 6.446788940429687500e+02 7.665530443191528320e-01
5.242258911132812500e+02 3.775590209960937500e+02 7.949689030647277832e-01
6.552359008789062500e+02 4.562294616699218750e+02 3.699173033237457275e-01
0.000000000000000000e+00 0.000000000000000000e+00 0.000000000000000000e+00
0.000000000000000000e+00 0.000000000000000000e+00 0.000000000000000000e+00
3.880945129394531250e+02 9.066620483398437500e+02 5.139256119728088379e-01
3.199389648437500000e+02 9.378800659179687500e+02 5.349009633064270020e-01
7.023424682617187500e+02 1.110870117187500000e+03 8.172356486320495605e-01
4.406287841796875000e+02 1.550937377929687500e+03 7.127553820610046387e-01
4.614714355468750000e+02 8.909727783203125000e+02 4.013528823852539062e-01
7.705100708007812500e+02 1.006161010742187500e+03 7.912080287933349609e-01
6.134744873046875000e+02 1.173810668945312500e+03 9.386503696441650391e-02
8.593695068359375000e+02 2.780225219726562500e+02 8.730927109718322754e-01
0.000000000000000000e+00 0.000000000000000000e+00 0.000000000000000000e+00
7.391474609375000000e+02 2.673677673339843750e+02 8.630543947219848633e-01
0.000000000000000000e+00 0.000000000000000000e+00 0.000000000000000000e+00
0.000000000000000000e+00 0.000000000000000000e+00 0.000000000000000000e+00
0.000000000000000000e+00 0.000000000000000000e+00 0.000000000000000000e+00
0.000000000000000000e+00 0.000000000000000000e+00 0.000000000000000000e+00
5.557741088867187500e+02 1.676649902343750000e+03 6.098732948303222656e-01
5.085876464843750000e+02 1.671428344726562500e+03 5.231116414070129395e-01
3.934627380371093750e+02 1.566721191406250000e+03 6.755613684654235840e-01
