8.804729614257812500e+02 3.200780334472656250e+02 7.865080237388610840e-01
6.080398559570312500e+02 4.561402587890625000e+02 5.761426091194152832e-01
5.610325927734375000e+02 4.510510559082031250e+02 5.437335968017578125e-01
3.201908874511718750e+02 6.290220336914062500e+02 7.463552355766296387e-01
5.348568115234375000e+02 3.567640686035156250e+02 7.995179295539855957e-01
6.709143676757812500e+02 4.614317016601562500e+02 4.525417387485504150e-01
0.000000000000000000e+00 0.000000000000000000e+00 0.000000000000000000e+00
0.000000000000000000e+00 0.000000000000000000e+00 0.000000000000000000e+00
3.881521606445312500e+02 9.013875122070312500e+02 5.151863694190979004e-01
3.200420837402343750e+02 9.275662231445312500e+02 5.089182853698730469e-01
6.919298706054687500e+02 1.105820556640625000e+03 8.511455059051513672e-01
4.403278503417968750e+02 1.535309204101562500e+03 7.396849989891052246e-01
4.614395751953125000e+02 8.856724243164062500e+02 3.952195644378662109e-01
7.703082275390625000e+02 9.958170166015625000e+02 7.858067154884338379e-01
6.080438232421875000e+02 1.194650512695312500e+03 8.506532013416290283e-02
8.596026611328125000e+02 2.729716796875000000e+02 8.673433065414428711e-01
0.000000000000000000e+00 0.000000000000000000e+00 0.000000000000000000e+00
7.495983886718750000e+02 2.519124755859375000e+02 7.661433815956115723e-01
0.000000000000000000e+00 0.000000000000000000e+00 0.000000000000000000e+00
0.000000000000000000e+00 0.000000000000000000e+00 0.000000000000000000e+00
0.000000000000000000e+00 0.000000000000000000e+00 0.000000000000000000e+00
0.000000000000000000e+00 0.000000000000000000e+00 0.000000000000000000e+00
5.504509277343750000e+02 1.671377197265625000e+03 6.105909943580627441e-01
5.033148193359375000e+02 1.666131469726562500e+03 5.264261960983276367e-01
3.932626647949218750e+02 1.561357421875000000e+03 6.556476950645446777e-01
