8.751405029296875000e+02 4.298672180175781250e+02 7.729388475418090820e-01
6.080687866210937500e+02 4.981268005371093750e+02 5.706416368484497070e-01
5.610161132812500000e+02 4.980914001464843750e+02 5.781471133232116699e-01
3.460679626464843750e+02 6.918178100585937500e+02 8.041124343872070312e-01
5.452911987304687500e+02 4.248542480468750000e+02 7.443580627441406250e-01
6.760820922851562500e+02 5.085576171875000000e+02 4.464565515518188477e-01
0.000000000000000000e+00 0.000000000000000000e+00 0.000000000000000000e+00
0.000000000000000000e+00 0.000000000000000000e+00 0.000000000000000000e+00
3.827761840820312500e+02 9.432651977539062500e+02 5.290948152542114258e-01
3.147655029296875000e+02 9.538876953125000000e+02 5.185159444808959961e-01
6.919541015625000000e+02 1.147578002929687500e+03 8.531399965286254883e-01
4.510686645507812500e+02 1.608296020507812500e+03 7.087653875350952148e-01
4.457926025390625000e+02 9.327498168945312500e+02 4.163489043712615967e-01
7.600197143554687500e+02 1.032431762695312500e+03 7.796636223793029785e-01
6.079865112304687500e+02 1.241841064453125000e+03 9.626480937004089355e-02
8.648155517578125000e+02 3.672631225585937500e+02 7.674869894981384277e-01
0.000000000000000000e+00 0.000000000000000000e+00 0.000000000000000000e+00
7.599846801757812500e+02 3.252656250000000000e+02 7.890552282333374023e-01
0.000000000000000000e+00 0.000000000000000000e+00 0.000000000000000000e+00
0.000000000000000000e+00 0.000000000000000000e+00 0.000000000000000000e+00
0.000000000000000000e+00 0.000000000000000000e+00 0.000000000000000000e+00
0.000000000000000000e+00 0.000000000000000000e+00 0.000000000000000000e+00
5.766702880859375000e+02 1.734291870117187500e+03 6.936098933219909668e-01
5.400102539062500000e+02 1.734349853515625000e+03 5.706582665443420410e-01
4.039367675781250000e+02 1.618941284179687500e+03 6.834542751312255859e-01
