7.965848388671875000e+02 7.702777099609375000e+02 8.901856541633605957e-01
6.186846313476562500e+02 9.016545410156250000e+02 7.192173004150390625e-01
6.027952880859375000e+02 9.119277954101562500e+02 7.732927203178405762e-01
4.826823730468750000e+02 1.194546386718750000e+03 9.078907966613769531e-01
5.975160522460937500e+02 9.905073852539062500e+02 7.588773369789123535e-01
6.551674194335937500e+02 9.012642822265625000e+02 6.661668419837951660e-01
0.000000000000000000e+00 0.000000000000000000e+00 0.000000000000000000e+00
0.000000000000000000e+00 0.000000000000000000e+00 0.000000000000000000e+00
4.039072875976562500e+02 1.236723388671875000e+03 5.834404826164245605e-01
3.775953979492187500e+02 1.273193115234375000e+03 6.676279902458190918e-01
7.284766235351562500e+02 1.404237304687500000e+03 8.877238631248474121e-01
5.138673706054687500e+02 1.655609741210937500e+03 8.446297645568847656e-01
4.404553527832031250e+02 1.205225708007812500e+03 4.147167801856994629e-01
6.868541870117187500e+02 1.236405883789062500e+03 8.767693042755126953e-01
5.189498901367187500e+02 1.482723022460937500e+03 8.549149036407470703e-01
7.706003417968750000e+02 7.339760742187500000e+02 9.385837912559509277e-01
7.809179077148437500e+02 7.339271850585937500e+02 6.822500377893447876e-02
6.916716918945312500e+02 7.495736083984375000e+02 7.515935301780700684e-01
0.000000000000000000e+00 0.000000000000000000e+00 0.000000000000000000e+00
5.870563964843750000e+02 1.493239257812500000e+03 3.133727610111236572e-01
5.715575561523437500e+02 1.482708129882812500e+03 3.189254403114318848e-01
4.821944274902343750e+02 1.498469482421875000e+03 8.975336551666259766e-01
6.342931518554687500e+02 1.728873535156250000e+03 7.225432395935058594e-01
5.975059204101562500e+02 1.734161987304687500e+03 7.431786060333251953e-01
4.769526062011718750e+02 1.660994628906250000e+03 8.047782778739929199e-01
