8.700681762695312500e+02 3.200941162109375000e+02 8.205572962760925293e-01
6.079884033203125000e+02 4.561462097167968750e+02 5.927674174308776855e-01
5.609346313476562500e+02 4.405037841796875000e+02 6.522068977355957031e-01
3.148178710937500000e+02 6.395266723632812500e+02 8.170382380485534668e-01
5.243090820312500000e+02 3.620130004882812500e+02 8.178386092185974121e-01
6.709329223632812500e+02 4.770283813476562500e+02 4.693929851055145264e-01
0.000000000000000000e+00 0.000000000000000000e+00 0.000000000000000000e+00
0.000000000000000000e+00 0.000000000000000000e+00 0.000000000000000000e+00
3.881263122558593750e+02 9.014695434570312500e+02 5.472808480262756348e-01
3.148945922851562500e+02 9.275645141601562500e+02 5.436161756515502930e-01
6.919938964843750000e+02 1.110853027343750000e+03 8.527796268463134766e-01
4.403548583984375000e+02 1.540436157226562500e+03 7.008982896804809570e-01
4.666234741210937500e+02 8.908320922851562500e+02 4.285940825939178467e-01
7.702521362304687500e+02 1.006100708007812500e+03 7.539339065551757812e-01
0.000000000000000000e+00 0.000000000000000000e+00 0.000000000000000000e+00
8.592888793945312500e+02 2.730781555175781250e+02 9.016181230545043945e-01
0.000000000000000000e+00 0.000000000000000000e+00 0.000000000000000000e+00
7.392002563476562500e+02 2.622740478515625000e+02 8.434624671936035156e-01
0.000000000000000000e+00 0.000000000000000000e+00 0.000000000000000000e+00
0.000000000000000000e+00 0.000000000000000000e+00 0.000000000000000000e+00
0.000000000000000000e+00 0.000000000000000000e+00 0.000000000000000000e+00
0.000000000000000000e+00 0.000000000000000000e+00 0.000000000000000000e+00
5.503934936523437500e+02 1.676589599609375000e+03 5.983877182006835938e-01
5.085223083496093750e+02 1.671285156250000000e+03 5.187606215476989746e-01
3.932888488769531250e+02 1.561319580078125000e+03 5.997301340103149414e-01
