8.649374389648437500e+02 3.304076232910156250e+02 8.058739900588989258e-01
6.029327392578125000e+02 4.667144470214843750e+02 5.721556544303894043e-01
5.608459472656250000e+02 4.770368652343750000e+02 5.023579001426696777e-01
3.200384521484375000e+02 6.448543701171875000e+02 8.031350374221801758e-01
5.241760864257812500e+02 3.775808105468750000e+02 8.011475205421447754e-01
6.708522949218750000e+02 4.719159851074218750e+02 4.258101582527160645e-01
0.000000000000000000e+00 0.000000000000000000e+00 0.000000000000000000e+00
0.000000000000000000e+00 0.000000000000000000e+00 0.000000000000000000e+00
3.985019531250000000e+02 9.067113037109375000e+02 5.257024168968200684e-01
3.252550354003906250e+02 9.329009399414062500e+02 5.167876482009887695e-01
7.024146728515625000e+02 1.105897827148437500e+03 8.218094110488891602e-01
4.406028747558593750e+02 1.550910156250000000e+03 7.072487473487854004e-01
4.771270141601562500e+02 8.960365600585937500e+02 4.209746122360229492e-01
7.704805297851562500e+02 1.006150451660156250e+03 7.964657545089721680e-01
6.134816284179687500e+02 1.194831176757812500e+03 7.110018283128738403e-02
8.544268188476562500e+02 2.781421508789062500e+02 8.886451125144958496e-01
0.000000000000000000e+00 0.000000000000000000e+00 0.000000000000000000e+00
7.391502685546875000e+02 2.674411010742187500e+02 8.738895654678344727e-01
0.000000000000000000e+00 0.000000000000000000e+00 0.000000000000000000e+00
0.000000000000000000e+00 0.000000000000000000e+00 0.000000000000000000e+00
0.000000000000000000e+00 0.000000000000000000e+00 0.000000000000000000e+00
0.000000000000000000e+00 0.000000000000000000e+00 0.000000000000000000e+00
5.607630615234375000e+02 1.681828613281250000e+03 6.323270201683044434e-01
5.137680664062500000e+02 1.681714355468750000e+03 5.300191640853881836e-01
3.984272766113281250e+02 1.566685302734375000e+03 6.900784969329833984e-01
