7.913449707031250000e+02 7.650864257812500000e+02 8.469625711441040039e-01
6.133984985351562500e+02 8.229946899414062500e+02 6.751519441604614258e-01
6.132408447265625000e+02 8.542235107421875000e+02 8.674456477165222168e-01
5.085011291503906250e+02 1.027241333007812500e+03 9.030593633651733398e-01
6.500207519531250000e+02 8.963738403320312500e+02 9.082772731781005859e-01
6.237925415039062500e+02 8.121604614257812500e+02 5.883345603942871094e-01
0.000000000000000000e+00 0.000000000000000000e+00 0.000000000000000000e+00
0.000000000000000000e+00 0.000000000000000000e+00 0.000000000000000000e+00
3.251711730957031250e+02 1.032373779296875000e+03 6.088327169418334961e-01
3.096244812011718750e+02 1.058446044921875000e+03 7.158446311950683594e-01
6.030125732421875000e+02 1.199931274414062500e+03 9.193935394287109375e-01
4.717276000976562500e+02 1.482613891601562500e+03 8.247668743133544922e-01
3.513323059082031250e+02 1.021822021484375000e+03 4.465367794036865234e-01
5.871074218750000000e+02 1.110814697265625000e+03 8.661137223243713379e-01
4.613454895019531250e+02 1.362563842773437500e+03 7.863092422485351562e-01
7.757773437500000000e+02 7.337711791992187500e+02 9.613240361213684082e-01
0.000000000000000000e+00 0.000000000000000000e+00 0.000000000000000000e+00
7.181026611328125000e+02 7.340476074218750000e+02 9.068283438682556152e-01
0.000000000000000000e+00 0.000000000000000000e+00 0.000000000000000000e+00
5.663876342773437500e+02 1.393811157226562500e+03 7.192112207412719727e-01
5.661638183593750000e+02 1.388398437500000000e+03 6.979036331176757812e-01
4.299594116210937500e+02 1.393541381835937500e+03 8.627394437789916992e-01
5.870665893554687500e+02 1.524471313476562500e+03 7.840926647186279297e-01
5.607640991210937500e+02 1.529862792968750000e+03 8.533799648284912109e-01
4.352329101562500000e+02 1.493284545898437500e+03 8.426821231842041016e-01
