9.065400390625000000e+02 1.147338134765625000e+03 8.860082626342773438e-01
6.709302978515625000e+02 1.220981079101562500e+03 6.475098133087158203e-01
6.864040527343750000e+02 1.236494384765625000e+03 8.218035101890563965e-01
6.028324584960937500e+02 1.514177490234375000e+03 8.290429115295410156e-01
7.758062744140625000e+02 1.304657836914062500e+03 8.431023359298706055e-01
6.500538940429687500e+02 1.189705444335937500e+03 5.514765977859497070e-01
0.000000000000000000e+00 0.000000000000000000e+00 0.000000000000000000e+00
0.000000000000000000e+00 0.000000000000000000e+00 0.000000000000000000e+00
3.724277343750000000e+02 1.571853393554687500e+03 4.824098646640777588e-01
3.671018371582031250e+02 1.592750122070312500e+03 5.820665359497070312e-01
6.972731323242187500e+02 1.582453002929687500e+03 6.949281692504882812e-01
5.348448486328125000e+02 1.912364990234375000e+03 4.975771605968475342e-01
3.724293823242187500e+02 1.556109008789062500e+03 3.214130401611328125e-01
7.232322998046875000e+02 1.566736572265625000e+03 2.741298377513885498e-01
5.400007934570312500e+02 1.823309814453125000e+03 3.202479779720306396e-01
8.909528808593750000e+02 1.105837158203125000e+03 9.357901811599731445e-01
0.000000000000000000e+00 0.000000000000000000e+00 0.000000000000000000e+00
7.967080078125000000e+02 1.116067260742187500e+03 8.702691793441772461e-01
0.000000000000000000e+00 0.000000000000000000e+00 0.000000000000000000e+00
6.812293090820312500e+02 1.854629394531250000e+03 1.247869729995727539e-01
0.000000000000000000e+00 0.000000000000000000e+00 0.000000000000000000e+00
4.876194458007812500e+02 1.823326049804687500e+03 2.816863358020782471e-01
5.400429687500000000e+02 1.912481445312500000e+03 1.146713346242904663e-01
0.000000000000000000e+00 0.000000000000000000e+00 0.000000000000000000e+00
5.189656372070312500e+02 1.912393432617187500e+03 3.500766456127166748e-01
