8.699765014648437500e+02 3.462347412109375000e+02 8.151222467422485352e-01
6.080157470703125000e+02 4.770152587890625000e+02 5.781396627426147461e-01
5.661004638671875000e+02 4.824556579589843750e+02 5.420861840248107910e-01
3.147173461914062500e+02 6.500964965820312500e+02 7.771911621093750000e-01
5.138610229492187500e+02 3.930681152343750000e+02 8.121265172958374023e-01
6.553158569335937500e+02 4.614559631347656250e+02 4.007614254951477051e-01
0.000000000000000000e+00 0.000000000000000000e+00 0.000000000000000000e+00
0.000000000000000000e+00 0.000000000000000000e+00 0.000000000000000000e+00
3.933703002929687500e+02 9.275997924804687500e+02 5.019612312316894531e-01
3.305470275878906250e+02 9.484893798828125000e+02 5.181885957717895508e-01
7.127941284179687500e+02 1.116145263671875000e+03 7.859529852867126465e-01
4.510496215820312500e+02 1.561333740234375000e+03 6.954723000526428223e-01
4.718073425292968750e+02 9.012680053710937500e+02 3.963420093059539795e-01
7.705952758789062500e+02 1.021776367187500000e+03 8.037301301956176758e-01
6.186988525390625000e+02 1.205171997070312500e+03 6.928360462188720703e-02
8.542902221679687500e+02 2.991098937988281250e+02 8.716926574707031250e-01
8.805197143554687500e+02 3.096647949218750000e+02 5.886893719434738159e-02
7.391298828125000000e+02 2.727705993652343750e+02 8.820859193801879883e-01
0.000000000000000000e+00 0.000000000000000000e+00 0.000000000000000000e+00
0.000000000000000000e+00 0.000000000000000000e+00 0.000000000000000000e+00
0.000000000000000000e+00 0.000000000000000000e+00 0.000000000000000000e+00
0.000000000000000000e+00 0.000000000000000000e+00 0.000000000000000000e+00
5.660835571289062500e+02 1.697658447265625000e+03 6.194564700126647949e-01
5.189922485351562500e+02 1.697518066406250000e+03 5.300783514976501465e-01
4.039000854492187500e+02 1.571907348632812500e+03 6.540041565895080566e-01
