8.491345825195312500e+02 5.557666015625000000e+02 9.154214859008789062e-01
6.500440673828125000e+02 6.917803344726562500e+02 7.085522413253784180e-01
6.290065307617187500e+02 6.920058593750000000e+02 7.351902127265930176e-01
4.771007385253906250e+02 9.435770874023437500e+02 8.827364444732666016e-01
6.393891601562500000e+02 7.650421752929687500e+02 8.065973520278930664e-01
6.867153930664062500e+02 6.867708740234375000e+02 5.989927649497985840e-01
6.500490112304687500e+02 8.543491821289062500e+02 9.238135814666748047e-02
0.000000000000000000e+00 0.000000000000000000e+00 0.000000000000000000e+00
3.462386169433593750e+02 9.801064453125000000e+02 6.140278577804565430e-01
3.041816101074218750e+02 9.903928222656250000e+02 6.340483427047729492e-01
5.975606079101562500e+02 1.257598510742187500e+03 7.859539389610290527e-01
4.876289978027343750e+02 1.582392822265625000e+03 7.943552136421203613e-01
3.984976196289062500e+02 9.747371826171875000e+02 5.222896337509155273e-01
5.924141235351562500e+02 1.121446655273437500e+03 7.981266975402832031e-01
5.032788085937500000e+02 1.404337524414062500e+03 7.765253186225891113e-01
8.178747558593750000e+02 5.242984008789062500e+02 9.271031022071838379e-01
0.000000000000000000e+00 0.000000000000000000e+00 0.000000000000000000e+00
7.391499023437500000e+02 5.504813842773437500e+02 6.792659759521484375e-01
0.000000000000000000e+00 0.000000000000000000e+00 0.000000000000000000e+00
6.080745849609375000e+02 1.435506469726562500e+03 5.354537963867187500e-01
6.080195922851562500e+02 1.425218139648437500e+03 5.371096134185791016e-01
4.561570434570312500e+02 1.435677124023437500e+03 6.834186911582946777e-01
6.341988525390625000e+02 1.655524414062500000e+03 7.877056002616882324e-01
5.819256591796875000e+02 1.661002929687500000e+03 7.272824645042419434e-01
4.510302734375000000e+02 1.608578491210937500e+03 7.466293573379516602e-01
