9.016697387695312500e+02 1.147387573242187500e+03 8.920739889144897461e-01
6.760566406250000000e+02 1.226091186523437500e+03 6.544970273971557617e-01
6.814708251953125000e+02 1.236596069335937500e+03 8.160879015922546387e-01
6.027864990234375000e+02 1.509060302734375000e+03 8.151429891586303711e-01
7.757644042968750000e+02 1.304679077148437500e+03 8.421338200569152832e-01
6.502142944335937500e+02 1.194618896484375000e+03 5.323994159698486328e-01
0.000000000000000000e+00 0.000000000000000000e+00 0.000000000000000000e+00
0.000000000000000000e+00 0.000000000000000000e+00 0.000000000000000000e+00
3.828499755859375000e+02 1.571713623046875000e+03 4.896101057529449463e-01
3.671432189941406250e+02 1.582387329101562500e+03 6.010936498641967773e-01
6.972727661132812500e+02 1.582299072265625000e+03 7.396997213363647461e-01
5.399742431640625000e+02 1.912384643554687500e+03 4.868181645870208740e-01
3.881425781250000000e+02 1.556110717773437500e+03 3.338106572628021240e-01
7.180286254882812500e+02 1.571840698242187500e+03 2.344662994146347046e-01
5.296211547851562500e+02 1.823197875976562500e+03 3.691617548465728760e-01
8.909492797851562500e+02 1.105884033203125000e+03 9.363955855369567871e-01
0.000000000000000000e+00 0.000000000000000000e+00 0.000000000000000000e+00
8.017534790039062500e+02 1.116109130859375000e+03 8.667421340942382812e-01
0.000000000000000000e+00 0.000000000000000000e+00 0.000000000000000000e+00
6.761017456054687500e+02 1.854743774414062500e+03 7.780334353446960449e-02
0.000000000000000000e+00 0.000000000000000000e+00 0.000000000000000000e+00
4.876175231933593750e+02 1.823344116210937500e+03 3.460719287395477295e-01
6.394228515625000000e+02 1.870356933593750000e+03 9.401560574769973755e-02
5.400220947265625000e+02 1.912470581054687500e+03 1.677199602127075195e-01
5.189625244140625000e+02 1.912407348632812500e+03 3.191868662834167480e-01
