8.857892456054687500e+02 3.149225463867187500e+02 7.831506729125976562e-01
6.080180053710937500e+02 4.456739196777343750e+02 5.801042318344116211e-01
5.610493774414062500e+02 4.509076843261718750e+02 5.124787092208862305e-01
3.304177856445312500e+02 6.082606201171875000e+02 7.601629495620727539e-01
5.346726684570312500e+02 3.514923095703125000e+02 8.236936926841735840e-01
6.761923217773437500e+02 4.561483459472656250e+02 4.181427061557769775e-01
0.000000000000000000e+00 0.000000000000000000e+00 0.000000000000000000e+00
0.000000000000000000e+00 0.000000000000000000e+00 0.000000000000000000e+00
3.880919189453125000e+02 8.960032958984375000e+02 4.973639845848083496e-01
3.199733581542968750e+02 9.015642089843750000e+02 5.106442570686340332e-01
6.866957397460937500e+02 1.105572998046875000e+03 8.250229358673095703e-01
4.403103332519531250e+02 1.535351440429687500e+03 7.312524914741516113e-01
4.666382751464843750e+02 8.700865478515625000e+02 3.796328902244567871e-01
7.652064819335937500e+02 9.957373046875000000e+02 7.722296714782714844e-01
6.080651855468750000e+02 1.273297485351562500e+03 6.879959255456924438e-02
8.648544311523437500e+02 2.678525085449218750e+02 8.285267353057861328e-01
0.000000000000000000e+00 0.000000000000000000e+00 0.000000000000000000e+00
7.599526367187500000e+02 2.415638732910156250e+02 8.064892888069152832e-01
0.000000000000000000e+00 0.000000000000000000e+00 0.000000000000000000e+00
6.552001342773437500e+02 1.331052490234375000e+03 1.803795546293258667e-01
6.500608520507812500e+02 1.325747558593750000e+03 1.821547597646713257e-01
0.000000000000000000e+00 0.000000000000000000e+00 0.000000000000000000e+00
5.399457397460937500e+02 1.671325439453125000e+03 6.116057038307189941e-01
4.981066284179687500e+02 1.666108032226562500e+03 5.263049006462097168e-01
3.932168273925781250e+02 1.561403320312500000e+03 6.648343801498413086e-01
