8.700989990234375000e+02 4.246978149414062500e+02 7.826517820358276367e-01
6.029987792968750000e+02 5.032926330566406250e+02 5.746278166770935059e-01
5.608222045898437500e+02 5.032495117187500000e+02 5.709553956985473633e-01
3.460017700195312500e+02 6.919191284179687500e+02 7.942245602607727051e-01
5.504458618164062500e+02 4.298530273437500000e+02 7.741357684135437012e-01
6.760699462890625000e+02 5.085364074707031250e+02 4.472548961639404297e-01
0.000000000000000000e+00 0.000000000000000000e+00 0.000000000000000000e+00
0.000000000000000000e+00 0.000000000000000000e+00 0.000000000000000000e+00
3.932384643554687500e+02 9.434650878906250000e+02 5.157564282417297363e-01
3.200000305175781250e+02 9.694151000976562500e+02 4.987933337688446045e-01
6.920728149414062500e+02 1.147655029296875000e+03 8.435263633728027344e-01
4.561171569824218750e+02 1.603148071289062500e+03 6.963766813278198242e-01
4.666800231933593750e+02 9.379357910156250000e+02 4.157871007919311523e-01
7.651654052734375000e+02 1.032531860351562500e+03 7.769513726234436035e-01
6.133842163085937500e+02 1.294282714843750000e+03 6.438789516687393188e-02
8.647209472656250000e+02 3.671715698242187500e+02 8.265126347541809082e-01
0.000000000000000000e+00 0.000000000000000000e+00 0.000000000000000000e+00
7.547714233398437500e+02 3.357944335937500000e+02 8.042508363723754883e-01
0.000000000000000000e+00 0.000000000000000000e+00 0.000000000000000000e+00
0.000000000000000000e+00 0.000000000000000000e+00 0.000000000000000000e+00
0.000000000000000000e+00 0.000000000000000000e+00 0.000000000000000000e+00
0.000000000000000000e+00 0.000000000000000000e+00 0.000000000000000000e+00
5.714450073242187500e+02 1.734218505859375000e+03 6.099756956100463867e-01
5.242553710937500000e+02 1.734107177734375000e+03 4.907395839691162109e-01
4.090242614746093750e+02 1.613724609375000000e+03 6.471214294433593750e-01
