8.541791992187500000e+02 5.453102416992187500e+02 8.850163817405700684e-01
6.552397460937500000e+02 6.814124755859375000e+02 6.877299547195434570e-01
6.291221923828125000e+02 6.813931274414062500e+02 7.205188274383544922e-01
4.771009521484375000e+02 9.378890380859375000e+02 8.922420740127563477e-01
6.394080810546875000e+02 7.340753173828125000e+02 8.141399621963500977e-01
6.918966064453125000e+02 6.813065795898437500e+02 6.228259205818176270e-01
6.449882812500000000e+02 8.542315673828125000e+02 6.310760974884033203e-02
0.000000000000000000e+00 0.000000000000000000e+00 0.000000000000000000e+00
3.513650512695312500e+02 9.746841430664062500e+02 6.199901103973388672e-01
3.041591186523437500e+02 9.799661254882812500e+02 6.501045823097229004e-01
5.922608032226562500e+02 1.241996704101562500e+03 7.622278332710266113e-01
4.877435607910156250e+02 1.582325317382812500e+03 7.863826751708984375e-01
3.987146606445312500e+02 9.643070068359375000e+02 5.393502712249755859e-01
5.870980834960937500e+02 1.116245483398437500e+03 7.996025681495666504e-01
5.136858520507812500e+02 1.399174804687500000e+03 7.668212056159973145e-01
8.229123535156250000e+02 5.187952880859375000e+02 8.999392986297607422e-01
0.000000000000000000e+00 0.000000000000000000e+00 0.000000000000000000e+00
7.390374755859375000e+02 5.241066894531250000e+02 7.758707404136657715e-01
0.000000000000000000e+00 0.000000000000000000e+00 0.000000000000000000e+00
6.081730346679687500e+02 1.430416381835937500e+03 7.607342600822448730e-01
6.079544677734375000e+02 1.414838867187500000e+03 7.440496683120727539e-01
4.613902893066406250e+02 1.425216064453125000e+03 5.579549074172973633e-01
6.289787597656250000e+02 1.650325195312500000e+03 7.834476232528686523e-01
5.818793334960937500e+02 1.655803344726562500e+03 7.618996500968933105e-01
4.562436523437500000e+02 1.608572509765625000e+03 7.535890340805053711e-01
