9.065539550781250000e+02 1.147534057617187500e+03 9.056600928306579590e-01
6.710213012695312500e+02 1.220958007812500000e+03 6.640012264251708984e-01
6.864446411132812500e+02 1.236587768554687500e+03 8.246732950210571289e-01
6.028329467773437500e+02 1.514177124023437500e+03 8.299800157546997070e-01
7.759625854492187500e+02 1.304762939453125000e+03 8.408338427543640137e-01
6.501276855468750000e+02 1.189564208984375000e+03 5.627694129943847656e-01
0.000000000000000000e+00 0.000000000000000000e+00 0.000000000000000000e+00
0.000000000000000000e+00 0.000000000000000000e+00 0.000000000000000000e+00
3.723967895507812500e+02 1.571814331054687500e+03 4.947949647903442383e-01
3.619691772460937500e+02 1.587562133789062500e+03 6.077548861503601074e-01
6.921000366210937500e+02 1.587555175781250000e+03 7.273775339126586914e-01
5.399271850585937500e+02 1.912365234375000000e+03 5.017762780189514160e-01
3.776458740234375000e+02 1.556175781250000000e+03 3.369646370410919189e-01
7.180203247070312500e+02 1.566661499023437500e+03 2.196513265371322632e-01
5.297011108398437500e+02 1.823389526367187500e+03 2.946778237819671631e-01
8.910255737304687500e+02 1.110767822265625000e+03 9.363751411437988281e-01
0.000000000000000000e+00 0.000000000000000000e+00 0.000000000000000000e+00
8.018578491210937500e+02 1.116230468750000000e+03 8.699688911437988281e-01
0.000000000000000000e+00 0.000000000000000000e+00 0.000000000000000000e+00
6.710018310546875000e+02 1.844305297851562500e+03 8.300702273845672607e-02
0.000000000000000000e+00 0.000000000000000000e+00 0.000000000000000000e+00
4.826774597167968750e+02 1.823435424804687500e+03 2.678328752517700195e-01
6.446692504882812500e+02 1.865567749023437500e+03 1.049493551254272461e-01
5.504680786132812500e+02 1.912471801757812500e+03 1.705582439899444580e-01
5.189851684570312500e+02 1.912390991210937500e+03 3.486123383045196533e-01
