2.311936340332031250e+02 5.504867553710937500e+02 8.484845161437988281e-01
4.090312805175781250e+02 6.917274780273437500e+02 6.602312922477722168e-01
3.881965942382812500e+02 7.023184814453125000e+02 5.269932746887207031e-01
0.000000000000000000e+00 0.000000000000000000e+00 0.000000000000000000e+00
0.000000000000000000e+00 0.000000000000000000e+00 0.000000000000000000e+00
4.403388671875000000e+02 6.813641357421875000e+02 8.009026050567626953e-01
6.132543334960937500e+02 7.706615600585937500e+02 8.723995685577392578e-01
4.665629272460937500e+02 5.188542480468750000e+02 7.701323628425598145e-01
7.024504394531250000e+02 1.048040283203125000e+03 5.300177931785583496e-01
6.605477905273437500e+02 1.058578369140625000e+03 3.961835503578186035e-01
4.247042541503906250e+02 1.299492797851562500e+03 3.059138953685760498e-01
5.189476928710937500e+02 1.639865600585937500e+03 1.412504613399505615e-01
7.390158691406250000e+02 1.037709960937500000e+03 5.997117757797241211e-01
4.353124084472656250e+02 1.336141723632812500e+03 8.112807869911193848e-01
5.557075805664062500e+02 1.786616943359375000e+03 7.614805102348327637e-01
0.000000000000000000e+00 0.000000000000000000e+00 0.000000000000000000e+00
2.678285217285156250e+02 5.192732543945312500e+02 9.353264570236206055e-01
0.000000000000000000e+00 0.000000000000000000e+00 0.000000000000000000e+00
3.566814270019531250e+02 5.453267822265625000e+02 8.419805169105529785e-01
3.986862487792968750e+02 1.854695678710937500e+03 6.553018093109130859e-01
4.458014526367187500e+02 1.860033691406250000e+03 6.239372491836547852e-01
5.923782958984375000e+02 1.823159301757812500e+03 6.898521780967712402e-01
3.987388000488281250e+02 1.660844848632812500e+03 3.728246986865997314e-01
4.090503845214843750e+02 1.655464233398437500e+03 3.391311168670654297e-01
0.000000000000000000e+00 0.000000000000000000e+00 0.000000000000000000e+00
