8.700517578125000000e+02 3.200688476562500000e+02 8.163180351257324219e-01
6.028599243164062500e+02 4.406539001464843750e+02 5.697769522666931152e-01
5.662817382812500000e+02 4.457540893554687500e+02 5.667002201080322266e-01
3.150238952636718750e+02 6.030086059570312500e+02 8.050442337989807129e-01
5.295775146484375000e+02 3.511997985839843750e+02 8.057870864868164062e-01
6.552008056640625000e+02 4.457597961425781250e+02 4.260688722133636475e-01
0.000000000000000000e+00 0.000000000000000000e+00 0.000000000000000000e+00
0.000000000000000000e+00 0.000000000000000000e+00 0.000000000000000000e+00
3.828737182617187500e+02 8.908532714843750000e+02 5.285377502441406250e-01
3.147368469238281250e+02 9.015308837890625000e+02 5.582695007324218750e-01
6.813819580078125000e+02 1.105685180664062500e+03 8.147274851799011230e-01
4.404214477539062500e+02 1.550846557617187500e+03 7.116355299949645996e-01
4.613902893066406250e+02 8.647473754882812500e+02 4.274203181266784668e-01
7.548302001953125000e+02 1.000939392089843750e+03 7.533364892005920410e-01
6.028119506835937500e+02 1.241812744140625000e+03 8.760444074869155884e-02
8.595924072265625000e+02 2.727330627441406250e+02 9.135069847106933594e-01
0.000000000000000000e+00 0.000000000000000000e+00 0.000000000000000000e+00
7.599304199218750000e+02 2.467350616455078125e+02 8.214551210403442383e-01
0.000000000000000000e+00 0.000000000000000000e+00 0.000000000000000000e+00
6.498581542968750000e+02 1.330985351562500000e+03 1.530347317457199097e-01
6.448500366210937500e+02 1.325800170898437500e+03 1.440985500812530518e-01
0.000000000000000000e+00 0.000000000000000000e+00 0.000000000000000000e+00
5.451963500976562500e+02 1.687014892578125000e+03 6.325551867485046387e-01
5.033782653808593750e+02 1.681891479492187500e+03 5.407164096832275391e-01
3.933129882812500000e+02 1.571688598632812500e+03 6.524627208709716797e-01
