8.071836547851562500e+02 8.228370361328125000e+02 9.027897715568542480e-01
6.343107299804687500e+02 9.643012084960937500e+02 7.165940403938293457e-01
6.079223632812500000e+02 9.695292358398437500e+02 7.886360287666320801e-01
4.928473510742187500e+02 1.241784301757812500e+03 8.347587585449218750e-01
6.028463134765625000e+02 1.037530151367187500e+03 6.583513617515563965e-01
6.604916381835937500e+02 9.537698974609375000e+02 6.531221270561218262e-01
6.448811035156250000e+02 1.142386230468750000e+03 5.401348322629928589e-02
0.000000000000000000e+00 0.000000000000000000e+00 0.000000000000000000e+00
4.037714843750000000e+02 1.273352050781250000e+03 5.689542889595031738e-01
3.723348693847656250e+02 1.309812866210937500e+03 6.443734765052795410e-01
7.287038574218750000e+02 1.404316894531250000e+03 8.959535360336303711e-01
5.086053771972656250e+02 1.650558593750000000e+03 8.402904272079467773e-01
4.352746887207031250e+02 1.231468139648437500e+03 4.352599382400512695e-01
6.919258422851562500e+02 1.236403686523437500e+03 8.856009244918823242e-01
5.191838378906250000e+02 1.482580444335937500e+03 8.317017555236816406e-01
7.759994506835937500e+02 8.070886840820312500e+02 8.997454643249511719e-01
0.000000000000000000e+00 0.000000000000000000e+00 0.000000000000000000e+00
6.972893676757812500e+02 8.174821777343750000e+02 7.428209781646728516e-01
0.000000000000000000e+00 0.000000000000000000e+00 0.000000000000000000e+00
5.663468017578125000e+02 1.498607543945312500e+03 2.066197991371154785e-01
5.661146850585937500e+02 1.482954223632812500e+03 2.089507877826690674e-01
4.824064636230468750e+02 1.493274414062500000e+03 8.184236288070678711e-01
6.343447265625000000e+02 1.718513916015625000e+03 6.951057314872741699e-01
5.974872436523437500e+02 1.729042114257812500e+03 7.123020291328430176e-01
4.719120483398437500e+02 1.655826782226562500e+03 8.250340819358825684e-01
