1.629041900634765625e+02 9.797864379882812500e+02 8.651926517486572266e-01
3.932010498046875000e+02 1.006199707031250000e+03 7.106875181198120117e-01
4.038110656738281250e+02 9.798037109375000000e+02 6.323722004890441895e-01
0.000000000000000000e+00 0.000000000000000000e+00 0.000000000000000000e+00
0.000000000000000000e+00 0.000000000000000000e+00 0.000000000000000000e+00
3.775907287597656250e+02 1.032301879882812500e+03 7.520781159400939941e-01
5.294783325195312500e+02 1.194819213867187500e+03 9.081176519393920898e-01
3.096544494628906250e+02 1.131960815429687500e+03 8.649170994758605957e-01
6.762153320312500000e+02 1.315008911132812500e+03 4.716071784496307373e-01
6.762090454101562500e+02 1.289097045898437500e+03 3.048141896724700928e-01
4.350897827148437500e+02 1.294319580078125000e+03 2.277310937643051147e-01
0.000000000000000000e+00 0.000000000000000000e+00 0.000000000000000000e+00
6.812534179687500000e+02 1.325716186523437500e+03 6.546112895011901855e-01
3.567846374511718750e+02 1.393763671875000000e+03 8.315083980560302734e-01
5.715031738281250000e+02 1.592845825195312500e+03 7.694753408432006836e-01
0.000000000000000000e+00 0.000000000000000000e+00 0.000000000000000000e+00
1.837713317871093750e+02 9.433903198242187500e+02 9.238822460174560547e-01
0.000000000000000000e+00 0.000000000000000000e+00 0.000000000000000000e+00
2.624226989746093750e+02 9.642347412109375000e+02 8.189208507537841797e-01
4.718891296386718750e+02 1.708050415039062500e+03 7.127884626388549805e-01
5.189488525390625000e+02 1.702932128906250000e+03 6.576066017150878906e-01
6.135013427734375000e+02 1.603122558593750000e+03 7.541687488555908203e-01
0.000000000000000000e+00 0.000000000000000000e+00 0.000000000000000000e+00
0.000000000000000000e+00 0.000000000000000000e+00 0.000000000000000000e+00
0.000000000000000000e+00 0.000000000000000000e+00 0.000000000000000000e+00
