1.105713119506835938e+02 6.866246337890625000e+02 9.206218719482421875e-01
3.146008605957031250e+02 7.757595825195312500e+02 6.789276599884033203e-01
2.990565795898437500e+02 7.706230468750000000e+02 4.709312915802001953e-01
0.000000000000000000e+00 0.000000000000000000e+00 0.000000000000000000e+00
0.000000000000000000e+00 0.000000000000000000e+00 0.000000000000000000e+00
3.253711853027343750e+02 7.809122314453125000e+02 7.701661586761474609e-01
4.772467346191406250e+02 9.797973022460937500e+02 9.201529622077941895e-01
2.678257141113281250e+02 8.594326782226562500e+02 9.197437167167663574e-01
5.976752319335937500e+02 1.105613281250000000e+03 6.223781108856201172e-01
5.663032226562500000e+02 1.079598999023437500e+03 4.384283125400543213e-01
3.252424621582031250e+02 1.126714477539062500e+03 7.912605404853820801e-01
5.033444519042968750e+02 1.383251953125000000e+03 7.398134469985961914e-01
6.134893188476562500e+02 1.116282226562500000e+03 6.665076613426208496e-01
3.253669433593750000e+02 1.320674438476562500e+03 8.541033267974853516e-01
5.295816040039062500e+02 1.561375000000000000e+03 8.050899505615234375e-01
0.000000000000000000e+00 0.000000000000000000e+00 0.000000000000000000e+00
1.419891815185546875e+02 6.603937377929687500e+02 8.944297432899475098e-01
0.000000000000000000e+00 0.000000000000000000e+00 0.000000000000000000e+00
2.255494689941406250e+02 6.918529663085937500e+02 9.218747615814208984e-01
4.351904296875000000e+02 1.676568847656250000e+03 7.816352844238281250e-01
4.770858154296875000e+02 1.671442993164062500e+03 6.966685652732849121e-01
5.713936767578125000e+02 1.566728759765625000e+03 8.121615052223205566e-01
5.136618652343750000e+02 1.404401855468750000e+03 1.952886730432510376e-01
5.243026733398437500e+02 1.404199584960937500e+03 2.121459543704986572e-01
5.245311889648437500e+02 1.399023437500000000e+03 8.611863851547241211e-01
