2.286094970703125000e+02 1.554762115478515625e+02 9.009091854095458984e-01
1.868219604492187500e+02 1.886187438964843750e+02 7.789732217788696289e-01
1.850383300781250000e+02 1.937742919921875000e+02 7.977272272109985352e-01
1.607105407714843750e+02 2.564046936035156250e+02 9.230604171752929688e-01
1.746685180664062500e+02 2.128949432373046875e+02 7.278869748115539551e-01
1.902810211181640625e+02 1.868243560791015625e+02 6.237901449203491211e-01
0.000000000000000000e+00 0.000000000000000000e+00 0.000000000000000000e+00
0.000000000000000000e+00 0.000000000000000000e+00 0.000000000000000000e+00
1.485031585693359375e+02 2.912776489257812500e+02 7.229843735694885254e-01
1.450265350341796875e+02 2.982717285156250000e+02 8.051443099975585938e-01
2.147084045410156250e+02 3.521871337890625000e+02 8.782238960266113281e-01
1.589957885742187500e+02 4.079455871582031250e+02 8.704389333724975586e-01
1.572261505126953125e+02 2.859966125488281250e+02 6.229484081268310547e-01
2.059329223632812500e+02 3.138867492675781250e+02 8.847573399543762207e-01
1.607187500000000000e+02 3.730963745117187500e+02 8.524525165557861328e-01
2.198771514892578125e+02 1.467626953125000000e+02 8.941390514373779297e-01
2.302584533691406250e+02 1.467074127197265625e+02 5.757425427436828613e-01
2.007041931152343750e+02 1.484784088134765625e+02 8.469753265380859375e-01
0.000000000000000000e+00 0.000000000000000000e+00 0.000000000000000000e+00
0.000000000000000000e+00 0.000000000000000000e+00 0.000000000000000000e+00
0.000000000000000000e+00 0.000000000000000000e+00 0.000000000000000000e+00
1.502171020507812500e+02 3.800141601562500000e+02 9.048128128051757812e-01
1.920251770019531250e+02 4.235003967285156250e+02 8.400174379348754883e-01
1.850476837158203125e+02 4.236538696289062500e+02 8.559029698371887207e-01
1.467792968750000000e+02 4.097287597656250000e+02 9.256310462951660156e-01
