7.337381591796875000e+02 8.909084472656250000e+02 9.214966297149658203e-01
5.713514404296875000e+02 9.748283081054687500e+02 8.350147604942321777e-01
5.713962402343750000e+02 1.011291809082031250e+03 7.848187685012817383e-01
4.719234008789062500e+02 1.152853393554687500e+03 8.298249244689941406e-01
5.713252563476562500e+02 1.147393432617187500e+03 8.695169091224670410e-01
5.662782592773437500e+02 9.378805541992187500e+02 7.067401409149169922e-01
4.822877502441406250e+02 9.694727783203125000e+02 7.266586273908615112e-02
0.000000000000000000e+00 0.000000000000000000e+00 0.000000000000000000e+00
3.986018066406250000e+02 1.267970092773437500e+03 7.256116271018981934e-01
3.671369628906250000e+02 1.278729980468750000e+03 7.606136202812194824e-01
6.082650146484375000e+02 1.404132568359375000e+03 9.107477664947509766e-01
4.980666198730468750e+02 1.613844238281250000e+03 8.255344629287719727e-01
4.352462463378906250e+02 1.236746948242187500e+03 6.061348319053649902e-01
6.028442993164062500e+02 1.315365600585937500e+03 8.969852924346923828e-01
4.980953674316406250e+02 1.524765869140625000e+03 8.276137113571166992e-01
7.231129760742187500e+02 8.647108154296875000e+02 8.846198320388793945e-01
0.000000000000000000e+00 0.000000000000000000e+00 0.000000000000000000e+00
6.449494628906250000e+02 8.961220092773437500e+02 9.897935390472412109e-01
0.000000000000000000e+00 0.000000000000000000e+00 0.000000000000000000e+00
6.080792236328125000e+02 1.540479614257812500e+03 8.317750692367553711e-01
6.027890014648437500e+02 1.530226318359375000e+03 8.251616954803466797e-01
4.718893737792968750e+02 1.535222900390625000e+03 9.245435595512390137e-01
6.081364746093750000e+02 1.655525634765625000e+03 7.673844099044799805e-01
5.819305419921875000e+02 1.661073974609375000e+03 7.369762659072875977e-01
4.768284606933593750e+02 1.624216430664062500e+03 8.416752815246582031e-01
