2.572455749511718750e+02 7.757478637695312500e+02 9.026333093643188477e-01
4.142279052734375000e+02 9.013369140625000000e+02 6.495918035507202148e-01
4.038142089843750000e+02 8.959876708984375000e+02 5.351997017860412598e-01
0.000000000000000000e+00 0.000000000000000000e+00 0.000000000000000000e+00
0.000000000000000000e+00 0.000000000000000000e+00 0.000000000000000000e+00
4.247214660644531250e+02 9.066445922851562500e+02 8.093250989913940430e-01
4.406463317871093750e+02 1.152664794921875000e+03 9.490091204643249512e-01
3.514903869628906250e+02 9.435109252929687500e+02 9.153581261634826660e-01
5.715671997070312500e+02 1.231287475585937500e+03 6.311032176017761230e-01
5.504971923828125000e+02 1.200007934570312500e+03 4.764743149280548096e-01
3.513263244628906250e+02 1.315438964843750000e+03 9.178858995437622070e-01
4.822947692871093750e+02 1.540384399414062500e+03 8.085064888000488281e-01
5.975889282226562500e+02 1.252317504882812500e+03 6.357617378234863281e-01
3.305040283203125000e+02 1.482961914062500000e+03 8.728078603744506836e-01
4.981559143066406250e+02 1.692476440429687500e+03 8.296080231666564941e-01
0.000000000000000000e+00 0.000000000000000000e+00 0.000000000000000000e+00
2.730237731933593750e+02 7.650223388671875000e+02 8.977129459381103516e-01
0.000000000000000000e+00 0.000000000000000000e+00 0.000000000000000000e+00
3.566313476562500000e+02 7.757273559570312500e+02 9.662390947341918945e-01
3.880614929199218750e+02 1.755262573242187500e+03 7.583795785903930664e-01
4.247147521972656250e+02 1.770711791992187500e+03 7.526187896728515625e-01
5.294781494140625000e+02 1.697685302734375000e+03 9.131920337677001953e-01
4.457351074218750000e+02 1.603250854492187500e+03 9.513477236032485962e-02
4.406577758789062500e+02 1.608134765625000000e+03 7.816500961780548096e-02
5.188721923828125000e+02 1.566591430664062500e+03 8.755929470062255859e-01
