8.804508666992187500e+02 3.042758789062500000e+02 7.824015617370605469e-01
6.080033569335937500e+02 4.299963073730468750e+02 5.594457387924194336e-01
5.661625976562500000e+02 4.247815246582031250e+02 5.834778547286987305e-01
3.148409118652343750e+02 5.975218505859375000e+02 7.791764736175537109e-01
5.244069213867187500e+02 3.356878967285156250e+02 7.791265249252319336e-01
6.656838989257812500e+02 4.353577575683593750e+02 4.270856380462646484e-01
0.000000000000000000e+00 0.000000000000000000e+00 0.000000000000000000e+00
0.000000000000000000e+00 0.000000000000000000e+00 0.000000000000000000e+00
3.828829040527343750e+02 8.803944702148437500e+02 5.174236893653869629e-01
3.146646423339843750e+02 8.963051147460937500e+02 5.501349568367004395e-01
6.761017456054687500e+02 1.105425537109375000e+03 7.838507294654846191e-01
4.402823181152343750e+02 1.540497924804687500e+03 7.085230350494384766e-01
4.665878601074218750e+02 8.594450683593750000e+02 4.368499517440795898e-01
7.599559326171875000e+02 9.957671508789062500e+02 7.584441900253295898e-01
6.027808837890625000e+02 1.252396484375000000e+03 1.163655146956443787e-01
8.595231933593750000e+02 2.519792022705078125e+02 8.521498441696166992e-01
0.000000000000000000e+00 0.000000000000000000e+00 0.000000000000000000e+00
7.494570922851562500e+02 2.309083557128906250e+02 8.502276539802551270e-01
0.000000000000000000e+00 0.000000000000000000e+00 0.000000000000000000e+00
6.499161987304687500e+02 1.346533203125000000e+03 2.625572383403778076e-01
6.449083862304687500e+02 1.330984130859375000e+03 2.579106390476226807e-01
6.083102416992187500e+02 1.315225952148437500e+03 6.135293468832969666e-02
5.453060913085937500e+02 1.681773925781250000e+03 6.016354560852050781e-01
5.032908630371093750e+02 1.676627319335937500e+03 5.066648721694946289e-01
3.931718139648437500e+02 1.566614990234375000e+03 6.888995170593261719e-01
