8.017807617187500000e+02 7.652866821289062500e+02 8.811044096946716309e-01
6.290510253906250000e+02 9.013218383789062500e+02 7.702949643135070801e-01
6.026231689453125000e+02 9.015232543945312500e+02 7.939332127571105957e-01
4.876041259765625000e+02 1.194505249023437500e+03 9.033200740814208984e-01
5.975784912109375000e+02 9.853080444335937500e+02 7.909789085388183594e-01
6.604114990234375000e+02 8.962558593750000000e+02 7.486903667449951172e-01
6.499658813476562500e+02 1.084702880859375000e+03 9.730702638626098633e-02
0.000000000000000000e+00 0.000000000000000000e+00 0.000000000000000000e+00
4.090339660644531250e+02 1.236446777343750000e+03 5.940605998039245605e-01
3.724120178222656250e+02 1.267880126953125000e+03 6.442058086395263672e-01
7.286225585937500000e+02 1.404221069335937500e+03 8.970128893852233887e-01
5.187815551757812500e+02 1.655498779296875000e+03 8.420785069465637207e-01
4.457842102050781250e+02 1.200039550781250000e+03 4.308476150035858154e-01
6.868526611328125000e+02 1.236493408203125000e+03 8.797519207000732422e-01
5.189630126953125000e+02 1.482758300781250000e+03 8.517339825630187988e-01
7.755223999023437500e+02 7.337835693359375000e+02 9.615864157676696777e-01
0.000000000000000000e+00 0.000000000000000000e+00 0.000000000000000000e+00
6.919805297851562500e+02 7.546527709960937500e+02 7.217811942100524902e-01
0.000000000000000000e+00 0.000000000000000000e+00 0.000000000000000000e+00
5.767688598632812500e+02 1.493262451171875000e+03 3.212419748306274414e-01
5.714031982421875000e+02 1.482725708007812500e+03 3.278054594993591309e-01
4.822171630859375000e+02 1.498444824218750000e+03 9.060541391372680664e-01
6.342612915039062500e+02 1.723682495117187500e+03 7.182424068450927734e-01
5.924127807617187500e+02 1.733985351562500000e+03 7.390350699424743652e-01
4.769677429199218750e+02 1.660982177734375000e+03 8.188873529434204102e-01
