1.473475799560546875e+02 6.709858398437500000e+02 8.694126605987548828e-01
3.460351562500000000e+02 7.652133789062500000e+02 6.505448818206787109e-01
3.252289733886718750e+02 7.495278930664062500e+02 4.748544991016387939e-01
0.000000000000000000e+00 0.000000000000000000e+00 0.000000000000000000e+00
0.000000000000000000e+00 0.000000000000000000e+00 0.000000000000000000e+00
3.565792846679687500e+02 7.703240966796875000e+02 8.409990668296813965e-01
5.347046508789062500e+02 9.434024047851562500e+02 8.785294890403747559e-01
3.146294860839843750e+02 8.540134277343750000e+02 9.164404273033142090e-01
6.027045288085937500e+02 1.105476440429687500e+03 6.219388246536254883e-01
5.557761840820312500e+02 1.079521118164062500e+03 4.663595557212829590e-01
3.515824279785156250e+02 1.147546386718750000e+03 8.564426898956298828e-01
5.085250854492187500e+02 1.404369140625000000e+03 7.858991622924804688e-01
6.394415283203125000e+02 1.111108154296875000e+03 6.684014201164245605e-01
3.566474304199218750e+02 1.351763793945312500e+03 8.772289156913757324e-01
5.347794799804687500e+02 1.603154541015625000e+03 7.759132981300354004e-01
0.000000000000000000e+00 0.000000000000000000e+00 0.000000000000000000e+00
1.835488433837890625e+02 6.448957519531250000e+02 9.068548679351806641e-01
0.000000000000000000e+00 0.000000000000000000e+00 0.000000000000000000e+00
2.622512207031250000e+02 6.813815917968750000e+02 8.742156028747558594e-01
4.352947082519531250e+02 1.713245239257812500e+03 7.697134613990783691e-01
4.772749938964843750e+02 1.713238037109375000e+03 6.786873936653137207e-01
5.766107177734375000e+02 1.608557617187500000e+03 7.937866449356079102e-01
5.243910522460937500e+02 1.446246337890625000e+03 1.328332722187042236e-01
5.348159790039062500e+02 1.441112548828125000e+03 1.415904462337493896e-01
5.295454101562500000e+02 1.425269653320312500e+03 7.879577875137329102e-01
