8.649024658203125000e+02 3.252419738769531250e+02 8.213958740234375000e-01
6.030197753906250000e+02 4.717796936035156250e+02 5.987330675125122070e-01
5.607882080078125000e+02 4.667488708496093750e+02 5.465006828308105469e-01
3.200028991699218750e+02 6.446883544921875000e+02 7.921680212020874023e-01
5.191812133789062500e+02 3.828463745117187500e+02 8.142403364181518555e-01
6.709876098632812500e+02 4.718721618652343750e+02 4.686878323554992676e-01
0.000000000000000000e+00 0.000000000000000000e+00 0.000000000000000000e+00
0.000000000000000000e+00 0.000000000000000000e+00 0.000000000000000000e+00
3.881259460449218750e+02 9.065942993164062500e+02 5.228489041328430176e-01
3.149441223144531250e+02 9.378919067382812500e+02 5.436601042747497559e-01
6.971542358398437500e+02 1.110867187500000000e+03 8.254475593566894531e-01
4.404474792480468750e+02 1.545730590820312500e+03 7.352868914604187012e-01
4.666462402343750000e+02 8.908367309570312500e+02 4.034315645694732666e-01
7.703458251953125000e+02 1.006144226074218750e+03 7.732242941856384277e-01
6.083098754882812500e+02 1.194828002929687500e+03 5.496878176927566528e-02
8.592687988281250000e+02 2.780142517089843750e+02 9.006845355033874512e-01
0.000000000000000000e+00 0.000000000000000000e+00 0.000000000000000000e+00
7.392182006835937500e+02 2.674660644531250000e+02 8.664613962173461914e-01
0.000000000000000000e+00 0.000000000000000000e+00 0.000000000000000000e+00
0.000000000000000000e+00 0.000000000000000000e+00 0.000000000000000000e+00
0.000000000000000000e+00 0.000000000000000000e+00 0.000000000000000000e+00
0.000000000000000000e+00 0.000000000000000000e+00 0.000000000000000000e+00
5.504702758789062500e+02 1.681856079101562500e+03 6.190645098686218262e-01
5.085069274902343750e+02 1.676655273437500000e+03 5.042049288749694824e-01
3.934978027343750000e+02 1.566531005859375000e+03 6.877979040145874023e-01
