4.038317260742187500e+02 8.909406127929687500e+02 8.877875208854675293e-01
5.924498291015625000e+02 9.432619628906250000e+02 7.543016672134399414e-01
5.347737426757812500e+02 9.431471557617187500e+02 5.708861947059631348e-01
5.556871948242187500e+02 1.069029785156250000e+03 1.488313078880310059e-01
4.718331604003906250e+02 1.027257446289062500e+03 1.191415339708328247e-01
6.395859375000000000e+02 9.434620971679687500e+02 7.122950553894042969e-01
7.702525634765625000e+02 1.163245971679687500e+03 8.272637724876403809e-01
6.342031860351562500e+02 1.063702026367187500e+03 7.873620986938476562e-01
7.285307006835937500e+02 1.267965087890625000e+03 5.313400030136108398e-01
6.501496582031250000e+02 1.199977783203125000e+03 3.964704275131225586e-01
3.934003295898437500e+02 1.158177001953125000e+03 4.330146312713623047e-01
6.030012207031250000e+02 1.608313598632812500e+03 2.966400384902954102e-01
7.705474243164062500e+02 1.299539306640625000e+03 5.986551642417907715e-01
3.988245849609375000e+02 1.315258056640625000e+03 8.267433643341064453e-01
6.446194458007812500e+02 1.618934814453125000e+03 7.240492105484008789e-01
3.935809631347656250e+02 8.545072631835937500e+02 8.748185634613037109e-02
4.194570007324218750e+02 8.593609619140625000e+02 8.867006301879882812e-01
0.000000000000000000e+00 0.000000000000000000e+00 0.000000000000000000e+00
4.928263854980468750e+02 8.384861450195312500e+02 8.245180845260620117e-01
5.608912353515625000e+02 1.718498779296875000e+03 6.625332832336425781e-01
6.026634521484375000e+02 1.723669189453125000e+03 6.741849780082702637e-01
6.917232055664062500e+02 1.629517700195312500e+03 6.554917693138122559e-01
5.818187255859375000e+02 1.718516479492187500e+03 5.085447430610656738e-02
0.000000000000000000e+00 0.000000000000000000e+00 0.000000000000000000e+00
6.551838989257812500e+02 1.603269653320312500e+03 9.418845176696777344e-02
