8.540430297851562500e+02 5.557674560546875000e+02 9.151062369346618652e-01
6.500167846679687500e+02 6.867852172851562500e+02 6.790362596511840820e-01
6.290003051757812500e+02 6.918742065429687500e+02 7.237917780876159668e-01
4.771045532226562500e+02 9.432964477539062500e+02 8.976196050643920898e-01
6.395811157226562500e+02 7.494343261718750000e+02 7.958163022994995117e-01
6.866266479492187500e+02 6.865646972656250000e+02 5.741643905639648438e-01
0.000000000000000000e+00 0.000000000000000000e+00 0.000000000000000000e+00
0.000000000000000000e+00 0.000000000000000000e+00 0.000000000000000000e+00
3.461908874511718750e+02 9.800335083007812500e+02 6.145714521408081055e-01
3.042196655273437500e+02 9.853917846679687500e+02 6.418774724006652832e-01
5.974385375976562500e+02 1.252349365234375000e+03 7.675788998603820801e-01
4.876091003417968750e+02 1.582333496093750000e+03 7.979882955551147461e-01
3.934027709960937500e+02 9.746488037109375000e+02 5.165101885795593262e-01
5.922992553710937500e+02 1.121340942382812500e+03 8.006517291069030762e-01
5.086054992675781250e+02 1.399187133789062500e+03 7.809249758720397949e-01
8.228663940429687500e+02 5.241694335937500000e+02 9.222658276557922363e-01
0.000000000000000000e+00 0.000000000000000000e+00 0.000000000000000000e+00
7.391756591796875000e+02 5.399752807617187500e+02 6.841242909431457520e-01
0.000000000000000000e+00 0.000000000000000000e+00 0.000000000000000000e+00
6.081632690429687500e+02 1.430454833984375000e+03 6.121948361396789551e-01
6.081015625000000000e+02 1.425118774414062500e+03 6.042258739471435547e-01
4.614437561035156250e+02 1.430407958984375000e+03 6.309382319450378418e-01
6.341732177734375000e+02 1.655492919921875000e+03 7.911146879196166992e-01
5.819531860351562500e+02 1.660994750976562500e+03 7.269513607025146484e-01
4.510591735839843750e+02 1.608505737304687500e+03 7.580251097679138184e-01
