9.066474609375000000e+02 1.142457397460937500e+03 8.666534423828125000e-01
6.762246704101562500e+02 1.226058471679687500e+03 6.642613410949707031e-01
6.864038085937500000e+02 1.236596313476562500e+03 8.230915069580078125e-01
6.029295043945312500e+02 1.503698120117187500e+03 8.177458047866821289e-01
7.759444580078125000e+02 1.294296020507812500e+03 8.228258490562438965e-01
6.553503417968750000e+02 1.194586669921875000e+03 5.362473130226135254e-01
0.000000000000000000e+00 0.000000000000000000e+00 0.000000000000000000e+00
0.000000000000000000e+00 0.000000000000000000e+00 0.000000000000000000e+00
3.881504211425781250e+02 1.571879638671875000e+03 4.758116602897644043e-01
3.723350830078125000e+02 1.592782348632812500e+03 5.920226573944091797e-01
7.075336914062500000e+02 1.582347045898437500e+03 7.223168611526489258e-01
5.296409301757812500e+02 1.912355712890625000e+03 5.802727341651916504e-01
3.985833129882812500e+02 1.561327392578125000e+03 3.157132863998413086e-01
7.283956298828125000e+02 1.571881103515625000e+03 1.892115026712417603e-01
5.556654052734375000e+02 1.833738281250000000e+03 1.644063442945480347e-01
8.958647460937500000e+02 1.105885375976562500e+03 9.422947168350219727e-01
0.000000000000000000e+00 0.000000000000000000e+00 0.000000000000000000e+00
8.018112792968750000e+02 1.116213745117187500e+03 8.620839118957519531e-01
0.000000000000000000e+00 0.000000000000000000e+00 0.000000000000000000e+00
6.813362426757812500e+02 1.865028320312500000e+03 5.466980487108230591e-02
0.000000000000000000e+00 0.000000000000000000e+00 0.000000000000000000e+00
4.824473571777343750e+02 1.823211791992187500e+03 1.549059301614761353e-01
5.296359863281250000e+02 1.912498291015625000e+03 1.122424751520156860e-01
0.000000000000000000e+00 0.000000000000000000e+00 0.000000000000000000e+00
5.188770751953125000e+02 1.912388916015625000e+03 4.059557318687438965e-01
