1.106944351196289062e+02 8.177494506835937500e+02 8.969188928604125977e-01
3.146533508300781250e+02 9.065578613281250000e+02 6.346815824508666992e-01
3.041782531738281250e+02 9.014051513671875000e+02 4.519737958908081055e-01
0.000000000000000000e+00 0.000000000000000000e+00 0.000000000000000000e+00
0.000000000000000000e+00 0.000000000000000000e+00 0.000000000000000000e+00
3.304017028808593750e+02 9.118870849609375000e+02 7.578376531600952148e-01
4.666841735839843750e+02 1.100514038085937500e+03 8.725823760032653809e-01
2.466085968017578125e+02 9.904464111328125000e+02 8.264704942703247070e-01
6.133846435546875000e+02 1.194902343750000000e+03 4.880872964859008789e-01
6.080599975585937500e+02 1.189563354492187500e+03 3.202263712882995605e-01
3.618506469726562500e+02 1.273331909179687500e+03 3.079856038093566895e-01
4.929675292968750000e+02 1.398812011718750000e+03 6.899580359458923340e-01
6.342372436523437500e+02 1.220813110351562500e+03 6.262286305427551270e-01
3.253420104980468750e+02 1.336174804687500000e+03 7.861244678497314453e-01
5.295940551757812500e+02 1.561463378906250000e+03 8.009197711944580078e-01
0.000000000000000000e+00 0.000000000000000000e+00 0.000000000000000000e+00
1.419579925537109375e+02 8.070126342773437500e+02 9.049141407012939453e-01
0.000000000000000000e+00 0.000000000000000000e+00 0.000000000000000000e+00
2.255411987304687500e+02 8.332858276367187500e+02 8.664439916610717773e-01
4.351224670410156250e+02 1.676667846679687500e+03 7.774807810783386230e-01
4.770481262207031250e+02 1.676612182617187500e+03 6.936023831367492676e-01
5.714935913085937500e+02 1.566688842773437500e+03 8.053528070449829102e-01
0.000000000000000000e+00 0.000000000000000000e+00 0.000000000000000000e+00
0.000000000000000000e+00 0.000000000000000000e+00 0.000000000000000000e+00
5.243676147460937500e+02 1.398974853515625000e+03 6.557782888412475586e-01
