7.914987792968750000e+02 6.918544311523437500e+02 8.990573883056640625e-01
6.238035888671875000e+02 7.756319580078125000e+02 7.071287035942077637e-01
6.237356567382812500e+02 7.913460083007812500e+02 7.979074716567993164e-01
5.189841308593750000e+02 9.797986450195312500e+02 9.331290721893310547e-01
6.500528564453125000e+02 8.489920654296875000e+02 8.515126705169677734e-01
6.291071166992187500e+02 7.600277099609375000e+02 5.890472531318664551e-01
0.000000000000000000e+00 0.000000000000000000e+00 0.000000000000000000e+00
0.000000000000000000e+00 0.000000000000000000e+00 0.000000000000000000e+00
3.513365173339843750e+02 9.905960693359375000e+02 6.315973401069641113e-01
3.253571777343750000e+02 1.016610290527343750e+03 7.043033242225646973e-01
6.030259399414062500e+02 1.199929931640625000e+03 9.158830642700195312e-01
4.717864074707031250e+02 1.482576660156250000e+03 8.265989422798156738e-01
3.723634033203125000e+02 9.800072631835937500e+02 4.718138575553894043e-01
5.923971557617187500e+02 1.110720703125000000e+03 8.734159469604492188e-01
4.665650329589843750e+02 1.362227905273437500e+03 7.865844964981079102e-01
7.759716186523437500e+02 6.760957641601562500e+02 8.908328413963317871e-01
0.000000000000000000e+00 0.000000000000000000e+00 0.000000000000000000e+00
7.232031860351562500e+02 6.814812011718750000e+02 9.114567637443542480e-01
0.000000000000000000e+00 0.000000000000000000e+00 0.000000000000000000e+00
5.663185424804687500e+02 1.393761230468750000e+03 7.042898535728454590e-01
5.661289062500000000e+02 1.383313842773437500e+03 6.833331584930419922e-01
4.300246276855468750e+02 1.383311645507812500e+03 8.464030623435974121e-01
5.872317504882812500e+02 1.519465332031250000e+03 7.784113883972167969e-01
5.609439697265625000e+02 1.524925170898437500e+03 8.774713277816772461e-01
4.352549743652343750e+02 1.493295410156250000e+03 8.320363759994506836e-01
