7.914544067382812500e+02 1.016731872558593750e+03 8.855121135711669922e-01
6.132675781250000000e+02 9.853021850585937500e+02 7.965804338455200195e-01
6.133320312500000000e+02 1.026982177734375000e+03 8.545120358467102051e-01
4.773302917480468750e+02 1.205213378906250000e+03 8.737776279449462891e-01
6.185295410156250000e+02 1.110931762695312500e+03 7.998508214950561523e-01
6.134565429687500000e+02 9.485204467773437500e+02 7.155438661575317383e-01
5.504559936523437500e+02 1.079501586914062500e+03 6.445223838090896606e-02
0.000000000000000000e+00 0.000000000000000000e+00 0.000000000000000000e+00
2.989926147460937500e+02 1.210533813476562500e+03 5.968826413154602051e-01
3.042624206542968750e+02 1.236574707031250000e+03 7.245073318481445312e-01
6.393284912109375000e+02 1.247137329101562500e+03 8.383698463439941406e-01
4.821492614746093750e+02 1.519373657226562500e+03 8.411232233047485352e-01
2.782661132812500000e+02 1.189496459960937500e+03 4.610701799392700195e-01
6.343591308593750000e+02 1.158035400390625000e+03 7.511677742004394531e-01
4.826406555175781250e+02 1.409399780273437500e+03 8.190714120864868164e-01
7.913624267578125000e+02 9.853295288085937500e+02 8.988134860992431641e-01
0.000000000000000000e+00 0.000000000000000000e+00 0.000000000000000000e+00
7.287468261718750000e+02 9.695812377929687500e+02 9.312085509300231934e-01
0.000000000000000000e+00 0.000000000000000000e+00 0.000000000000000000e+00
5.976981201171875000e+02 1.430528198242187500e+03 6.649745106697082520e-01
5.976432495117187500e+02 1.425266479492187500e+03 6.667182445526123047e-01
4.456837463378906250e+02 1.430312500000000000e+03 7.552352547645568848e-01
6.026611938476562500e+02 1.571720947265625000e+03 7.697244882583618164e-01
5.609370117187500000e+02 1.577087036132812500e+03 8.103579878807067871e-01
4.406965026855468750e+02 1.530059570312500000e+03 8.655315041542053223e-01
