1.313982849121093750e+02 6.709362792968750000e+02 8.252551555633544922e-01
3.199476013183593750e+02 7.704339599609375000e+02 7.223391532897949219e-01
3.147292175292968750e+02 7.600490112304687500e+02 5.208505392074584961e-01
4.458474121093750000e+02 8.229697265625000000e+02 8.729853481054306030e-02
0.000000000000000000e+00 0.000000000000000000e+00 0.000000000000000000e+00
3.356761474609375000e+02 7.755064086914062500e+02 7.959797978401184082e-01
5.136799316406250000e+02 9.434059448242187500e+02 8.913004994392395020e-01
2.886682128906250000e+02 8.488145141601562500e+02 8.304235339164733887e-01
5.715540771484375000e+02 1.110814453125000000e+03 6.068690419197082520e-01
5.348148193359375000e+02 1.105593750000000000e+03 4.689536094665527344e-01
3.252991943359375000e+02 1.153040161132812500e+03 8.041623234748840332e-01
4.877527465820312500e+02 1.430417846679687500e+03 7.833601832389831543e-01
6.081945800781250000e+02 1.116218261718750000e+03 6.639521121978759766e-01
3.357843627929687500e+02 1.362426513671875000e+03 8.632913231849670410e-01
5.190631103515625000e+02 1.608357910156250000e+03 8.338072299957275391e-01
0.000000000000000000e+00 0.000000000000000000e+00 0.000000000000000000e+00
1.523732147216796875e+02 6.497602539062500000e+02 9.072860479354858398e-01
0.000000000000000000e+00 0.000000000000000000e+00 0.000000000000000000e+00
2.310515136718750000e+02 6.814167480468750000e+02 8.784754276275634766e-01
4.090404052734375000e+02 1.723629272460937500e+03 7.699865102767944336e-01
4.614390258789062500e+02 1.718438842773437500e+03 6.825324892997741699e-01
5.608223876953125000e+02 1.613799072265625000e+03 7.985282540321350098e-01
4.928402099609375000e+02 1.487902465820312500e+03 1.906000971794128418e-01
0.000000000000000000e+00 0.000000000000000000e+00 0.000000000000000000e+00
5.191254882812500000e+02 1.440984375000000000e+03 8.473896980285644531e-01
