2.675931091308593750e+02 5.189699707031250000e+02 9.165410995483398438e-01
4.194396362304687500e+02 6.761888427734375000e+02 6.232062578201293945e-01
3.933169860839843750e+02 6.864788208007812500e+02 4.979915618896484375e-01
0.000000000000000000e+00 0.000000000000000000e+00 0.000000000000000000e+00
0.000000000000000000e+00 0.000000000000000000e+00 0.000000000000000000e+00
4.405037231445312500e+02 6.554409179687500000e+02 7.939545512199401855e-01
6.186937866210937500e+02 7.340762939453125000e+02 8.509109616279602051e-01
4.877479553222656250e+02 4.770636291503906250e+02 8.250527381896972656e-01
6.972511596679687500e+02 1.042803833007812500e+03 4.899234473705291748e-01
6.866603393554687500e+02 1.048052978515625000e+03 3.030778169631958008e-01
4.350737304687500000e+02 1.278561889648437500e+03 1.806309670209884644e-01
5.190252075195312500e+02 1.639971679687500000e+03 1.529728323221206665e-01
7.233356323242187500e+02 1.042802001953125000e+03 5.795021057128906250e-01
4.246389465332031250e+02 1.346550537109375000e+03 7.600434422492980957e-01
5.556837158203125000e+02 1.781517822265625000e+03 7.610655426979064941e-01
0.000000000000000000e+00 0.000000000000000000e+00 0.000000000000000000e+00
3.041027526855468750e+02 4.826844177246093750e+02 8.796649575233459473e-01
0.000000000000000000e+00 0.000000000000000000e+00 0.000000000000000000e+00
3.880780944824218750e+02 5.189752197265625000e+02 8.819210529327392578e-01
3.985609130859375000e+02 1.854702270507812500e+03 6.478314399719238281e-01
4.457340393066406250e+02 1.860048217773437500e+03 6.197730898857116699e-01
5.923753051757812500e+02 1.818104492187500000e+03 6.904432177543640137e-01
4.090328979492187500e+02 1.655815551757812500e+03 3.468235731124877930e-01
4.247778930664062500e+02 1.650514892578125000e+03 3.264651894569396973e-01
0.000000000000000000e+00 0.000000000000000000e+00 0.000000000000000000e+00
