8.489894409179687500e+02 5.241032714843750000e+02 9.252179265022277832e-01
6.501395874023437500e+02 6.657987670898437500e+02 6.533130407333374023e-01
6.289656982421875000e+02 6.657318115234375000e+02 7.081278562545776367e-01
4.772272033691406250e+02 9.223380737304687500e+02 8.445932865142822266e-01
6.445937500000000000e+02 7.286788940429687500e+02 8.819680213928222656e-01
6.867111816406250000e+02 6.656896362304687500e+02 5.783411860466003418e-01
6.447548828125000000e+02 8.542496337890625000e+02 9.653928875923156738e-02
0.000000000000000000e+00 0.000000000000000000e+00 0.000000000000000000e+00
3.513409729003906250e+02 9.643078002929687500e+02 6.164295673370361328e-01
3.043458862304687500e+02 9.798339233398437500e+02 6.701281666755676270e-01
5.766317749023437500e+02 1.241824707031250000e+03 7.626008391380310059e-01
4.876369934082031250e+02 1.577212768554687500e+03 7.989197373390197754e-01
3.985700378417968750e+02 9.485983886718750000e+02 5.434953570365905762e-01
5.818923950195312500e+02 1.116265380859375000e+03 7.881834506988525391e-01
5.189400634765625000e+02 1.388560058593750000e+03 7.020862698554992676e-01
8.177682495117187500e+02 4.928612060546875000e+02 8.768447041511535645e-01
0.000000000000000000e+00 0.000000000000000000e+00 0.000000000000000000e+00
7.340317993164062500e+02 5.188570556640625000e+02 7.533825635910034180e-01
0.000000000000000000e+00 0.000000000000000000e+00 0.000000000000000000e+00
6.082216796875000000e+02 1.430470092773437500e+03 7.637568116188049316e-01
6.079621582031250000e+02 1.414752319335937500e+03 7.474724650382995605e-01
4.613638305664062500e+02 1.414661254882812500e+03 3.728817105293273926e-01
6.238822021484375000e+02 1.650441284179687500e+03 7.860909700393676758e-01
5.767566528320312500e+02 1.655868041992187500e+03 7.516106367111206055e-01
4.561872558593750000e+02 1.608447875976562500e+03 7.577019929885864258e-01
