7.809144287109375000e+02 7.180771484375000000e+02 8.839130997657775879e-01
6.186918945312500000e+02 8.594451293945312500e+02 7.747424840927124023e-01
6.025698852539062500e+02 8.596930541992187500e+02 7.871331572532653809e-01
4.773427429199218750e+02 1.152777221679687500e+03 9.133400917053222656e-01
5.664393310546875000e+02 9.487070312500000000e+02 7.060754895210266113e-01
6.501897583007812500e+02 8.542603149414062500e+02 7.836800217628479004e-01
6.394643554687500000e+02 9.905269775390625000e+02 2.226619422435760498e-01
6.082170410156250000e+02 1.074256469726562500e+03 5.466210246086120605e-01
4.143073730468750000e+02 1.199968261718750000e+03 6.090611815452575684e-01
3.775953063964843750e+02 1.231300048828125000e+03 6.660652756690979004e-01
7.231544189453125000e+02 1.398993652343750000e+03 8.623445034027099609e-01
5.138973999023437500e+02 1.655670166015625000e+03 8.522881269454956055e-01
4.562545776367187500e+02 1.184180908203125000e+03 4.922377467155456543e-01
6.865573120117187500e+02 1.231534545898437500e+03 8.846691846847534180e-01
5.190396728515625000e+02 1.482816162109375000e+03 8.612542152404785156e-01
7.701904907226562500e+02 6.868837890625000000e+02 9.319604635238647461e-01
0.000000000000000000e+00 0.000000000000000000e+00 0.000000000000000000e+00
6.864539184570312500e+02 6.972166137695312500e+02 7.953637242317199707e-01
0.000000000000000000e+00 0.000000000000000000e+00 0.000000000000000000e+00
5.661649780273437500e+02 1.524584838867187500e+03 1.987696737051010132e-01
5.608370971679687500e+02 1.493318847656250000e+03 1.593571603298187256e-01
4.824382019042968750e+02 1.498559326171875000e+03 8.923414945602416992e-01
6.395260620117187500e+02 1.729092773437500000e+03 7.284004688262939453e-01
5.976850585937500000e+02 1.734380004882812500e+03 7.460576295852661133e-01
4.769761962890625000e+02 1.666076293945312500e+03 8.173615336418151855e-01
