7.862473144531250000e+02 9.435790405273437500e+02 8.680289387702941895e-01
6.081266479492187500e+02 1.069211791992187500e+03 8.294405341148376465e-01
5.611142578125000000e+02 1.069106811523437500e+03 8.193635940551757812e-01
4.353545532226562500e+02 1.283962524414062500e+03 8.759983181953430176e-01
5.608250122070312500e+02 1.110851806640625000e+03 8.491899371147155762e-01
6.554096069335937500e+02 1.069196166992187500e+03 7.091165781021118164e-01
0.000000000000000000e+00 0.000000000000000000e+00 0.000000000000000000e+00
0.000000000000000000e+00 0.000000000000000000e+00 0.000000000000000000e+00
4.404500122070312500e+02 1.456586425781250000e+03 6.410249471664428711e-01
3.881460266113281250e+02 1.488066528320312500e+03 6.657794117927551270e-01
7.339030151367187500e+02 1.519444580078125000e+03 8.178685307502746582e-01
5.348342285156250000e+02 1.791766479492187500e+03 7.672395706176757812e-01
4.929133605957031250e+02 1.430362060546875000e+03 5.497049689292907715e-01
7.337511596679687500e+02 1.440965698242187500e+03 6.467583179473876953e-01
5.189251098632812500e+02 1.697570556640625000e+03 7.592833042144775391e-01
7.705250854492187500e+02 9.223955688476562500e+02 8.844182491302490234e-01
0.000000000000000000e+00 0.000000000000000000e+00 0.000000000000000000e+00
6.866049804687500000e+02 9.382358398437500000e+02 9.268736839294433594e-01
0.000000000000000000e+00 0.000000000000000000e+00 0.000000000000000000e+00
0.000000000000000000e+00 0.000000000000000000e+00 0.000000000000000000e+00
0.000000000000000000e+00 0.000000000000000000e+00 0.000000000000000000e+00
4.771002807617187500e+02 1.713195678710937500e+03 6.692622303962707520e-01
6.760889282226562500e+02 1.844271972656250000e+03 7.184312343597412109e-01
6.395430297851562500e+02 1.859808593750000000e+03 7.414851188659667969e-01
4.928815612792968750e+02 1.812743530273437500e+03 7.520016431808471680e-01
