2.731473999023437500e+02 5.660490722656250000e+02 9.246711730957031250e-01
4.300629882812500000e+02 7.287225341796875000e+02 7.482419610023498535e-01
3.985283203125000000e+02 7.338818359375000000e+02 5.942173600196838379e-01
4.824765319824218750e+02 9.171082153320312500e+02 8.093300461769104004e-02
3.986146850585937500e+02 9.852154541015625000e+02 8.714415878057479858e-02
4.562886352539062500e+02 7.284630126953125000e+02 8.030850887298583984e-01
6.396189575195312500e+02 8.177875976562500000e+02 9.062290191650390625e-01
5.138905029296875000e+02 5.609816284179687500e+02 8.563130497932434082e-01
6.920419311523437500e+02 1.100535522460937500e+03 5.550622344017028809e-01
6.501043701171875000e+02 1.105601928710937500e+03 4.199753999710083008e-01
4.299959716796875000e+02 1.278474853515625000e+03 3.257401585578918457e-01
8.857130737304687500e+02 1.425173706054687500e+03 1.466330140829086304e-01
7.338817749023437500e+02 1.105483764648437500e+03 6.175268888473510742e-01
3.984119873046875000e+02 1.362173339843750000e+03 8.808455467224121094e-01
5.555880126953125000e+02 1.786590332031250000e+03 7.674390673637390137e-01
0.000000000000000000e+00 0.000000000000000000e+00 0.000000000000000000e+00
3.145523071289062500e+02 5.451445312500000000e+02 8.931948542594909668e-01
0.000000000000000000e+00 0.000000000000000000e+00 0.000000000000000000e+00
3.983930358886718750e+02 5.715722656250000000e+02 8.791376948356628418e-01
3.987342834472656250e+02 1.854659912109375000e+03 6.909932494163513184e-01
4.457827148437500000e+02 1.859989013671875000e+03 6.668360233306884766e-01
5.924006347656250000e+02 1.823129882812500000e+03 7.153289914131164551e-01
0.000000000000000000e+00 0.000000000000000000e+00 0.000000000000000000e+00
0.000000000000000000e+00 0.000000000000000000e+00 0.000000000000000000e+00
9.433375854492187500e+02 1.430408569335937500e+03 9.401256591081619263e-02
