8.648147583007812500e+02 3.408772888183593750e+02 7.695599794387817383e-01
6.080451660156250000e+02 4.509556274414062500e+02 5.714185237884521484e-01
5.608729248046875000e+02 4.405220947265625000e+02 5.793895721435546875e-01
3.150247497558593750e+02 6.394288330078125000e+02 7.719913125038146973e-01
5.242669067382812500e+02 3.620048217773437500e+02 8.108398914337158203e-01
6.761043701171875000e+02 4.666853637695312500e+02 4.514396786689758301e-01
0.000000000000000000e+00 0.000000000000000000e+00 0.000000000000000000e+00
0.000000000000000000e+00 0.000000000000000000e+00 0.000000000000000000e+00
3.932572021484375000e+02 9.015942993164062500e+02 5.217562317848205566e-01
3.199588317871093750e+02 9.276014404296875000e+02 5.197874903678894043e-01
6.920978393554687500e+02 1.110753173828125000e+03 8.367995023727416992e-01
4.403931274414062500e+02 1.545645141601562500e+03 7.165611386299133301e-01
4.718334655761718750e+02 8.960213623046875000e+02 4.200904965400695801e-01
7.703154296875000000e+02 1.001029724121093750e+03 7.701486945152282715e-01
0.000000000000000000e+00 0.000000000000000000e+00 0.000000000000000000e+00
8.544599609375000000e+02 2.783172302246093750e+02 8.295084238052368164e-01
0.000000000000000000e+00 0.000000000000000000e+00 0.000000000000000000e+00
7.391751708984375000e+02 2.623079528808593750e+02 8.330187201499938965e-01
0.000000000000000000e+00 0.000000000000000000e+00 0.000000000000000000e+00
0.000000000000000000e+00 0.000000000000000000e+00 0.000000000000000000e+00
0.000000000000000000e+00 0.000000000000000000e+00 0.000000000000000000e+00
0.000000000000000000e+00 0.000000000000000000e+00 0.000000000000000000e+00
5.452021484375000000e+02 1.671387084960937500e+03 5.900885462760925293e-01
4.929051818847656250e+02 1.666163818359375000e+03 5.265603661537170410e-01
3.932980346679687500e+02 1.566568237304687500e+03 6.473049521446228027e-01
