8.700393066406250000e+02 3.148096008300781250e+02 7.906177043914794922e-01
6.029174194335937500e+02 4.352942504882812500e+02 5.581761002540588379e-01
5.609157104492187500e+02 4.300642700195312500e+02 5.840400457382202148e-01
3.145767822265625000e+02 6.079686889648437500e+02 8.079996109008789062e-01
5.245154418945312500e+02 3.461573791503906250e+02 7.932668328285217285e-01
6.657034301757812500e+02 4.457020263671875000e+02 4.434102773666381836e-01
0.000000000000000000e+00 0.000000000000000000e+00 0.000000000000000000e+00
0.000000000000000000e+00 0.000000000000000000e+00 0.000000000000000000e+00
3.880131835937500000e+02 8.856502685546875000e+02 5.215097069740295410e-01
3.147334289550781250e+02 9.014035034179687500e+02 5.549277067184448242e-01
6.710010986328125000e+02 1.105427612304687500e+03 7.756971120834350586e-01
4.353835754394531250e+02 1.535340698242187500e+03 7.315158247947692871e-01
4.666654357910156250e+02 8.595856933593750000e+02 4.344079792499542236e-01
7.495227050781250000e+02 9.906574707031250000e+02 7.621649503707885742e-01
5.975895385742187500e+02 1.278590820312500000e+03 1.413952112197875977e-01
8.595791015625000000e+02 2.675022583007812500e+02 8.811961412429809570e-01
0.000000000000000000e+00 0.000000000000000000e+00 0.000000000000000000e+00
7.443101196289062500e+02 2.361811676025390625e+02 8.242781758308410645e-01
0.000000000000000000e+00 0.000000000000000000e+00 0.000000000000000000e+00
6.500607299804687500e+02 1.346523925781250000e+03 3.446122705936431885e-01
6.449478759765625000e+02 1.325861083984375000e+03 3.467968106269836426e-01
6.030441894531250000e+02 1.320587768554687500e+03 9.305115789175033569e-02
5.296143188476562500e+02 1.681756713867187500e+03 6.010680198669433594e-01
4.876301574707031250e+02 1.671355712890625000e+03 4.967419803142547607e-01
3.881416931152343750e+02 1.566435180664062500e+03 6.521996855735778809e-01
