8.649646606445312500e+02 3.409532470703125000e+02 8.113723397254943848e-01
6.079630126953125000e+02 4.667424011230468750e+02 5.637857317924499512e-01
5.557193603515625000e+02 4.509754943847656250e+02 5.308039784431457520e-01
3.150120849609375000e+02 6.498761596679687500e+02 7.980799674987792969e-01
5.191948242187500000e+02 3.828356323242187500e+02 8.171733617782592773e-01
6.812989501953125000e+02 4.876170043945312500e+02 4.203599095344543457e-01
0.000000000000000000e+00 0.000000000000000000e+00 0.000000000000000000e+00
0.000000000000000000e+00 0.000000000000000000e+00 0.000000000000000000e+00
4.037925109863281250e+02 9.119489746093750000e+02 5.145911574363708496e-01
3.408885192871093750e+02 9.381273803710937500e+02 5.198386907577514648e-01
7.076033935546875000e+02 1.111104614257812500e+03 7.932493686676025391e-01
4.509111633300781250e+02 1.566398071289062500e+03 7.150702476501464844e-01
4.823705749511718750e+02 8.961917114257812500e+02 4.343361854553222656e-01
7.706600952148437500e+02 1.016679809570312500e+03 7.934241294860839844e-01
6.237600097656250000e+02 1.205283813476562500e+03 7.035730779170989990e-02
8.593354492187500000e+02 2.832727355957031250e+02 8.785143494606018066e-01
0.000000000000000000e+00 0.000000000000000000e+00 0.000000000000000000e+00
7.391232299804687500e+02 2.674358215332031250e+02 8.716161847114562988e-01
0.000000000000000000e+00 0.000000000000000000e+00 0.000000000000000000e+00
0.000000000000000000e+00 0.000000000000000000e+00 0.000000000000000000e+00
0.000000000000000000e+00 0.000000000000000000e+00 0.000000000000000000e+00
0.000000000000000000e+00 0.000000000000000000e+00 0.000000000000000000e+00
5.610119628906250000e+02 1.692257202148437500e+03 6.751779913902282715e-01
5.190000000000000000e+02 1.692255737304687500e+03 5.801666975021362305e-01
4.038150939941406250e+02 1.572018310546875000e+03 6.830084323883056641e-01
