8.069701538085937500e+02 7.756017456054687500e+02 9.384811520576477051e-01
6.342805786132812500e+02 9.170820312500000000e+02 7.213939428329467773e-01
6.029699707031250000e+02 9.171007690429687500e+02 7.786127328872680664e-01
4.980470886230468750e+02 1.199908325195312500e+03 8.324909806251525879e-01
6.028937377929687500e+02 9.956621704101562500e+02 6.772056818008422852e-01
6.605479736328125000e+02 9.118501586914062500e+02 6.768471002578735352e-01
0.000000000000000000e+00 0.000000000000000000e+00 0.000000000000000000e+00
0.000000000000000000e+00 0.000000000000000000e+00 0.000000000000000000e+00
4.090374450683593750e+02 1.236706665039062500e+03 6.012271642684936523e-01
3.776157836914062500e+02 1.273249755859375000e+03 6.827332973480224609e-01
7.287346801757812500e+02 1.404323852539062500e+03 8.910217881202697754e-01
5.136603393554687500e+02 1.650528930664062500e+03 8.375522494316101074e-01
4.405414428710937500e+02 1.200082885742187500e+03 4.555483460426330566e-01
6.917213134765625000e+02 1.236424438476562500e+03 8.787224292755126953e-01
5.191239013671875000e+02 1.482661621093750000e+03 8.510198593139648438e-01
7.758331298828125000e+02 7.496242675781250000e+02 8.799905776977539062e-01
0.000000000000000000e+00 0.000000000000000000e+00 0.000000000000000000e+00
6.970870971679687500e+02 7.652860107421875000e+02 7.181509733200073242e-01
0.000000000000000000e+00 0.000000000000000000e+00 0.000000000000000000e+00
5.871500854492187500e+02 1.488103759765625000e+03 3.397822082042694092e-01
5.766672973632812500e+02 1.482565795898437500e+03 3.329780995845794678e-01
4.824175109863281250e+02 1.493375976562500000e+03 9.256724119186401367e-01
6.343123779296875000e+02 1.718527709960937500e+03 7.032685875892639160e-01
5.923929443359375000e+02 1.728994628906250000e+03 7.175107598304748535e-01
4.719720764160156250e+02 1.655915649414062500e+03 8.272145390510559082e-01
