1.209426574707031250e+02 6.814064331054687500e+02 8.654611110687255859e-01
3.149443969726562500e+02 7.808526000976562500e+02 6.544283628463745117e-01
3.096445007324218750e+02 7.756425170898437500e+02 4.988531768321990967e-01
0.000000000000000000e+00 0.000000000000000000e+00 0.000000000000000000e+00
0.000000000000000000e+00 0.000000000000000000e+00 0.000000000000000000e+00
3.305070190429687500e+02 7.861484375000000000e+02 7.341053485870361328e-01
5.086119995117187500e+02 9.694533081054687500e+02 8.266187310218811035e-01
2.834824523925781250e+02 8.594888916015625000e+02 8.602867722511291504e-01
5.661600341796875000e+02 1.116242187500000000e+03 5.943063497543334961e-01
5.243039550781250000e+02 1.105801879882812500e+03 4.583151936531066895e-01
3.199672546386718750e+02 1.158263549804687500e+03 8.140430450439453125e-01
4.875903320312500000e+02 1.430432250976562500e+03 7.743048667907714844e-01
6.029481811523437500e+02 1.142216064453125000e+03 6.536804437637329102e-01
3.305430297851562500e+02 1.377992553710937500e+03 8.020368218421936035e-01
5.191062622070312500e+02 1.608625488281250000e+03 8.557088971138000488e-01
0.000000000000000000e+00 0.000000000000000000e+00 0.000000000000000000e+00
1.471340942382812500e+02 6.502023925781250000e+02 8.943080902099609375e-01
0.000000000000000000e+00 0.000000000000000000e+00 0.000000000000000000e+00
2.259458007812500000e+02 6.921232910156250000e+02 9.023864269256591797e-01
4.039848632812500000e+02 1.723809692382812500e+03 7.880479693412780762e-01
4.562497863769531250e+02 1.723703735351562500e+03 6.987952589988708496e-01
5.609155883789062500e+02 1.618892211914062500e+03 8.105943202972412109e-01
5.033204956054687500e+02 1.482962280273437500e+03 2.084118872880935669e-01
0.000000000000000000e+00 0.000000000000000000e+00 0.000000000000000000e+00
5.191140136718750000e+02 1.441046020507812500e+03 8.549197912216186523e-01
