2.415314636230468750e+02 7.757869873046875000e+02 8.826497197151184082e-01
4.090815124511718750e+02 9.014262084960937500e+02 6.642040610313415527e-01
4.039776916503906250e+02 8.959821166992187500e+02 5.291127562522888184e-01
0.000000000000000000e+00 0.000000000000000000e+00 0.000000000000000000e+00
0.000000000000000000e+00 0.000000000000000000e+00 0.000000000000000000e+00
4.142294006347656250e+02 9.118585205078125000e+02 7.844188809394836426e-01
4.404016418457031250e+02 1.152826538085937500e+03 9.575578570365905762e-01
3.513131713867187500e+02 9.435147705078125000e+02 9.195491671562194824e-01
5.715831298828125000e+02 1.231206787109375000e+03 6.232401132583618164e-01
5.505421142578125000e+02 1.200029174804687500e+03 4.804045855998992920e-01
3.512563781738281250e+02 1.315421142578125000e+03 9.136444926261901855e-01
4.822439880371093750e+02 1.540406250000000000e+03 8.075153231620788574e-01
6.026748657226562500e+02 1.241993774414062500e+03 6.424921751022338867e-01
3.251867980957031250e+02 1.482953002929687500e+03 8.796657323837280273e-01
4.981082458496093750e+02 1.692338989257812500e+03 8.226027488708496094e-01
0.000000000000000000e+00 0.000000000000000000e+00 0.000000000000000000e+00
2.677891235351562500e+02 7.650790405273437500e+02 9.238468408584594727e-01
0.000000000000000000e+00 0.000000000000000000e+00 0.000000000000000000e+00
3.515967712402343750e+02 7.759174194335937500e+02 9.525831937789916992e-01
3.880236206054687500e+02 1.755243530273437500e+03 7.566070556640625000e-01
4.247254638671875000e+02 1.765722534179687500e+03 7.414717674255371094e-01
5.294786987304687500e+02 1.697554565429687500e+03 9.033679366111755371e-01
4.404400024414062500e+02 1.598065795898437500e+03 7.795471698045730591e-02
0.000000000000000000e+00 0.000000000000000000e+00 0.000000000000000000e+00
5.188501586914062500e+02 1.566583007812500000e+03 8.686791658401489258e-01
