8.541952514648437500e+02 5.190413208007812500e+02 9.515858292579650879e-01
6.499707641601562500e+02 6.499659423828125000e+02 6.357941627502441406e-01
6.290164794921875000e+02 6.501345825195312500e+02 7.378322482109069824e-01
4.772462158203125000e+02 9.016767578125000000e+02 8.869940638542175293e-01
6.447080688476562500e+02 7.075997314453125000e+02 8.141995668411254883e-01
6.865750732421875000e+02 6.498729858398437500e+02 5.294337868690490723e-01
0.000000000000000000e+00 0.000000000000000000e+00 0.000000000000000000e+00
0.000000000000000000e+00 0.000000000000000000e+00 0.000000000000000000e+00
3.462575683593750000e+02 9.433845214843750000e+02 6.262402534484863281e-01
3.042596740722656250e+02 9.487184448242187500e+02 6.301663517951965332e-01
5.661580200195312500e+02 1.231587036132812500e+03 8.178086876869201660e-01
4.876477355957031250e+02 1.577274658203125000e+03 7.961592078208923340e-01
3.934278869628906250e+02 9.381212158203125000e+02 5.303465127944946289e-01
5.663325195312500000e+02 1.111186645507812500e+03 8.269740343093872070e-01
5.243133544921875000e+02 1.398873168945312500e+03 7.039978504180908203e-01
8.280747680664062500e+02 4.824796447753906250e+02 8.785773515701293945e-01
0.000000000000000000e+00 0.000000000000000000e+00 0.000000000000000000e+00
7.494807739257812500e+02 4.981242980957031250e+02 6.982748508453369141e-01
0.000000000000000000e+00 0.000000000000000000e+00 0.000000000000000000e+00
6.133460693359375000e+02 1.435496215820312500e+03 7.595652341842651367e-01
6.080379028320312500e+02 1.414754882812500000e+03 7.684943675994873047e-01
4.822842712402343750e+02 1.404422851562500000e+03 2.169589102268218994e-01
6.291036376953125000e+02 1.650440917968750000e+03 8.193027973175048828e-01
5.819894409179687500e+02 1.655873901367187500e+03 7.573586702346801758e-01
4.561962890625000000e+02 1.608495361328125000e+03 7.731135487556457520e-01
