7.913585815429687500e+02 7.599577636718750000e+02 8.511004447937011719e-01
6.134378051757812500e+02 8.961512451171875000e+02 7.903051376342773438e-01
5.924322509765625000e+02 8.961212158203125000e+02 7.793317437171936035e-01
4.824780273437500000e+02 1.189469116210937500e+03 9.280388355255126953e-01
5.922508544921875000e+02 9.854783325195312500e+02 7.650786042213439941e-01
6.502476806640625000e+02 8.961594238281250000e+02 7.585505843162536621e-01
6.499555664062500000e+02 1.079516235351562500e+03 7.369220256805419922e-02
0.000000000000000000e+00 0.000000000000000000e+00 0.000000000000000000e+00
4.142445373535156250e+02 1.236489624023437500e+03 6.137434840202331543e-01
3.828436584472656250e+02 1.267896240234375000e+03 6.585980653762817383e-01
7.284520874023437500e+02 1.404233032226562500e+03 8.926360607147216797e-01
5.137704467773437500e+02 1.655537109375000000e+03 8.432823419570922852e-01
4.457967224121093750e+02 1.205224121093750000e+03 4.581156969070434570e-01
6.917457885742187500e+02 1.236605834960937500e+03 8.717686533927917480e-01
5.189692993164062500e+02 1.482839843750000000e+03 8.473821878433227539e-01
7.705507812500000000e+02 7.335666503906250000e+02 9.641495347023010254e-01
0.000000000000000000e+00 0.000000000000000000e+00 0.000000000000000000e+00
6.868915405273437500e+02 7.442760009765625000e+02 7.675182819366455078e-01
0.000000000000000000e+00 0.000000000000000000e+00 0.000000000000000000e+00
5.714557495117187500e+02 1.498580566406250000e+03 2.552355229854583740e-01
5.662129516601562500e+02 1.482895874023437500e+03 2.601012587547302246e-01
4.823196411132812500e+02 1.498554809570312500e+03 8.910148143768310547e-01
6.290564575195312500e+02 1.723839843750000000e+03 6.954088211059570312e-01
5.872075195312500000e+02 1.734063354492187500e+03 7.200435996055603027e-01
4.769267578125000000e+02 1.660991088867187500e+03 8.037716150283813477e-01
