8.751776733398437500e+02 3.670827026367187500e+02 7.946823835372924805e-01
6.081690063476562500e+02 4.822721557617187500e+02 5.923662781715393066e-01
5.557909545898437500e+02 4.666337280273437500e+02 5.831659436225891113e-01
3.251709594726562500e+02 6.864320678710937500e+02 7.815786600112915039e-01
5.294882202148437500e+02 3.987061767578125000e+02 8.070837855339050293e-01
6.813701171875000000e+02 5.032804870605468750e+02 4.744729399681091309e-01
0.000000000000000000e+00 0.000000000000000000e+00 0.000000000000000000e+00
0.000000000000000000e+00 0.000000000000000000e+00 0.000000000000000000e+00
4.090387573242187500e+02 9.380003662109375000e+02 5.178619027137756348e-01
3.409633483886718750e+02 9.486896362304687500e+02 4.987880587577819824e-01
6.972815551757812500e+02 1.137107299804687500e+03 7.702038288116455078e-01
4.456705932617187500e+02 1.571893066406250000e+03 7.527893185615539551e-01
4.876572875976562500e+02 9.170891113281250000e+02 4.234127998352050781e-01
7.704938354492187500e+02 1.026970581054687500e+03 8.237276673316955566e-01
6.237597656250000000e+02 1.205183349609375000e+03 1.290265917778015137e-01
8.595137939453125000e+02 3.149089965820312500e+02 8.873918056488037109e-01
0.000000000000000000e+00 0.000000000000000000e+00 0.000000000000000000e+00
7.442233276367187500e+02 2.938368225097656250e+02 8.318824768066406250e-01
0.000000000000000000e+00 0.000000000000000000e+00 0.000000000000000000e+00
0.000000000000000000e+00 0.000000000000000000e+00 0.000000000000000000e+00
0.000000000000000000e+00 0.000000000000000000e+00 0.000000000000000000e+00
0.000000000000000000e+00 0.000000000000000000e+00 0.000000000000000000e+00
5.608627319335937500e+02 1.702850219726562500e+03 6.537492871284484863e-01
5.033105163574218750e+02 1.697775146484375000e+03 5.860876441001892090e-01
3.987850646972656250e+02 1.587488037109375000e+03 6.884455680847167969e-01
