7.914464111328125000e+02 7.703582763671875000e+02 8.967914581298828125e-01
6.238495483398437500e+02 9.015341186523437500e+02 7.561436295509338379e-01
6.026433105468750000e+02 9.066707763671875000e+02 7.853685021400451660e-01
4.875234069824218750e+02 1.194682983398437500e+03 9.105103015899658203e-01
5.975731201171875000e+02 9.903965454101562500e+02 7.581326961517333984e-01
6.552930297851562500e+02 9.012198486328125000e+02 7.351703643798828125e-01
6.448854980468750000e+02 1.069020629882812500e+03 1.170411780476570129e-01
0.000000000000000000e+00 0.000000000000000000e+00 0.000000000000000000e+00
4.089782714843750000e+02 1.236496093750000000e+03 5.802721381187438965e-01
3.776201782226562500e+02 1.268108154296875000e+03 6.505827903747558594e-01
7.284993286132812500e+02 1.404222778320312500e+03 8.896636962890625000e-01
5.187886962890625000e+02 1.655551879882812500e+03 8.500637412071228027e-01
4.404791259765625000e+02 1.199903808593750000e+03 4.288513958454132080e-01
6.868733520507812500e+02 1.236511108398437500e+03 8.817557096481323242e-01
5.189724121093750000e+02 1.482769531250000000e+03 8.545328974723815918e-01
7.704745483398437500e+02 7.340455932617187500e+02 9.281635284423828125e-01
7.810419921875000000e+02 7.340643310546875000e+02 1.074604839086532593e-01
6.867685546875000000e+02 7.600239868164062500e+02 7.416070699691772461e-01
0.000000000000000000e+00 0.000000000000000000e+00 0.000000000000000000e+00
5.818389282226562500e+02 1.493357055664062500e+03 3.084422945976257324e-01
5.714761962890625000e+02 1.482806762695312500e+03 3.222377300262451172e-01
4.822229309082031250e+02 1.498457519531250000e+03 9.008132815361022949e-01
6.342957153320312500e+02 1.728830444335937500e+03 7.287419438362121582e-01
5.924454345703125000e+02 1.734121704101562500e+03 7.528468370437622070e-01
4.769738769531250000e+02 1.660968139648437500e+03 8.124722838401794434e-01
