7.233801269531250000e+02 6.134265136718750000e+02 8.931359052658081055e-01
5.714489746093750000e+02 7.913709716796875000e+02 7.654671072959899902e-01
5.659987792968750000e+02 8.178333129882812500e+02 7.644039988517761230e-01
4.406282348632812500e+02 1.027177246093750000e+03 8.906487226486206055e-01
5.505400390625000000e+02 9.068702392578125000e+02 7.470589280128479004e-01
5.870902099609375000e+02 7.600055541992187500e+02 5.278254151344299316e-01
4.407032165527343750e+02 8.595878906250000000e+02 5.932978391647338867e-01
0.000000000000000000e+00 0.000000000000000000e+00 0.000000000000000000e+00
3.776295776367187500e+02 1.184168579101562500e+03 5.818614959716796875e-01
3.356729431152343750e+02 1.194718750000000000e+03 6.121398210525512695e-01
6.082251586914062500e+02 1.461965576171875000e+03 8.089888691902160645e-01
4.458640136718750000e+02 1.765635986328125000e+03 7.733383178710937500e-01
4.298800354003906250e+02 1.158168701171875000e+03 4.902993440628051758e-01
5.819841308593750000e+02 1.278609497070312500e+03 8.262019753456115723e-01
4.406398620605468750e+02 1.561291625976562500e+03 7.715079784393310547e-01
6.918224487304687500e+02 6.025618286132812500e+02 9.455689191818237305e-01
0.000000000000000000e+00 0.000000000000000000e+00 0.000000000000000000e+00
6.082831420898437500e+02 6.342039184570312500e+02 8.778185844421386719e-01
0.000000000000000000e+00 0.000000000000000000e+00 0.000000000000000000e+00
5.191168212890625000e+02 1.598103393554687500e+03 8.111596852540969849e-02
0.000000000000000000e+00 0.000000000000000000e+00 0.000000000000000000e+00
4.091853332519531250e+02 1.582347778320312500e+03 7.915167808532714844e-01
6.028311157226562500e+02 1.823345458984375000e+03 7.635631561279296875e-01
5.556995849609375000e+02 1.839004394531250000e+03 6.278625130653381348e-01
4.089998779296875000e+02 1.776119140625000000e+03 7.549027204513549805e-01
