7.861916503906250000e+02 9.434395751953125000e+02 8.812445402145385742e-01
6.081118164062500000e+02 1.069028442382812500e+03 8.448471426963806152e-01
5.609360351562500000e+02 1.068821166992187500e+03 8.048508763313293457e-01
4.354319763183593750e+02 1.278590332031250000e+03 9.036747217178344727e-01
5.610705566406250000e+02 1.105618041992187500e+03 8.386275172233581543e-01
6.656294555664062500e+02 1.069178466796875000e+03 7.390067577362060547e-01
5.924511718750000000e+02 1.315078369140625000e+03 1.008315533399581909e-01
0.000000000000000000e+00 0.000000000000000000e+00 0.000000000000000000e+00
4.352950134277343750e+02 1.451552368164062500e+03 6.291447281837463379e-01
3.931450195312500000e+02 1.487887939453125000e+03 6.712482571601867676e-01
7.336563110351562500e+02 1.519352905273437500e+03 8.282699584960937500e-01
5.399584960937500000e+02 1.791800903320312500e+03 7.606021761894226074e-01
4.825035095214843750e+02 1.430502685546875000e+03 5.246281623840332031e-01
7.233221435546875000e+02 1.446192138671875000e+03 7.129406929016113281e-01
5.189331054687500000e+02 1.697499877929687500e+03 7.698565125465393066e-01
7.705913085937500000e+02 9.171100463867187500e+02 8.732135295867919922e-01
0.000000000000000000e+00 0.000000000000000000e+00 0.000000000000000000e+00
6.866538085937500000e+02 9.379615478515625000e+02 9.055645465850830078e-01
0.000000000000000000e+00 0.000000000000000000e+00 0.000000000000000000e+00
0.000000000000000000e+00 0.000000000000000000e+00 0.000000000000000000e+00
0.000000000000000000e+00 0.000000000000000000e+00 0.000000000000000000e+00
4.771778259277343750e+02 1.713210205078125000e+03 6.899131536483764648e-01
6.762407836914062500e+02 1.844302978515625000e+03 7.216826081275939941e-01
6.446847534179687500e+02 1.859825073242187500e+03 7.646050453186035156e-01
4.980234069824218750e+02 1.812857421875000000e+03 7.867397069931030273e-01
