9.016981201171875000e+02 1.147530395507812500e+03 9.014238715171813965e-01
6.657345581054687500e+02 1.226114257812500000e+03 6.844679117202758789e-01
6.865164794921875000e+02 1.236645263671875000e+03 8.420987129211425781e-01
6.028103027343750000e+02 1.509041503906250000e+03 8.238548040390014648e-01
7.759387207031250000e+02 1.304607299804687500e+03 8.316621780395507812e-01
6.498746948242187500e+02 1.194664550781250000e+03 6.024337410926818848e-01
0.000000000000000000e+00 0.000000000000000000e+00 0.000000000000000000e+00
0.000000000000000000e+00 0.000000000000000000e+00 0.000000000000000000e+00
3.724571228027343750e+02 1.571991210937500000e+03 4.869193434715270996e-01
3.619993896484375000e+02 1.598087402343750000e+03 6.043861508369445801e-01
7.075632324218750000e+02 1.582313476562500000e+03 7.186876535415649414e-01
5.348074340820312500e+02 1.912353515625000000e+03 5.352897644042968750e-01
3.775883178710937500e+02 1.556205444335937500e+03 3.284023404121398926e-01
7.128814086914062500e+02 1.571948120117187500e+03 2.023313939571380615e-01
5.347418823242187500e+02 1.818157226562500000e+03 3.766571283340454102e-01
8.909948120117187500e+02 1.110829223632812500e+03 9.385891556739807129e-01
0.000000000000000000e+00 0.000000000000000000e+00 0.000000000000000000e+00
8.018699951171875000e+02 1.121344360351562500e+03 8.522738218307495117e-01
0.000000000000000000e+00 0.000000000000000000e+00 0.000000000000000000e+00
6.657993774414062500e+02 1.838993652343750000e+03 1.153569221496582031e-01
0.000000000000000000e+00 0.000000000000000000e+00 0.000000000000000000e+00
4.876363830566406250e+02 1.823140014648437500e+03 3.405427336692810059e-01
5.400554809570312500e+02 1.912476562500000000e+03 1.173721179366111755e-01
0.000000000000000000e+00 0.000000000000000000e+00 0.000000000000000000e+00
5.189498291015625000e+02 1.912381103515625000e+03 3.967345058917999268e-01
