8.950705718994140625e+01 8.804669189453125000e+02 8.304316401481628418e-01
3.093327941894531250e+02 9.486940307617187500e+02 6.604523062705993652e-01
3.094147033691406250e+02 9.275665893554687500e+02 4.713386297225952148e-01
0.000000000000000000e+00 0.000000000000000000e+00 0.000000000000000000e+00
0.000000000000000000e+00 0.000000000000000000e+00 0.000000000000000000e+00
3.095518493652343750e+02 9.801082153320312500e+02 7.990064024925231934e-01
4.248291320800781250e+02 1.158238403320312500e+03 8.397055864334106445e-01
1.945156707763671875e+02 1.063524902343750000e+03 8.666128516197204590e-01
6.027554931640625000e+02 1.210386840820312500e+03 4.877980947494506836e-01
5.766998291015625000e+02 1.189500244140625000e+03 2.942758202552795410e-01
3.095314025878906250e+02 1.299455078125000000e+03 1.842009276151657104e-01
0.000000000000000000e+00 0.000000000000000000e+00 0.000000000000000000e+00
6.134345092773437500e+02 1.231580566406250000e+03 6.833436489105224609e-01
3.145791931152343750e+02 1.356964965820312500e+03 8.854463100433349609e-01
5.399545898437500000e+02 1.540489257812500000e+03 7.538688182830810547e-01
0.000000000000000000e+00 0.000000000000000000e+00 0.000000000000000000e+00
1.053624725341796875e+02 8.592860717773437500e+02 9.321821331977844238e-01
0.000000000000000000e+00 0.000000000000000000e+00 0.000000000000000000e+00
1.890226440429687500e+02 8.960136108398437500e+02 8.986791372299194336e-01
4.403160705566406250e+02 1.660937377929687500e+03 7.816397547721862793e-01
4.823466186523437500e+02 1.655856811523437500e+03 7.063066363334655762e-01
5.819550781250000000e+02 1.550847045898437500e+03 7.372387051582336426e-01
0.000000000000000000e+00 0.000000000000000000e+00 0.000000000000000000e+00
0.000000000000000000e+00 0.000000000000000000e+00 0.000000000000000000e+00
0.000000000000000000e+00 0.000000000000000000e+00 0.000000000000000000e+00
