7.180509033203125000e+02 6.027883911132812500e+02 8.959591388702392578e-01
5.715910034179687500e+02 7.755737304687500000e+02 8.075159788131713867e-01
5.505116577148437500e+02 7.863085327148437500e+02 7.174304723739624023e-01
4.404400939941406250e+02 1.011485900878906250e+03 8.044847249984741211e-01
5.347233276367187500e+02 8.959588012695312500e+02 7.067229747772216797e-01
6.082657470703125000e+02 7.651240844726562500e+02 6.356124877929687500e-01
4.456741333007812500e+02 8.545145874023437500e+02 3.039936423301696777e-01
0.000000000000000000e+00 0.000000000000000000e+00 0.000000000000000000e+00
3.828708190917968750e+02 1.158067382812500000e+03 5.878345966339111328e-01
3.356858520507812500e+02 1.178943481445312500e+03 5.542157888412475586e-01
6.079391479492187500e+02 1.456605102539062500e+03 8.275816440582275391e-01
4.458652954101562500e+02 1.765634887695312500e+03 7.767081856727600098e-01
4.350825195312500000e+02 1.147701904296875000e+03 5.332345366477966309e-01
5.766091308593750000e+02 1.278561889648437500e+03 8.176711797714233398e-01
4.405144958496093750e+02 1.561415893554687500e+03 7.959586381912231445e-01
6.867860717773437500e+02 5.714238281250000000e+02 9.260327816009521484e-01
0.000000000000000000e+00 0.000000000000000000e+00 0.000000000000000000e+00
6.079184570312500000e+02 6.083615722656250000e+02 9.359941482543945312e-01
0.000000000000000000e+00 0.000000000000000000e+00 0.000000000000000000e+00
5.085945434570312500e+02 1.608543945312500000e+03 6.362389028072357178e-02
0.000000000000000000e+00 0.000000000000000000e+00 0.000000000000000000e+00
4.090795593261718750e+02 1.587489868164062500e+03 7.869367599487304688e-01
6.027398071289062500e+02 1.823212524414062500e+03 7.738725543022155762e-01
5.556502075195312500e+02 1.833847045898437500e+03 6.412262320518493652e-01
4.090482482910156250e+02 1.776166259765625000e+03 7.731646299362182617e-01
