7.811430664062500000e+02 7.233602294921875000e+02 8.992775678634643555e-01
6.237807006835937500e+02 8.647280883789062500e+02 7.230700254440307617e-01
6.027426757812500000e+02 8.596406250000000000e+02 7.898489236831665039e-01
4.822592773437500000e+02 1.158028686523437500e+03 9.112059473991394043e-01
5.714265136718750000e+02 9.590215454101562500e+02 7.166524529457092285e-01
6.551826782226562500e+02 8.597137451171875000e+02 7.692824602127075195e-01
6.394862060546875000e+02 1.027113403320312500e+03 9.583308547735214233e-02
0.000000000000000000e+00 0.000000000000000000e+00 0.000000000000000000e+00
4.194635009765625000e+02 1.205138916015625000e+03 5.873441100120544434e-01
3.776538696289062500e+02 1.231418701171875000e+03 6.641831398010253906e-01
7.234033203125000000e+02 1.399218505859375000e+03 8.855829238891601562e-01
5.188417358398437500e+02 1.655607299804687500e+03 8.595305681228637695e-01
4.613917541503906250e+02 1.189324829101562500e+03 4.991173148155212402e-01
6.867102050781250000e+02 1.236498901367187500e+03 8.901407122611999512e-01
5.190626220703125000e+02 1.482941162109375000e+03 8.613006472587585449e-01
7.703327026367187500e+02 6.918713378906250000e+02 9.397065043449401855e-01
0.000000000000000000e+00 0.000000000000000000e+00 0.000000000000000000e+00
6.866926879882812500e+02 7.077061767578125000e+02 7.696810364723205566e-01
0.000000000000000000e+00 0.000000000000000000e+00 0.000000000000000000e+00
5.662313232421875000e+02 1.519441772460937500e+03 2.135330289602279663e-01
5.610532836914062500e+02 1.493284912109375000e+03 1.905386447906494141e-01
4.823917541503906250e+02 1.503678100585937500e+03 8.903590440750122070e-01
6.394412841796875000e+02 1.729055541992187500e+03 7.237530946731567383e-01
5.976445312500000000e+02 1.734324951171875000e+03 7.547677159309387207e-01
4.770612792968750000e+02 1.661079956054687500e+03 8.291276097297668457e-01
