7.811094970703125000e+02 1.042814697265625000e+03 8.668105006217956543e-01
6.081948852539062500e+02 1.021676879882812500e+03 7.958978414535522461e-01
6.079692382812500000e+02 1.058372680664062500e+03 8.284204006195068359e-01
4.773166503906250000e+02 1.231305297851562500e+03 8.575534820556640625e-01
6.134677124023437500e+02 1.147393310546875000e+03 8.301496505737304688e-01
6.133234863281250000e+02 9.799067993164062500e+02 7.017934322357177734e-01
5.138856811523437500e+02 1.142208862304687500e+03 6.675594300031661987e-02
6.291091308593750000e+02 1.126642333984375000e+03 1.541120857000350952e-01
2.938461303710937500e+02 1.236735229492187500e+03 5.930965542793273926e-01
2.990438232421875000e+02 1.267948974609375000e+03 6.832219362258911133e-01
6.342207031250000000e+02 1.257512207031250000e+03 8.291516304016113281e-01
4.824043579101562500e+02 1.519431030273437500e+03 8.359284400939941406e-01
2.781544799804687500e+02 1.215670043945312500e+03 4.225608408451080322e-01
5.922596435546875000e+02 1.205135009765625000e+03 5.389741659164428711e-01
4.825707397460937500e+02 1.409578002929687500e+03 8.055303692817687988e-01
7.810671386718750000e+02 1.021821594238281250e+03 9.160538911819458008e-01
0.000000000000000000e+00 0.000000000000000000e+00 0.000000000000000000e+00
7.284631958007812500e+02 9.905093994140625000e+02 9.210075736045837402e-01
0.000000000000000000e+00 0.000000000000000000e+00 0.000000000000000000e+00
6.026274414062500000e+02 1.430505493164062500e+03 6.711082458496093750e-01
6.025717163085937500e+02 1.425235107421875000e+03 6.676665544509887695e-01
4.407681884765625000e+02 1.430483398437500000e+03 7.850039005279541016e-01
6.028308715820312500e+02 1.571713256835937500e+03 8.039187192916870117e-01
5.660339965820312500e+02 1.577042724609375000e+03 8.330623507499694824e-01
4.457959289550781250e+02 1.530133911132812500e+03 8.428273797035217285e-01
