8.752343139648437500e+02 3.252475280761718750e+02 7.938735485076904297e-01
6.081174926757812500e+02 4.509367370605468750e+02 5.856450200080871582e-01
5.610206909179687500e+02 4.509664916992187500e+02 5.624433755874633789e-01
3.251683349609375000e+02 6.342927856445312500e+02 7.482811212539672852e-01
5.296171264648437500e+02 3.567245483398437500e+02 8.250164389610290527e-01
6.709688720703125000e+02 4.562331848144531250e+02 4.457793235778808594e-01
0.000000000000000000e+00 0.000000000000000000e+00 0.000000000000000000e+00
0.000000000000000000e+00 0.000000000000000000e+00 0.000000000000000000e+00
3.881107177734375000e+02 9.014009399414062500e+02 5.027198791503906250e-01
3.200267639160156250e+02 9.275270385742187500e+02 5.016280412673950195e-01
6.921016845703125000e+02 1.105827758789062500e+03 8.424079418182373047e-01
4.354028930664062500e+02 1.540454345703125000e+03 7.540273666381835938e-01
4.666110229492187500e+02 8.857107543945312500e+02 3.773228228092193604e-01
7.703687744140625000e+02 1.000964172363281250e+03 7.916432619094848633e-01
0.000000000000000000e+00 0.000000000000000000e+00 0.000000000000000000e+00
8.594609375000000000e+02 2.729645690917968750e+02 8.922009468078613281e-01
8.958983154296875000e+02 2.783537902832031250e+02 5.717831850051879883e-02
7.443567504882812500e+02 2.571376953125000000e+02 8.289478421211242676e-01
0.000000000000000000e+00 0.000000000000000000e+00 0.000000000000000000e+00
0.000000000000000000e+00 0.000000000000000000e+00 0.000000000000000000e+00
0.000000000000000000e+00 0.000000000000000000e+00 0.000000000000000000e+00
0.000000000000000000e+00 0.000000000000000000e+00 0.000000000000000000e+00
5.557077026367187500e+02 1.666210571289062500e+03 6.330716013908386230e-01
5.033141784667968750e+02 1.666125854492187500e+03 5.366284251213073730e-01
3.931097412109375000e+02 1.561456176757812500e+03 6.985491514205932617e-01
