1.209814224243164062e+02 6.863353271484375000e+02 8.705140352249145508e-01
3.147475891113281250e+02 7.757476196289062500e+02 6.713711619377136230e-01
3.041723937988281250e+02 7.755570678710937500e+02 4.822998940944671631e-01
0.000000000000000000e+00 0.000000000000000000e+00 0.000000000000000000e+00
0.000000000000000000e+00 0.000000000000000000e+00 0.000000000000000000e+00
3.305869140625000000e+02 7.758070678710937500e+02 7.626790404319763184e-01
5.138727416992187500e+02 9.537668457031250000e+02 8.468070030212402344e-01
2.886640319824218750e+02 8.542177124023437500e+02 8.584579229354858398e-01
5.661914062500000000e+02 1.116120971679687500e+03 6.067123413085937500e-01
5.242526245117187500e+02 1.105776977539062500e+03 4.877806603908538818e-01
3.202171630859375000e+02 1.158047119140625000e+03 8.296948671340942383e-01
4.825634460449218750e+02 1.420008911132812500e+03 7.709482908248901367e-01
6.080416259765625000e+02 1.131967163085937500e+03 6.435052752494812012e-01
3.356625976562500000e+02 1.367638916015625000e+03 8.339446783065795898e-01
5.191090698242187500e+02 1.608437133789062500e+03 8.401390910148620605e-01
0.000000000000000000e+00 0.000000000000000000e+00 0.000000000000000000e+00
1.471031188964843750e+02 6.551598510742187500e+02 9.222019314765930176e-01
0.000000000000000000e+00 0.000000000000000000e+00 0.000000000000000000e+00
2.308628997802734375e+02 6.916696166992187500e+02 9.186555743217468262e-01
4.038618164062500000e+02 1.723667114257812500e+03 7.748507857322692871e-01
4.561568603515625000e+02 1.718515136718750000e+03 6.790961027145385742e-01
5.609125976562500000e+02 1.613905395507812500e+03 8.031522631645202637e-01
5.136485595703125000e+02 1.477464599609375000e+03 2.365771532058715820e-01
0.000000000000000000e+00 0.000000000000000000e+00 0.000000000000000000e+00
5.189147949218750000e+02 1.440762695312500000e+03 8.095880150794982910e-01
