1.107034683227539062e+02 8.332285766601562500e+02 8.440014123916625977e-01
3.148615722656250000e+02 9.171267089843750000e+02 6.135091781616210938e-01
3.094405212402343750e+02 9.118856201171875000e+02 4.243420660495758057e-01
0.000000000000000000e+00 0.000000000000000000e+00 0.000000000000000000e+00
0.000000000000000000e+00 0.000000000000000000e+00 0.000000000000000000e+00
3.305565795898437500e+02 9.223499755859375000e+02 7.511733174324035645e-01
4.717226257324218750e+02 1.110813964843750000e+03 9.056010842323303223e-01
2.414372711181640625e+02 9.958071899414062500e+02 8.186284899711608887e-01
6.132813110351562500e+02 1.200100708007812500e+03 4.752981364727020264e-01
6.080487060546875000e+02 1.194658447265625000e+03 2.979767024517059326e-01
3.461466674804687500e+02 1.278514648437500000e+03 2.780186533927917480e-01
4.928041381835937500e+02 1.393794067382812500e+03 5.381782054901123047e-01
6.289956665039062500e+02 1.226228149414062500e+03 6.420775055885314941e-01
3.148173522949218750e+02 1.336197631835937500e+03 8.330248594284057617e-01
5.294671630859375000e+02 1.561309570312500000e+03 7.978451848030090332e-01
0.000000000000000000e+00 0.000000000000000000e+00 0.000000000000000000e+00
1.419802398681640625e+02 8.123520507812500000e+02 9.384459257125854492e-01
0.000000000000000000e+00 0.000000000000000000e+00 0.000000000000000000e+00
2.254475555419921875e+02 8.490350952148437500e+02 8.877353072166442871e-01
4.350878601074218750e+02 1.676656616210937500e+03 7.654147148132324219e-01
4.769817504882812500e+02 1.671463989257812500e+03 6.786166429519653320e-01
5.714312133789062500e+02 1.566584472656250000e+03 7.925847768783569336e-01
0.000000000000000000e+00 0.000000000000000000e+00 0.000000000000000000e+00
0.000000000000000000e+00 0.000000000000000000e+00 0.000000000000000000e+00
5.243861694335937500e+02 1.393718261718750000e+03 4.877543747425079346e-01
