2.258520507812500000e+02 7.760031127929687500e+02 9.225544333457946777e-01
3.933478698730468750e+02 9.012885131835937500e+02 7.309655547142028809e-01
3.933577575683593750e+02 8.908289184570312500e+02 5.598477125167846680e-01
0.000000000000000000e+00 0.000000000000000000e+00 0.000000000000000000e+00
0.000000000000000000e+00 0.000000000000000000e+00 0.000000000000000000e+00
3.932759704589843750e+02 9.067937011718750000e+02 8.411449790000915527e-01
4.142575683593750000e+02 1.152855102539062500e+03 8.770798444747924805e-01
3.149722595214843750e+02 9.484578857421875000e+02 8.761557936668395996e-01
5.767521362304687500e+02 1.231325927734375000e+03 6.182613372802734375e-01
5.871329956054687500e+02 1.199990966796875000e+03 4.808382987976074219e-01
3.511585998535156250e+02 1.315085205078125000e+03 8.993210792541503906e-01
4.771749877929687500e+02 1.535111083984375000e+03 8.371584415435791016e-01
5.766312866210937500e+02 1.257611450195312500e+03 6.130601167678833008e-01
3.149967956542968750e+02 1.482933959960937500e+03 9.276393651962280273e-01
4.928007507324218750e+02 1.692106933593750000e+03 8.219156265258789062e-01
0.000000000000000000e+00 0.000000000000000000e+00 0.000000000000000000e+00
2.518613128662109375e+02 7.651873779296875000e+02 8.680753707885742188e-01
0.000000000000000000e+00 0.000000000000000000e+00 0.000000000000000000e+00
3.253110961914062500e+02 7.758868408203125000e+02 8.982074856758117676e-01
3.829249877929687500e+02 1.749925537109375000e+03 7.676204442977905273e-01
4.194844055175781250e+02 1.760463012695312500e+03 7.540054321289062500e-01
5.244768066406250000e+02 1.697403442382812500e+03 9.060069322586059570e-01
4.405263366699218750e+02 1.597990478515625000e+03 8.392843604087829590e-02
4.406153259277343750e+02 1.603128295898437500e+03 6.892722845077514648e-02
5.136100463867187500e+02 1.561384277343750000e+03 8.674770593643188477e-01
