8.856639404296875000e+02 2.991170654296875000e+02 7.839641571044921875e-01
6.081284179687500000e+02 4.247745361328125000e+02 5.955959558486938477e-01
5.660635986328125000e+02 4.298876037597656250e+02 5.994387865066528320e-01
3.149676208496093750e+02 5.818379516601562500e+02 7.711362838745117188e-01
5.295662841796875000e+02 3.148043823242187500e+02 8.290461897850036621e-01
6.709348754882812500e+02 4.247971191406250000e+02 4.593441486358642578e-01
0.000000000000000000e+00 0.000000000000000000e+00 0.000000000000000000e+00
0.000000000000000000e+00 0.000000000000000000e+00 0.000000000000000000e+00
3.881156311035156250e+02 8.648736572265625000e+02 5.232020020484924316e-01
3.148612976074218750e+02 8.909839477539062500e+02 5.183882117271423340e-01
6.761163940429687500e+02 1.100473999023437500e+03 7.696356773376464844e-01
4.404558105468750000e+02 1.540550415039062500e+03 7.430260777473449707e-01
4.666848144531250000e+02 8.542850952148437500e+02 4.328287243843078613e-01
7.598618164062500000e+02 9.905533447265625000e+02 7.691711187362670898e-01
6.027163085937500000e+02 1.278479003906250000e+03 1.658199131488800049e-01
8.646914062500000000e+02 2.467517242431640625e+02 8.292059898376464844e-01
0.000000000000000000e+00 0.000000000000000000e+00 0.000000000000000000e+00
7.547161865234375000e+02 2.258788757324218750e+02 8.477540016174316406e-01
0.000000000000000000e+00 0.000000000000000000e+00 0.000000000000000000e+00
6.551848754882812500e+02 1.346584106445312500e+03 4.290344417095184326e-01
6.499631347656250000e+02 1.330878417968750000e+03 4.321740567684173584e-01
6.078447875976562500e+02 1.320358642578125000e+03 1.127428114414215088e-01
5.452862548828125000e+02 1.676588989257812500e+03 6.220442652702331543e-01
4.980780639648437500e+02 1.671334960937500000e+03 5.380300283432006836e-01
3.933790893554687500e+02 1.566603637695312500e+03 7.030281424522399902e-01
