1.156905975341796875e+02 8.384964599609375000e+02 8.193650245666503906e-01
3.199647521972656250e+02 9.170420532226562500e+02 6.348355412483215332e-01
3.148294372558593750e+02 9.065582275390625000e+02 4.692562818527221680e-01
0.000000000000000000e+00 0.000000000000000000e+00 0.000000000000000000e+00
0.000000000000000000e+00 0.000000000000000000e+00 0.000000000000000000e+00
3.253777160644531250e+02 9.327214965820312500e+02 7.731056809425354004e-01
4.718999633789062500e+02 1.110723754882812500e+03 9.185006618499755859e-01
2.414511108398437500e+02 1.000988403320312500e+03 8.109893798828125000e-01
6.238098144531250000e+02 1.200121582031250000e+03 4.641349315643310547e-01
6.290029296875000000e+02 1.189481567382812500e+03 2.995770275592803955e-01
3.776770935058593750e+02 1.199928710937500000e+03 2.305342257022857666e-01
4.929138183593750000e+02 1.388547119140625000e+03 5.782403945922851562e-01
6.341699218750000000e+02 1.231319702148437500e+03 6.321634650230407715e-01
3.199818115234375000e+02 1.341334838867187500e+03 8.135434389114379883e-01
5.295471801757812500e+02 1.561390502929687500e+03 7.955803871154785156e-01
0.000000000000000000e+00 0.000000000000000000e+00 0.000000000000000000e+00
1.419065704345703125e+02 8.125065307617187500e+02 9.242885708808898926e-01
0.000000000000000000e+00 0.000000000000000000e+00 0.000000000000000000e+00
2.205244903564453125e+02 8.490712280273437500e+02 8.643785715103149414e-01
4.350719299316406250e+02 1.676629760742187500e+03 7.599694728851318359e-01
4.769817504882812500e+02 1.676515991210937500e+03 6.801100969314575195e-01
5.714743041992187500e+02 1.566647338867187500e+03 7.999936342239379883e-01
5.242578735351562500e+02 1.409478271484375000e+03 2.992049753665924072e-01
5.243145141601562500e+02 1.409521362304687500e+03 3.175743222236633301e-01
5.243830566406250000e+02 1.393701293945312500e+03 5.315714478492736816e-01
