8.649750366210937500e+02 3.201334838867187500e+02 8.111191987991333008e-01
6.080728149414062500e+02 4.562185974121093750e+02 5.760194063186645508e-01
5.609476318359375000e+02 4.456816101074218750e+02 5.570686459541320801e-01
3.199887084960937500e+02 6.445132446289062500e+02 7.725675702095031738e-01
5.192271118164062500e+02 3.827387084960937500e+02 8.012092113494873047e-01
6.762232055664062500e+02 4.770574340820312500e+02 4.625728130340576172e-01
0.000000000000000000e+00 0.000000000000000000e+00 0.000000000000000000e+00
0.000000000000000000e+00 0.000000000000000000e+00 0.000000000000000000e+00
3.881578063964843750e+02 9.016243896484375000e+02 5.126848220825195312e-01
3.200200500488281250e+02 9.328441162109375000e+02 5.225973129272460938e-01
6.972808837890625000e+02 1.110827392578125000e+03 8.137521147727966309e-01
4.404506835937500000e+02 1.550904907226562500e+03 7.260042428970336914e-01
4.666804504394531250e+02 8.908627319335937500e+02 3.920314013957977295e-01
7.704425048828125000e+02 1.006217346191406250e+03 7.942389249801635742e-01
6.133558959960937500e+02 1.189487670898437500e+03 8.709535002708435059e-02
8.544327392578125000e+02 2.731480712890625000e+02 8.998276591300964355e-01
0.000000000000000000e+00 0.000000000000000000e+00 0.000000000000000000e+00
7.389381103515625000e+02 2.673561096191406250e+02 8.889439105987548828e-01
0.000000000000000000e+00 0.000000000000000000e+00 0.000000000000000000e+00
0.000000000000000000e+00 0.000000000000000000e+00 0.000000000000000000e+00
0.000000000000000000e+00 0.000000000000000000e+00 0.000000000000000000e+00
0.000000000000000000e+00 0.000000000000000000e+00 0.000000000000000000e+00
5.557437744140625000e+02 1.681738769531250000e+03 6.357356309890747070e-01
5.137857666015625000e+02 1.676680419921875000e+03 5.287001132965087891e-01
3.934551391601562500e+02 1.566732543945312500e+03 7.065563797950744629e-01
