7.758419189453125000e+02 7.024918212890625000e+02 8.998259305953979492e-01
6.133699951171875000e+02 8.542946166992187500e+02 7.749148607254028320e-01
5.923692626953125000e+02 8.541633911132812500e+02 7.637824416160583496e-01
4.771573486328125000e+02 1.142400024414062500e+03 8.947499990463256836e-01
5.660286254882812500e+02 9.382557373046875000e+02 7.675221562385559082e-01
6.499900512695312500e+02 8.542620239257812500e+02 7.802660465240478516e-01
6.289997558593750000e+02 1.027083618164062500e+03 8.590155839920043945e-02
0.000000000000000000e+00 0.000000000000000000e+00 0.000000000000000000e+00
4.090757751464843750e+02 1.194680297851562500e+03 6.240489482879638672e-01
3.619147033691406250e+02 1.220867431640625000e+03 6.463456153869628906e-01
7.180324707031250000e+02 1.398854125976562500e+03 8.514529466629028320e-01
5.138015136718750000e+02 1.655921630859375000e+03 8.327549099922180176e-01
4.613571166992187500e+02 1.173826171875000000e+03 4.910190701484680176e-01
6.864096069335937500e+02 1.236495605468750000e+03 8.865185379981994629e-01
5.190978393554687500e+02 1.482782226562500000e+03 8.512052297592163086e-01
7.600449218750000000e+02 6.864068603515625000e+02 8.808707594871520996e-01
0.000000000000000000e+00 0.000000000000000000e+00 0.000000000000000000e+00
6.813250732421875000e+02 6.917620849609375000e+02 7.583079934120178223e-01
0.000000000000000000e+00 0.000000000000000000e+00 0.000000000000000000e+00
5.713966674804687500e+02 1.519362426757812500e+03 1.556911617517471313e-01
5.608551025390625000e+02 1.488053588867187500e+03 1.323782801628112793e-01
4.824521484375000000e+02 1.498609497070312500e+03 8.712628483772277832e-01
6.341853027343750000e+02 1.729025634765625000e+03 7.126314640045166016e-01
5.923669433593750000e+02 1.734350219726562500e+03 7.359259128570556641e-01
4.769484252929687500e+02 1.671422241210937500e+03 8.180456757545471191e-01
