1.105195312500000000e+02 6.447667236328125000e+02 9.122576713562011719e-01
3.147083435058593750e+02 7.392267456054687500e+02 6.465553641319274902e-01
2.990120849609375000e+02 7.339432373046875000e+02 4.542051851749420166e-01
0.000000000000000000e+00 0.000000000000000000e+00 0.000000000000000000e+00
0.000000000000000000e+00 0.000000000000000000e+00 0.000000000000000000e+00
3.357223510742187500e+02 7.495842285156250000e+02 7.537168264389038086e-01
4.929610290527343750e+02 9.431483764648437500e+02 8.944914340972900391e-01
2.782222900390625000e+02 8.385455932617187500e+02 8.287698030471801758e-01
5.871287841796875000e+02 1.069271972656250000e+03 6.076168417930603027e-01
5.556943359375000000e+02 1.063914062500000000e+03 4.778904914855957031e-01
3.305851135253906250e+02 1.121482788085937500e+03 7.865848541259765625e-01
5.033716735839843750e+02 1.383355102539062500e+03 7.726416587829589844e-01
6.132739257812500000e+02 1.089960571289062500e+03 6.616624593734741211e-01
3.410463867187500000e+02 1.315427856445312500e+03 8.840457797050476074e-01
5.296517333984375000e+02 1.566571289062500000e+03 8.266122937202453613e-01
0.000000000000000000e+00 0.000000000000000000e+00 0.000000000000000000e+00
1.420424804687500000e+02 6.185095214843750000e+02 8.896344304084777832e-01
0.000000000000000000e+00 0.000000000000000000e+00 0.000000000000000000e+00
2.255931243896484375e+02 6.501408691406250000e+02 9.292559623718261719e-01
4.351285400390625000e+02 1.686944824218750000e+03 8.094009757041931152e-01
4.771288452148437500e+02 1.686949829101562500e+03 7.095170021057128906e-01
5.715065307617187500e+02 1.571773315429687500e+03 8.073593378067016602e-01
4.981315002441406250e+02 1.435472900390625000e+03 8.732235431671142578e-02
5.191799926757812500e+02 1.425020019531250000e+03 8.947710692882537842e-02
5.294905395507812500e+02 1.399009643554687500e+03 8.540726900100708008e-01
