8.648467407226562500e+02 4.247617187500000000e+02 8.133337497711181641e-01
6.027418212890625000e+02 4.877488708496093750e+02 5.613623857498168945e-01
5.557243652343750000e+02 4.981021118164062500e+02 5.318475365638732910e-01
3.357078247070312500e+02 6.866495361328125000e+02 7.776688337326049805e-01
5.451694335937500000e+02 4.142748413085937500e+02 7.221133708953857422e-01
6.605046997070312500e+02 4.877059936523437500e+02 4.223276972770690918e-01
0.000000000000000000e+00 0.000000000000000000e+00 0.000000000000000000e+00
0.000000000000000000e+00 0.000000000000000000e+00 0.000000000000000000e+00
3.671722717285156250e+02 9.432309570312500000e+02 5.335395336151123047e-01
3.094636535644531250e+02 9.537479248046875000e+02 5.263925790786743164e-01
6.917492065429687500e+02 1.147508544921875000e+03 8.473479151725769043e-01
4.509917602539062500e+02 1.608350219726562500e+03 7.174929380416870117e-01
4.405288391113281250e+02 9.328764038085937500e+02 4.266323447227478027e-01
7.546806640625000000e+02 1.032393066406250000e+03 7.600594162940979004e-01
6.080299072265625000e+02 1.262846435546875000e+03 6.209269538521766663e-02
8.596347045898437500e+02 3.671101684570312500e+02 8.447806835174560547e-01
0.000000000000000000e+00 0.000000000000000000e+00 0.000000000000000000e+00
7.599564208984375000e+02 3.199247436523437500e+02 8.353785872459411621e-01
0.000000000000000000e+00 0.000000000000000000e+00 0.000000000000000000e+00
0.000000000000000000e+00 0.000000000000000000e+00 0.000000000000000000e+00
0.000000000000000000e+00 0.000000000000000000e+00 0.000000000000000000e+00
0.000000000000000000e+00 0.000000000000000000e+00 0.000000000000000000e+00
5.767317504882812500e+02 1.734329101562500000e+03 6.518580913543701172e-01
5.451698608398437500e+02 1.734360717773437500e+03 5.498373508453369141e-01
4.038583374023437500e+02 1.618966674804687500e+03 6.928471326828002930e-01
