2.361661376953125000e+02 7.758671875000000000e+02 9.121276140213012695e-01
4.037756347656250000e+02 8.963822021484375000e+02 6.807884573936462402e-01
4.039167175292968750e+02 8.908357543945312500e+02 5.068241953849792480e-01
0.000000000000000000e+00 0.000000000000000000e+00 0.000000000000000000e+00
0.000000000000000000e+00 0.000000000000000000e+00 0.000000000000000000e+00
3.988663940429687500e+02 9.065550537109375000e+02 8.430732488632202148e-01
4.353880004882812500e+02 1.152937133789062500e+03 9.567962884902954102e-01
3.460010986328125000e+02 9.485439453125000000e+02 8.668418526649475098e-01
5.766099853515625000e+02 1.226243530273437500e+03 6.124659776687622070e-01
5.609522094726562500e+02 1.200034912109375000e+03 4.682373702526092529e-01
3.512603454589843750e+02 1.315430908203125000e+03 9.158978462219238281e-01
4.823370971679687500e+02 1.540364746093750000e+03 8.175000548362731934e-01
5.974616699218750000e+02 1.241965820312500000e+03 6.334655284881591797e-01
3.201196289062500000e+02 1.482950561523437500e+03 8.965753316879272461e-01
4.980548095703125000e+02 1.692290161132812500e+03 8.250933885574340820e-01
0.000000000000000000e+00 0.000000000000000000e+00 0.000000000000000000e+00
2.673921203613281250e+02 7.651297607421875000e+02 9.222891926765441895e-01
0.000000000000000000e+00 0.000000000000000000e+00 0.000000000000000000e+00
3.462395019531250000e+02 7.759822387695312500e+02 9.121212959289550781e-01
3.879994506835937500e+02 1.755270019531250000e+03 7.519847154617309570e-01
4.246806030273437500e+02 1.765739501953125000e+03 7.458221316337585449e-01
5.294291992187500000e+02 1.697494628906250000e+03 9.029446840286254883e-01
4.405632629394531250e+02 1.592788574218750000e+03 1.004805192351341248e-01
4.406466979980468750e+02 1.597912475585937500e+03 8.108212053775787354e-02
5.188836059570312500e+02 1.566496215820312500e+03 8.849873542785644531e-01
