7.337059326171875000e+02 8.959822387695312500e+02 9.360574483871459961e-01
5.664530029296875000e+02 9.798290405273437500e+02 8.468533754348754883e-01
5.713633422851562500e+02 1.016646179199218750e+03 7.919462919235229492e-01
4.772534179687500000e+02 1.153053833007812500e+03 8.455879688262939453e-01
5.766702880859375000e+02 1.147538330078125000e+03 8.558573722839355469e-01
5.661600341796875000e+02 9.379967651367187500e+02 6.953712701797485352e-01
0.000000000000000000e+00 0.000000000000000000e+00 0.000000000000000000e+00
0.000000000000000000e+00 0.000000000000000000e+00 0.000000000000000000e+00
3.934650573730468750e+02 1.267915527343750000e+03 7.034123539924621582e-01
3.670879516601562500e+02 1.278793457031250000e+03 7.512164115905761719e-01
6.082944335937500000e+02 1.404171264648437500e+03 9.055958390235900879e-01
4.980751037597656250e+02 1.613818237304687500e+03 8.252090811729431152e-01
4.299327087402343750e+02 1.236573486328125000e+03 5.708736181259155273e-01
6.028539428710937500e+02 1.320292602539062500e+03 8.976807594299316406e-01
4.981345520019531250e+02 1.524768188476562500e+03 8.250058889389038086e-01
7.231352539062500000e+02 8.649105834960937500e+02 8.619016408920288086e-01
0.000000000000000000e+00 0.000000000000000000e+00 0.000000000000000000e+00
6.448897705078125000e+02 8.962850952148437500e+02 9.927062988281250000e-01
0.000000000000000000e+00 0.000000000000000000e+00 0.000000000000000000e+00
6.081058959960937500e+02 1.540471069335937500e+03 8.338251709938049316e-01
6.028060302734375000e+02 1.530223754882812500e+03 8.263296484947204590e-01
4.719079895019531250e+02 1.535197875976562500e+03 9.126000404357910156e-01
6.081447753906250000e+02 1.655549560546875000e+03 7.699934244155883789e-01
5.819566040039062500e+02 1.661099243164062500e+03 7.360419631004333496e-01
4.768220825195312500e+02 1.624187500000000000e+03 8.341988921165466309e-01
