3.986302490234375000e+02 8.855736083984375000e+02 8.949590921401977539e-01
5.871033935546875000e+02 9.326719360351562500e+02 7.389029860496520996e-01
5.241723022460937500e+02 9.328500976562500000e+02 6.232370138168334961e-01
5.504097290039062500e+02 1.069122436523437500e+03 1.948049664497375488e-01
4.247595520019531250e+02 1.037684326171875000e+03 1.333189904689788818e-01
6.448561401367187500e+02 9.276238403320312500e+02 7.588196396827697754e-01
7.651063232421875000e+02 1.152678344726562500e+03 8.467718958854675293e-01
6.186162109375000000e+02 1.021906982421875000e+03 7.874194383621215820e-01
7.286973876953125000e+02 1.247045166015625000e+03 5.845266580581665039e-01
6.657051391601562500e+02 1.200021118164062500e+03 4.836369752883911133e-01
4.247161560058593750e+02 1.189694824218750000e+03 8.377446532249450684e-01
6.080039672851562500e+02 1.367551879882812500e+03 1.391397416591644287e-01
7.756757202148437500e+02 1.278757202148437500e+03 6.633810400962829590e-01
4.090330505371093750e+02 1.315045410156250000e+03 8.579114675521850586e-01
6.394548339843750000e+02 1.619005859375000000e+03 7.772338986396789551e-01
0.000000000000000000e+00 0.000000000000000000e+00 0.000000000000000000e+00
3.988009338378906250e+02 8.539954833984375000e+02 9.004200100898742676e-01
0.000000000000000000e+00 0.000000000000000000e+00 0.000000000000000000e+00
4.772785339355468750e+02 8.174619140625000000e+02 9.433969259262084961e-01
5.608031616210937500e+02 1.713259033203125000e+03 6.923001408576965332e-01
5.976708984375000000e+02 1.713348144531250000e+03 6.943937540054321289e-01
6.865028686523437500e+02 1.634708496093750000e+03 7.001898288726806641e-01
0.000000000000000000e+00 0.000000000000000000e+00 0.000000000000000000e+00
0.000000000000000000e+00 0.000000000000000000e+00 0.000000000000000000e+00
6.449067993164062500e+02 1.383326171875000000e+03 1.169632524251937866e-01
