2.285750122070312500e+02 1.572192840576171875e+02 9.313348531723022461e-01
1.868669891357421875e+02 1.954824523925781250e+02 7.316406965255737305e-01
1.816047058105468750e+02 1.972440490722656250e+02 7.834941744804382324e-01
1.607186279296875000e+02 2.564852600097656250e+02 9.484316110610961914e-01
1.746973114013671875e+02 2.129314117431640625e+02 7.844665050506591797e-01
1.937647705078125000e+02 1.903367767333984375e+02 6.199812889099121094e-01
0.000000000000000000e+00 0.000000000000000000e+00 0.000000000000000000e+00
0.000000000000000000e+00 0.000000000000000000e+00 0.000000000000000000e+00
1.485568695068359375e+02 2.947617492675781250e+02 7.442902922630310059e-01
1.433044586181640625e+02 2.999476013183593750e+02 8.075490593910217285e-01
2.146883392333984375e+02 3.522131042480468750e+02 8.819245696067810059e-01
1.589597167968750000e+02 4.095853271484375000e+02 8.813276290893554688e-01
1.606296691894531250e+02 2.860962219238281250e+02 7.070136070251464844e-01
2.059584655761718750e+02 3.139092407226562500e+02 8.829177021980285645e-01
1.606954956054687500e+02 3.748133544921875000e+02 8.411186933517456055e-01
2.181832275390625000e+02 1.468251953125000000e+02 9.045073986053466797e-01
2.286508483886718750e+02 1.467565002441406250e+02 4.394339621067047119e-01
2.006426391601562500e+02 1.502306671142578125e+02 8.197835087776184082e-01
0.000000000000000000e+00 0.000000000000000000e+00 0.000000000000000000e+00
1.849925842285156250e+02 3.975711364746093750e+02 1.281560063362121582e-01
1.849690856933593750e+02 3.976247558593750000e+02 7.246045023202896118e-02
1.485413360595703125e+02 3.800401611328125000e+02 9.031516313552856445e-01
1.903272552490234375e+02 4.235458068847656250e+02 8.750253915786743164e-01
1.833151550292968750e+02 4.252929077148437500e+02 8.435813784599304199e-01
1.467463226318359375e+02 4.113569641113281250e+02 9.143646955490112305e-01
