7.861856079101562500e+02 9.434651489257812500e+02 8.813041448593139648e-01
6.081744995117187500e+02 1.068984008789062500e+03 8.359186053276062012e-01
5.610554199218750000e+02 1.063976074218750000e+03 8.097155094146728516e-01
4.402519531250000000e+02 1.278696044921875000e+03 8.953115940093994141e-01
5.610494995117187500e+02 1.105598388671875000e+03 8.411731123924255371e-01
6.605460205078125000e+02 1.069124145507812500e+03 7.320370078086853027e-01
6.080265502929687500e+02 1.309901245117187500e+03 5.638775229454040527e-02
0.000000000000000000e+00 0.000000000000000000e+00 0.000000000000000000e+00
4.352196960449218750e+02 1.456747558593750000e+03 6.191771626472473145e-01
3.881624755859375000e+02 1.488161865234375000e+03 6.670108437538146973e-01
7.336651000976562500e+02 1.519430175781250000e+03 8.404543399810791016e-01
5.399894409179687500e+02 1.791772460937500000e+03 7.605141997337341309e-01
4.824491882324218750e+02 1.435548095703125000e+03 5.140339136123657227e-01
7.232280273437500000e+02 1.446320922851562500e+03 7.207099795341491699e-01
5.190710449218750000e+02 1.692543457031250000e+03 7.864052057266235352e-01
7.706101684570312500e+02 9.171854858398437500e+02 8.721729516983032227e-01
0.000000000000000000e+00 0.000000000000000000e+00 0.000000000000000000e+00
6.866948852539062500e+02 9.379844970703125000e+02 8.994495868682861328e-01
0.000000000000000000e+00 0.000000000000000000e+00 0.000000000000000000e+00
5.976011962890625000e+02 1.755237182617187500e+03 5.880364775657653809e-02
0.000000000000000000e+00 0.000000000000000000e+00 0.000000000000000000e+00
4.773494262695312500e+02 1.708014526367187500e+03 7.252156138420104980e-01
6.762229614257812500e+02 1.849344482421875000e+03 7.194828391075134277e-01
6.446679687500000000e+02 1.859838623046875000e+03 7.610354423522949219e-01
4.980531311035156250e+02 1.812841064453125000e+03 7.835814356803894043e-01
