7.861314697265625000e+02 9.432886962890625000e+02 8.795010447502136230e-01
6.081888427734375000e+02 1.058478637695312500e+03 8.070603609085083008e-01
5.660195312500000000e+02 1.037722290039062500e+03 8.077379465103149414e-01
4.716973571777343750e+02 1.283828125000000000e+03 8.394967913627624512e-01
5.974891357421875000e+02 1.110989135742187500e+03 8.407092690467834473e-01
6.552964477539062500e+02 1.063846191406250000e+03 7.187352776527404785e-01
6.079479370117187500e+02 1.304718994140625000e+03 1.036510765552520752e-01
6.081888427734375000e+02 1.315232421875000000e+03 1.011876389384269714e-01
4.353629455566406250e+02 1.446115356445312500e+03 6.466763019561767578e-01
3.881714782714843750e+02 1.482616455078125000e+03 6.546688079833984375e-01
7.389514770507812500e+02 1.514205078125000000e+03 8.120188117027282715e-01
5.607564086914062500e+02 1.781439575195312500e+03 8.187270164489746094e-01
4.876575317382812500e+02 1.414728271484375000e+03 5.227040052413940430e-01
7.127948608398437500e+02 1.430309204101562500e+03 7.640157341957092285e-01
5.242139892578125000e+02 1.692239257812500000e+03 8.146097064018249512e-01
7.706540527343750000e+02 9.119218139648437500e+02 8.871155381202697754e-01
0.000000000000000000e+00 0.000000000000000000e+00 0.000000000000000000e+00
6.866658325195312500e+02 9.328365478515625000e+02 8.906286954879760742e-01
0.000000000000000000e+00 0.000000000000000000e+00 0.000000000000000000e+00
5.923468017578125000e+02 1.734275024414062500e+03 6.388296186923980713e-02
0.000000000000000000e+00 0.000000000000000000e+00 0.000000000000000000e+00
4.826350097656250000e+02 1.702731933593750000e+03 7.572931051254272461e-01
6.917760620117187500e+02 1.839004150390625000e+03 7.221440076828002930e-01
6.501282348632812500e+02 1.859666748046875000e+03 7.441715002059936523e-01
5.187789306640625000e+02 1.797175170898437500e+03 8.249021172523498535e-01
