8.019782104492187500e+02 7.652118530273437500e+02 8.859193325042724609e-01
6.342827148437500000e+02 9.014985351562500000e+02 7.443812489509582520e-01
6.028955078125000000e+02 9.015732421875000000e+02 7.880383133888244629e-01
4.929873657226562500e+02 1.189698730468750000e+03 8.773943185806274414e-01
6.026701660156250000e+02 9.854550781250000000e+02 8.006555438041687012e-01
6.605949096679687500e+02 9.012787475585937500e+02 6.722282171249389648e-01
0.000000000000000000e+00 0.000000000000000000e+00 0.000000000000000000e+00
0.000000000000000000e+00 0.000000000000000000e+00 0.000000000000000000e+00
4.142075805664062500e+02 1.231523559570312500e+03 5.933706760406494141e-01
3.776097106933593750e+02 1.267971313476562500e+03 6.486341357231140137e-01
7.285762329101562500e+02 1.404230834960937500e+03 8.913872838020324707e-01
5.138722534179687500e+02 1.650641723632812500e+03 8.434721231460571289e-01
4.457778930664062500e+02 1.194846191406250000e+03 4.442536234855651855e-01
6.867835083007812500e+02 1.236521362304687500e+03 8.717112541198730469e-01
5.189628295898437500e+02 1.482575073242187500e+03 8.457193374633789062e-01
7.755855102539062500e+02 7.337903442382812500e+02 9.484611153602600098e-01
0.000000000000000000e+00 0.000000000000000000e+00 0.000000000000000000e+00
6.918651733398437500e+02 7.547575073242187500e+02 7.000315189361572266e-01
0.000000000000000000e+00 0.000000000000000000e+00 0.000000000000000000e+00
5.715715332031250000e+02 1.488182006835937500e+03 3.001730144023895264e-01
5.663381347656250000e+02 1.482567016601562500e+03 3.030472099781036377e-01
4.822623291015625000e+02 1.493286987304687500e+03 9.135134220123291016e-01
6.343331298828125000e+02 1.723800537109375000e+03 7.161619663238525391e-01
5.974959716796875000e+02 1.734073120117187500e+03 7.350297570228576660e-01
4.769305114746093750e+02 1.660895751953125000e+03 8.297545313835144043e-01
