8.753089599609375000e+02 3.828731079101562500e+02 7.747778296470642090e-01
6.081063842773437500e+02 4.876177673339843750e+02 5.948232412338256836e-01
5.610973510742187500e+02 4.928932800292968750e+02 5.887551307678222656e-01
3.462928161621093750e+02 6.867438964843750000e+02 8.112609386444091797e-01
5.348680419921875000e+02 4.194653930664062500e+02 7.345812916755676270e-01
6.708964233398437500e+02 4.875893859863281250e+02 4.450811445713043213e-01
0.000000000000000000e+00 0.000000000000000000e+00 0.000000000000000000e+00
0.000000000000000000e+00 0.000000000000000000e+00 0.000000000000000000e+00
4.038604431152343750e+02 9.381879272460937500e+02 5.167112946510314941e-01
3.356645202636718750e+02 9.589862670898437500e+02 4.949712455272674561e-01
6.972842407226562500e+02 1.142445800781250000e+03 7.865275144577026367e-01
4.509024658203125000e+02 1.582397949218750000e+03 7.052712440490722656e-01
4.824496154785156250e+02 9.223464965820312500e+02 4.140902161598205566e-01
7.706253662109375000e+02 1.032269409179687500e+03 8.018365502357482910e-01
6.237805786132812500e+02 1.289041992187500000e+03 9.792827814817428589e-02
8.596654052734375000e+02 3.304133911132812500e+02 8.537740111351013184e-01
0.000000000000000000e+00 0.000000000000000000e+00 0.000000000000000000e+00
7.495090332031250000e+02 3.095012817382812500e+02 8.525147438049316406e-01
0.000000000000000000e+00 0.000000000000000000e+00 0.000000000000000000e+00
6.762159423828125000e+02 1.372732177734375000e+03 1.724048405885696411e-01
6.709182739257812500e+02 1.367583740234375000e+03 1.770267933607101440e-01
0.000000000000000000e+00 0.000000000000000000e+00 0.000000000000000000e+00
5.661542968750000000e+02 1.723816040039062500e+03 6.216340661048889160e-01
5.190933227539062500e+02 1.723663085937500000e+03 5.241357684135437012e-01
3.987738647460937500e+02 1.608383056640625000e+03 7.046540379524230957e-01
