1.471583709716796875e+02 6.813208007812500000e+02 9.115971922874450684e-01
3.408807678222656250e+02 7.704163818359375000e+02 6.818399429321289062e-01
3.200194702148437500e+02 7.651610717773437500e+02 5.103223919868469238e-01
0.000000000000000000e+00 0.000000000000000000e+00 0.000000000000000000e+00
0.000000000000000000e+00 0.000000000000000000e+00 0.000000000000000000e+00
3.515119018554687500e+02 7.706696777343750000e+02 8.428535461425781250e-01
5.294886474609375000e+02 9.487548828125000000e+02 8.400344252586364746e-01
3.147908325195312500e+02 8.593126220703125000e+02 9.163060784339904785e-01
6.028999023437500000e+02 1.105666503906250000e+03 6.297816038131713867e-01
5.660898437500000000e+02 1.084815917968750000e+03 4.547106027603149414e-01
3.515861816406250000e+02 1.147751831054687500e+03 8.526583313941955566e-01
5.138381958007812500e+02 1.414673706054687500e+03 7.986012101173400879e-01
6.394949340820312500e+02 1.116242309570312500e+03 6.593221426010131836e-01
3.566780395507812500e+02 1.351931274414062500e+03 8.851593732833862305e-01
5.346726074218750000e+02 1.598042724609375000e+03 7.678518891334533691e-01
0.000000000000000000e+00 0.000000000000000000e+00 0.000000000000000000e+00
1.784841308593750000e+02 6.499455566406250000e+02 8.997083902359008789e-01
0.000000000000000000e+00 0.000000000000000000e+00 0.000000000000000000e+00
2.570845947265625000e+02 6.864250488281250000e+02 8.763397932052612305e-01
4.352101135253906250e+02 1.708065429687500000e+03 7.687014937400817871e-01
4.772015380859375000e+02 1.708000244140625000e+03 7.037853002548217773e-01
5.766314697265625000e+02 1.608354858398437500e+03 7.772026658058166504e-01
0.000000000000000000e+00 0.000000000000000000e+00 0.000000000000000000e+00
0.000000000000000000e+00 0.000000000000000000e+00 0.000000000000000000e+00
5.347803344726562500e+02 1.435580566406250000e+03 8.076762557029724121e-01
