7.861339111328125000e+02 6.657225341796875000e+02 8.254558444023132324e-01
6.186691894531250000e+02 7.495781860351562500e+02 5.872240066528320312e-01
6.132601928710937500e+02 7.702453613281250000e+02 8.657967448234558105e-01
5.191738281250000000e+02 9.590163574218750000e+02 8.876815438270568848e-01
6.500050659179687500e+02 8.174116210937500000e+02 9.021821618080139160e-01
6.394975585937500000e+02 7.337800903320312500e+02 5.053546428680419922e-01
0.000000000000000000e+00 0.000000000000000000e+00 0.000000000000000000e+00
0.000000000000000000e+00 0.000000000000000000e+00 0.000000000000000000e+00
3.566822204589843750e+02 9.853311157226562500e+02 6.549003124237060547e-01
3.410043334960937500e+02 1.006210510253906250e+03 6.794990897178649902e-01
6.082219238281250000e+02 1.199974609375000000e+03 9.034689068794250488e-01
4.718934020996093750e+02 1.477568603515625000e+03 8.300100564956665039e-01
3.880515441894531250e+02 9.798328857421875000e+02 4.838579893112182617e-01
5.974263916015625000e+02 1.105881958007812500e+03 8.749861121177673340e-01
4.718286132812500000e+02 1.362208007812500000e+03 7.907604575157165527e-01
7.756485595703125000e+02 6.447258911132812500e+02 9.576630592346191406e-01
0.000000000000000000e+00 0.000000000000000000e+00 0.000000000000000000e+00
7.128367919921875000e+02 6.497369384765625000e+02 9.177304506301879883e-01
0.000000000000000000e+00 0.000000000000000000e+00 0.000000000000000000e+00
5.664145507812500000e+02 1.393746582031250000e+03 7.195415496826171875e-01
5.662329711914062500e+02 1.383268798828125000e+03 7.116516828536987305e-01
4.350386962890625000e+02 1.388365966796875000e+03 8.610622882843017578e-01
5.872279052734375000e+02 1.519444702148437500e+03 8.078553676605224609e-01
5.609555053710937500e+02 1.524892822265625000e+03 9.124463796615600586e-01
4.353258666992187500e+02 1.488242675781250000e+03 8.616201877593994141e-01
