1.472756958007812500e+02 6.501841430664062500e+02 9.063120484352111816e-01
3.515340270996093750e+02 7.391530151367187500e+02 6.986376643180847168e-01
3.566039428710937500e+02 7.286127319335937500e+02 5.822501778602600098e-01
4.770929565429687500e+02 8.070949096679687500e+02 1.050971448421478271e-01
0.000000000000000000e+00 0.000000000000000000e+00 0.000000000000000000e+00
3.515516052246093750e+02 7.600169067382812500e+02 8.115398287773132324e-01
5.346871337890625000e+02 9.431208496093750000e+02 8.955733776092529297e-01
3.148372802734375000e+02 8.489514160156250000e+02 8.945049047470092773e-01
6.133940429687500000e+02 1.074323486328125000e+03 6.067720055580139160e-01
5.872009277343750000e+02 1.063907104492187500e+03 4.539807438850402832e-01
3.619167785644531250e+02 1.121411743164062500e+03 8.158969879150390625e-01
5.240854492187500000e+02 1.399081665039062500e+03 8.208034038543701172e-01
6.446118774414062500e+02 1.100313232421875000e+03 6.599341630935668945e-01
3.670825195312500000e+02 1.320591796875000000e+03 8.577900528907775879e-01
5.555641479492187500e+02 1.571644409179687500e+03 8.359747529029846191e-01
0.000000000000000000e+00 0.000000000000000000e+00 0.000000000000000000e+00
1.786926574707031250e+02 6.343500976562500000e+02 8.665640950202941895e-01
0.000000000000000000e+00 0.000000000000000000e+00 0.000000000000000000e+00
2.622898559570312500e+02 6.552133789062500000e+02 8.812409043312072754e-01
4.405684814453125000e+02 1.687046508789062500e+03 7.942264676094055176e-01
4.876666259765625000e+02 1.687064453125000000e+03 6.969851851463317871e-01
5.923148803710937500e+02 1.577059814453125000e+03 7.715262174606323242e-01
5.294653930664062500e+02 1.440817138671875000e+03 1.114037781953811646e-01
0.000000000000000000e+00 0.000000000000000000e+00 0.000000000000000000e+00
5.504194335937500000e+02 1.409580688476562500e+03 7.856027483940124512e-01
