8.752138671875000000e+02 3.620212707519531250e+02 7.988129258155822754e-01
6.080962524414062500e+02 4.876229858398437500e+02 5.892018079757690430e-01
5.609360961914062500e+02 4.876563720703125000e+02 5.264354944229125977e-01
3.305566711425781250e+02 6.761063232421875000e+02 7.415461540222167969e-01
5.295584716796875000e+02 3.985688476562500000e+02 8.045490384101867676e-01
6.761052856445312500e+02 4.928251647949218750e+02 4.442485868930816650e-01
0.000000000000000000e+00 0.000000000000000000e+00 0.000000000000000000e+00
0.000000000000000000e+00 0.000000000000000000e+00 0.000000000000000000e+00
3.986870422363281250e+02 9.379181518554687500e+02 5.168155431747436523e-01
3.357545471191406250e+02 9.537331542968750000e+02 5.050750970840454102e-01
7.023374023437500000e+02 1.142257202148437500e+03 7.757115960121154785e-01
4.406969604492187500e+02 1.576999877929687500e+03 7.552579641342163086e-01
4.823531494140625000e+02 9.067197875976562500e+02 4.096443355083465576e-01
7.705334472656250000e+02 1.026979125976562500e+03 8.172762989997863770e-01
6.291026000976562500e+02 1.220910400390625000e+03 7.798065245151519775e-02
8.594817504882812500e+02 3.147129516601562500e+02 8.924559354782104492e-01
0.000000000000000000e+00 0.000000000000000000e+00 0.000000000000000000e+00
7.392099609375000000e+02 2.937445678710937500e+02 8.311692476272583008e-01
0.000000000000000000e+00 0.000000000000000000e+00 0.000000000000000000e+00
0.000000000000000000e+00 0.000000000000000000e+00 0.000000000000000000e+00
0.000000000000000000e+00 0.000000000000000000e+00 0.000000000000000000e+00
0.000000000000000000e+00 0.000000000000000000e+00 0.000000000000000000e+00
5.661613159179687500e+02 1.702805053710937500e+03 6.519831418991088867e-01
5.190604248046875000e+02 1.702763549804687500e+03 5.982764363288879395e-01
3.985401916503906250e+02 1.592854736328125000e+03 7.099292874336242676e-01
