8.699763183593750000e+02 3.410020446777343750e+02 8.007475733757019043e-01
6.080523681640625000e+02 4.770195007324218750e+02 5.977023839950561523e-01
5.660812377929687500e+02 4.770759582519531250e+02 5.677376985549926758e-01
3.150010070800781250e+02 6.498786621093750000e+02 8.008899092674255371e-01
5.190368652343750000e+02 3.881085205078125000e+02 8.286106586456298828e-01
6.657006835937500000e+02 4.771896972656250000e+02 4.278615713119506836e-01
0.000000000000000000e+00 0.000000000000000000e+00 0.000000000000000000e+00
0.000000000000000000e+00 0.000000000000000000e+00 0.000000000000000000e+00
3.986134033203125000e+02 9.222861328125000000e+02 5.216532945632934570e-01
3.357738952636718750e+02 9.432316894531250000e+02 5.338014364242553711e-01
7.179567871093750000e+02 1.116100830078125000e+03 7.881726026535034180e-01
4.458138732910156250e+02 1.566465942382812500e+03 7.200709581375122070e-01
4.771739196777343750e+02 9.012790527343750000e+02 4.298045337200164795e-01
7.706357421875000000e+02 1.021681091308593750e+03 7.915360927581787109e-01
0.000000000000000000e+00 0.000000000000000000e+00 0.000000000000000000e+00
8.543548583984375000e+02 2.886143798828125000e+02 8.542110323905944824e-01
0.000000000000000000e+00 0.000000000000000000e+00 0.000000000000000000e+00
7.340391235351562500e+02 2.729105834960937500e+02 8.912094831466674805e-01
0.000000000000000000e+00 0.000000000000000000e+00 0.000000000000000000e+00
0.000000000000000000e+00 0.000000000000000000e+00 0.000000000000000000e+00
0.000000000000000000e+00 0.000000000000000000e+00 0.000000000000000000e+00
0.000000000000000000e+00 0.000000000000000000e+00 0.000000000000000000e+00
5.611071166992187500e+02 1.692426513671875000e+03 6.542493104934692383e-01
5.190133056640625000e+02 1.692324829101562500e+03 5.846423506736755371e-01
3.987229614257812500e+02 1.572089111328125000e+03 6.639491319656372070e-01
