8.649551391601562500e+02 3.459993286132812500e+02 8.088895082473754883e-01
6.080259399414062500e+02 4.718325500488281250e+02 5.855753421783447266e-01
5.608690795898437500e+02 4.718002319335937500e+02 5.339882373809814453e-01
3.200091857910156250e+02 6.447976074218750000e+02 7.959306836128234863e-01
5.243099975585937500e+02 3.775865783691406250e+02 7.994476556777954102e-01
6.760935668945312500e+02 4.770833740234375000e+02 4.320986270904541016e-01
0.000000000000000000e+00 0.000000000000000000e+00 0.000000000000000000e+00
0.000000000000000000e+00 0.000000000000000000e+00 0.000000000000000000e+00
3.933609924316406250e+02 9.066997680664062500e+02 5.393893122673034668e-01
3.201238708496093750e+02 9.379144287109375000e+02 5.357719063758850098e-01
7.022879638671875000e+02 1.105881835937500000e+03 8.059678077697753906e-01
4.457621154785156250e+02 1.550959106445312500e+03 6.882558465003967285e-01
4.719273986816406250e+02 8.960087280273437500e+02 4.219756126403808594e-01
7.704227905273437500e+02 1.011451538085937500e+03 7.987233400344848633e-01
6.186779785156250000e+02 1.273363647460937500e+03 8.115991950035095215e-02
8.594401855468750000e+02 2.833591918945312500e+02 8.757731318473815918e-01
0.000000000000000000e+00 0.000000000000000000e+00 0.000000000000000000e+00
7.442138061523437500e+02 2.675005187988281250e+02 8.737369775772094727e-01
0.000000000000000000e+00 0.000000000000000000e+00 0.000000000000000000e+00
6.709260253906250000e+02 1.346699951171875000e+03 2.003237456083297729e-01
6.656756591796875000e+02 1.336250244140625000e+03 1.910173892974853516e-01
0.000000000000000000e+00 0.000000000000000000e+00 0.000000000000000000e+00
5.610291137695312500e+02 1.687157226562500000e+03 5.980562567710876465e-01
5.190402832031250000e+02 1.687132934570312500e+03 4.918324053287506104e-01
3.986738586425781250e+02 1.566787719726562500e+03 7.242857217788696289e-01
