8.598162231445312500e+02 3.253799743652343750e+02 8.089082241058349609e-01
6.029909057617187500e+02 4.458292236328125000e+02 5.829496383666992188e-01
5.609123535156250000e+02 4.405094604492187500e+02 5.320396423339843750e-01
3.148853149414062500e+02 6.395575561523437500e+02 7.908458709716796875e-01
5.242298583984375000e+02 3.672243652343750000e+02 8.093754053115844727e-01
6.709550170898437500e+02 4.666360473632812500e+02 4.574539661407470703e-01
0.000000000000000000e+00 0.000000000000000000e+00 0.000000000000000000e+00
0.000000000000000000e+00 0.000000000000000000e+00 0.000000000000000000e+00
3.881117248535156250e+02 9.016152954101562500e+02 5.280248522758483887e-01
3.200335083007812500e+02 9.327000122070312500e+02 5.200397968292236328e-01
6.920957031250000000e+02 1.110736694335937500e+03 8.372621536254882812e-01
4.407136840820312500e+02 1.545623413085937500e+03 7.046025395393371582e-01
4.562311096191406250e+02 8.909566040039062500e+02 4.147867560386657715e-01
7.702795410156250000e+02 1.000955505371093750e+03 7.811765670776367188e-01
6.082077636718750000e+02 1.189436767578125000e+03 6.704196333885192871e-02
8.544244384765625000e+02 2.730872497558593750e+02 8.919782638549804688e-01
0.000000000000000000e+00 0.000000000000000000e+00 0.000000000000000000e+00
7.390800170898437500e+02 2.622173767089843750e+02 8.424687385559082031e-01
0.000000000000000000e+00 0.000000000000000000e+00 0.000000000000000000e+00
0.000000000000000000e+00 0.000000000000000000e+00 0.000000000000000000e+00
0.000000000000000000e+00 0.000000000000000000e+00 0.000000000000000000e+00
0.000000000000000000e+00 0.000000000000000000e+00 0.000000000000000000e+00
5.452384643554687500e+02 1.676627685546875000e+03 5.786738395690917969e-01
4.981077270507812500e+02 1.666263305664062500e+03 5.082976222038269043e-01
3.984936218261718750e+02 1.561435546875000000e+03 5.795865654945373535e-01
