8.700836791992187500e+02 3.776669311523437500e+02 7.765735983848571777e-01
6.029971313476562500e+02 4.824473876953125000e+02 5.665135979652404785e-01
5.504680175781250000e+02 4.771887207031250000e+02 5.793904066085815430e-01
3.462108459472656250e+02 6.865535888671875000e+02 7.794359326362609863e-01
5.452380371093750000e+02 3.987080078125000000e+02 7.901419401168823242e-01
6.709948120117187500e+02 4.877507629394531250e+02 4.480328857898712158e-01
0.000000000000000000e+00 0.000000000000000000e+00 0.000000000000000000e+00
0.000000000000000000e+00 0.000000000000000000e+00 0.000000000000000000e+00
4.142388000488281250e+02 9.381671142578125000e+02 5.179888010025024414e-01
3.410118408203125000e+02 9.538224487304687500e+02 4.985975623130798340e-01
7.024889526367187500e+02 1.142435058593750000e+03 7.930107116699218750e-01
4.458490905761718750e+02 1.577208374023437500e+03 7.022576928138732910e-01
4.876102600097656250e+02 9.223771972656250000e+02 4.259089827537536621e-01
7.754909057617187500e+02 1.027411743164062500e+03 7.932798862457275391e-01
6.184747314453125000e+02 1.194775512695312500e+03 8.581683039665222168e-02
8.594926147460937500e+02 3.201127014160156250e+02 8.594268560409545898e-01
0.000000000000000000e+00 0.000000000000000000e+00 0.000000000000000000e+00
7.443869628906250000e+02 3.092506713867187500e+02 8.433544635772705078e-01
0.000000000000000000e+00 0.000000000000000000e+00 0.000000000000000000e+00
0.000000000000000000e+00 0.000000000000000000e+00 0.000000000000000000e+00
0.000000000000000000e+00 0.000000000000000000e+00 0.000000000000000000e+00
0.000000000000000000e+00 0.000000000000000000e+00 0.000000000000000000e+00
5.661412353515625000e+02 1.713336669921875000e+03 6.145440936088562012e-01
5.189901733398437500e+02 1.708092895507812500e+03 5.278875231742858887e-01
3.987006225585937500e+02 1.603219848632812500e+03 6.279973387718200684e-01
