7.862543334960937500e+02 9.435615844726562500e+02 8.702578544616699219e-01
6.082094116210937500e+02 1.069172607421875000e+03 8.288104534149169922e-01
5.611546020507812500e+02 1.068990112304687500e+03 8.145100474357604980e-01
4.354329223632812500e+02 1.283739257812500000e+03 8.879707455635070801e-01
5.608745117187500000e+02 1.105751464843750000e+03 8.516026139259338379e-01
6.605102539062500000e+02 1.069222045898437500e+03 7.177304029464721680e-01
6.029598999023437500e+02 1.309949951171875000e+03 8.813901245594024658e-02
0.000000000000000000e+00 0.000000000000000000e+00 0.000000000000000000e+00
4.403702392578125000e+02 1.456746093750000000e+03 6.231470108032226562e-01
3.932077331542968750e+02 1.488130859375000000e+03 6.630672216415405273e-01
7.337504272460937500e+02 1.519559814453125000e+03 8.461920619010925293e-01
5.451506347656250000e+02 1.791770629882812500e+03 7.594091296195983887e-01
4.876819458007812500e+02 1.435599731445312500e+03 5.356654524803161621e-01
7.284558715820312500e+02 1.451311889648437500e+03 6.958987712860107422e-01
5.190715332031250000e+02 1.697475219726562500e+03 7.799084782600402832e-01
7.705634155273437500e+02 9.223444824218750000e+02 8.819383382797241211e-01
0.000000000000000000e+00 0.000000000000000000e+00 0.000000000000000000e+00
6.865603027343750000e+02 9.381437377929687500e+02 9.166609644889831543e-01
0.000000000000000000e+00 0.000000000000000000e+00 0.000000000000000000e+00
6.028629150390625000e+02 1.765558471679687500e+03 6.077715754508972168e-02
0.000000000000000000e+00 0.000000000000000000e+00 0.000000000000000000e+00
4.773560180664062500e+02 1.708139770507812500e+03 7.128291130065917969e-01
6.812582397460937500e+02 1.844306030273437500e+03 7.251514196395874023e-01
6.447070312500000000e+02 1.859832397460937500e+03 7.649191617965698242e-01
4.981552124023437500e+02 1.812866943359375000e+03 7.828267812728881836e-01
