8.698976440429687500e+02 3.462107238769531250e+02 8.129069805145263672e-01
6.079478759765625000e+02 4.770780639648437500e+02 5.788313150405883789e-01
5.609089965820312500e+02 4.772241821289062500e+02 5.250215530395507812e-01
3.149825744628906250e+02 6.501264648437500000e+02 7.778190374374389648e-01
5.189950561523437500e+02 3.880194702148437500e+02 8.076274394989013672e-01
6.708817138671875000e+02 4.771338500976562500e+02 4.120194017887115479e-01
0.000000000000000000e+00 0.000000000000000000e+00 0.000000000000000000e+00
0.000000000000000000e+00 0.000000000000000000e+00 0.000000000000000000e+00
3.986745300292968750e+02 9.170798339843750000e+02 5.254741311073303223e-01
3.305520629882812500e+02 9.381958007812500000e+02 5.341216325759887695e-01
7.075212402343750000e+02 1.111082275390625000e+03 7.977068424224853516e-01
4.509148254394531250e+02 1.561290771484375000e+03 7.113788723945617676e-01
4.824220581054687500e+02 8.962393188476562500e+02 4.326023757457733154e-01
7.705881347656250000e+02 1.016574829101562500e+03 7.871834039688110352e-01
6.238687744140625000e+02 1.241906860351562500e+03 8.300603181123733521e-02
8.593328247070312500e+02 2.885987243652343750e+02 8.544019460678100586e-01
0.000000000000000000e+00 0.000000000000000000e+00 0.000000000000000000e+00
7.390847167968750000e+02 2.678038330078125000e+02 8.941047191619873047e-01
0.000000000000000000e+00 0.000000000000000000e+00 0.000000000000000000e+00
0.000000000000000000e+00 0.000000000000000000e+00 0.000000000000000000e+00
0.000000000000000000e+00 0.000000000000000000e+00 0.000000000000000000e+00
0.000000000000000000e+00 0.000000000000000000e+00 0.000000000000000000e+00
5.609374389648437500e+02 1.692275512695312500e+03 6.857051253318786621e-01
5.189183349609375000e+02 1.692210083007812500e+03 5.893989205360412598e-01
3.987774047851562500e+02 1.571877563476562500e+03 7.158516645431518555e-01
