7.810681762695312500e+02 1.042895263671875000e+03 8.639363050460815430e-01
6.081703491210937500e+02 1.021648742675781250e+03 8.014938831329345703e-01
6.079665527343750000e+02 1.058398437500000000e+03 8.332329392433166504e-01
4.773035888671875000e+02 1.231381103515625000e+03 8.609834909439086914e-01
6.186159667968750000e+02 1.142413330078125000e+03 8.321009278297424316e-01
6.132888793945312500e+02 9.799064331054687500e+02 7.018276453018188477e-01
5.138769531250000000e+02 1.137153564453125000e+03 6.511461734771728516e-02
6.343041381835937500e+02 1.131900268554687500e+03 1.283185482025146484e-01
2.938203125000000000e+02 1.236789550781250000e+03 5.996021032333374023e-01
2.990860595703125000e+02 1.268014160156250000e+03 6.873152256011962891e-01
6.342315063476562500e+02 1.257543090820312500e+03 8.311643004417419434e-01
4.823926391601562500e+02 1.519446044921875000e+03 8.390570878982543945e-01
2.730668334960937500e+02 1.220855590820312500e+03 4.327580034732818604e-01
5.870973510742187500e+02 1.210451782226562500e+03 5.287053585052490234e-01
4.825534057617187500e+02 1.409637329101562500e+03 7.993853688240051270e-01
7.810239868164062500e+02 1.021858703613281250e+03 9.185484647750854492e-01
0.000000000000000000e+00 0.000000000000000000e+00 0.000000000000000000e+00
7.284724121093750000e+02 9.905340576171875000e+02 9.253160357475280762e-01
0.000000000000000000e+00 0.000000000000000000e+00 0.000000000000000000e+00
6.026149291992187500e+02 1.430536499023437500e+03 6.607052087783813477e-01
6.025682983398437500e+02 1.425269653320312500e+03 6.576766371726989746e-01
4.407763671875000000e+02 1.430510986328125000e+03 7.772946357727050781e-01
6.028121948242187500e+02 1.571705566406250000e+03 8.043408393859863281e-01
5.660282592773437500e+02 1.577044189453125000e+03 8.300819993019104004e-01
4.458010864257812500e+02 1.530149169921875000e+03 8.412484526634216309e-01
