8.804282226562500000e+02 3.147708129882812500e+02 8.116319179534912109e-01
6.080168457031250000e+02 4.403668212890625000e+02 5.706121921539306641e-01
5.662082519531250000e+02 4.404418029785156250e+02 5.743857026100158691e-01
3.201670837402343750e+02 6.083377075195312500e+02 7.771207094192504883e-01
5.295776367187500000e+02 3.514485473632812500e+02 8.267995715141296387e-01
6.657229003906250000e+02 4.405718078613281250e+02 4.185740649700164795e-01
0.000000000000000000e+00 0.000000000000000000e+00 0.000000000000000000e+00
0.000000000000000000e+00 0.000000000000000000e+00 0.000000000000000000e+00
3.880057983398437500e+02 8.857340087890625000e+02 5.040268898010253906e-01
3.147947692871093750e+02 9.013740234375000000e+02 5.394057631492614746e-01
6.865521240234375000e+02 1.105613037109375000e+03 8.324146270751953125e-01
4.354060058593750000e+02 1.530112670898437500e+03 7.344304919242858887e-01
4.665889892578125000e+02 8.647075195312500000e+02 4.104065299034118652e-01
7.651039428710937500e+02 1.000841552734375000e+03 7.626906633377075195e-01
6.030258178710937500e+02 1.273294677734375000e+03 7.163923978805541992e-02
8.597277221679687500e+02 2.676610107421875000e+02 8.845932483673095703e-01
0.000000000000000000e+00 0.000000000000000000e+00 0.000000000000000000e+00
7.547260742187500000e+02 2.363034820556640625e+02 8.290275335311889648e-01
0.000000000000000000e+00 0.000000000000000000e+00 0.000000000000000000e+00
6.500793457031250000e+02 1.330943847656250000e+03 1.758388876914978027e-01
6.497923583984375000e+02 1.325665893554687500e+03 1.735152006149291992e-01
0.000000000000000000e+00 0.000000000000000000e+00 0.000000000000000000e+00
5.243419189453125000e+02 1.671309204101562500e+03 5.492458939552307129e-01
4.667162475585937500e+02 1.660926025390625000e+03 4.422718584537506104e-01
3.931439208984375000e+02 1.550910644531250000e+03 6.335327625274658203e-01
