8.856876831054687500e+02 3.880732421875000000e+02 8.033307790756225586e-01
6.029122924804687500e+02 4.877069091796875000e+02 5.752285122871398926e-01
5.504575805664062500e+02 4.823866577148437500e+02 4.812101423740386963e-01
3.511733398437500000e+02 6.919078979492187500e+02 7.944394946098327637e-01
5.452221679687500000e+02 4.299209594726562500e+02 7.800765633583068848e-01
6.710065307617187500e+02 5.033282470703125000e+02 4.404329955577850342e-01
0.000000000000000000e+00 0.000000000000000000e+00 0.000000000000000000e+00
0.000000000000000000e+00 0.000000000000000000e+00 0.000000000000000000e+00
3.933396911621093750e+02 9.433874511718750000e+02 5.105172395706176758e-01
3.201477050781250000e+02 9.694451293945312500e+02 5.096194744110107422e-01
6.972103881835937500e+02 1.142433471679687500e+03 7.868432998657226562e-01
4.561218261718750000e+02 1.592857177734375000e+03 6.868271827697753906e-01
4.666826171875000000e+02 9.327628173828125000e+02 3.913777768611907959e-01
7.704951782226562500e+02 1.032304809570312500e+03 7.851675748825073242e-01
6.238598632812500000e+02 1.273284301757812500e+03 6.007861346006393433e-02
8.597205200195312500e+02 3.460005798339843750e+02 8.657244443893432617e-01
8.909545288085937500e+02 3.515359802246093750e+02 5.331738293170928955e-02
7.496174926757812500e+02 3.146945190429687500e+02 8.555440902709960938e-01
0.000000000000000000e+00 0.000000000000000000e+00 0.000000000000000000e+00
0.000000000000000000e+00 0.000000000000000000e+00 0.000000000000000000e+00
0.000000000000000000e+00 0.000000000000000000e+00 0.000000000000000000e+00
0.000000000000000000e+00 0.000000000000000000e+00 0.000000000000000000e+00
5.660654296875000000e+02 1.723793579101562500e+03 6.343387365341186523e-01
5.138621215820312500e+02 1.723630493164062500e+03 5.522252321243286133e-01
4.038467407226562500e+02 1.608497558593750000e+03 6.936396360397338867e-01
