7.915215454101562500e+02 7.650085449218750000e+02 8.300747275352478027e-01
6.083605957031250000e+02 8.178038940429687500e+02 6.989170312881469727e-01
6.132472534179687500e+02 8.490928955078125000e+02 8.614265322685241699e-01
5.086499328613281250e+02 1.026980834960937500e+03 9.218406677246093750e-01
6.501017456054687500e+02 9.012182617187500000e+02 9.087710976600646973e-01
6.134632568359375000e+02 8.069891967773437500e+02 5.602265000343322754e-01
0.000000000000000000e+00 0.000000000000000000e+00 0.000000000000000000e+00
0.000000000000000000e+00 0.000000000000000000e+00 0.000000000000000000e+00
3.251755676269531250e+02 1.032358520507812500e+03 6.161444783210754395e-01
3.147315063476562500e+02 1.058425903320312500e+03 7.222350239753723145e-01
6.030551757812500000e+02 1.199940307617187500e+03 9.158150553703308105e-01
4.718274841308593750e+02 1.477672485351562500e+03 8.250603675842285156e-01
3.461220703125000000e+02 1.021739379882812500e+03 4.437758922576904297e-01
5.872062988281250000e+02 1.110871215820312500e+03 8.601076006889343262e-01
4.562546997070312500e+02 1.362561889648437500e+03 7.938715219497680664e-01
7.759146118164062500e+02 7.336674194335937500e+02 9.406621456146240234e-01
0.000000000000000000e+00 0.000000000000000000e+00 0.000000000000000000e+00
7.231022338867187500e+02 7.339008178710937500e+02 9.244838356971740723e-01
0.000000000000000000e+00 0.000000000000000000e+00 0.000000000000000000e+00
5.664251098632812500e+02 1.393852539062500000e+03 7.242533564567565918e-01
5.661943359375000000e+02 1.388437133789062500e+03 7.007851004600524902e-01
4.298968200683593750e+02 1.388593383789062500e+03 8.607367277145385742e-01
5.871002197265625000e+02 1.524441040039062500e+03 7.834916114807128906e-01
5.607733764648437500e+02 1.529848754882812500e+03 8.505668640136718750e-01
4.352901611328125000e+02 1.493208007812500000e+03 8.375250101089477539e-01
