1.210183410644531250e+02 6.813544921875000000e+02 8.710442781448364258e-01
3.149186706542968750e+02 7.755981445312500000e+02 7.028416991233825684e-01
3.095316162109375000e+02 7.704332275390625000e+02 5.227942466735839844e-01
0.000000000000000000e+00 0.000000000000000000e+00 0.000000000000000000e+00
0.000000000000000000e+00 0.000000000000000000e+00 0.000000000000000000e+00
3.305210876464843750e+02 7.758445434570312500e+02 7.699083685874938965e-01
5.137246704101562500e+02 9.485419311523437500e+02 8.549627661705017090e-01
2.885543212890625000e+02 8.539873657226562500e+02 8.495773077011108398e-01
5.714428710937500000e+02 1.111156982421875000e+03 5.880035161972045898e-01
5.347420043945312500e+02 1.105750976562500000e+03 4.466832280158996582e-01
3.201448974609375000e+02 1.153071655273437500e+03 8.352575898170471191e-01
4.825227661132812500e+02 1.419975219726562500e+03 7.756122350692749023e-01
6.080371704101562500e+02 1.131869384765625000e+03 6.368447542190551758e-01
3.408472290039062500e+02 1.362479980468750000e+03 8.613982200622558594e-01
5.190518798828125000e+02 1.608481445312500000e+03 8.374925851821899414e-01
0.000000000000000000e+00 0.000000000000000000e+00 0.000000000000000000e+00
1.471858825683593750e+02 6.502379760742187500e+02 9.215958118438720703e-01
0.000000000000000000e+00 0.000000000000000000e+00 0.000000000000000000e+00
2.309352722167968750e+02 6.918876342773437500e+02 9.284529089927673340e-01
4.039097900390625000e+02 1.723686767578125000e+03 7.734816074371337891e-01
4.562520751953125000e+02 1.718564575195312500e+03 6.837653517723083496e-01
5.608527832031250000e+02 1.613922607421875000e+03 7.907482385635375977e-01
5.086008300781250000e+02 1.472279052734375000e+03 2.113294154405593872e-01
5.191123046875000000e+02 1.456697509765625000e+03 2.169393599033355713e-01
5.189088745117187500e+02 1.440774658203125000e+03 8.214800357818603516e-01
