2.286058349609375000e+02 1.571733856201171875e+02 9.267890453338623047e-01
1.884883422851562500e+02 1.920134887695312500e+02 7.492004632949829102e-01
1.833000488281250000e+02 1.955027313232421875e+02 7.728269100189208984e-01
1.607052764892578125e+02 2.564659423828125000e+02 9.477013349533081055e-01
1.746638641357421875e+02 2.112026367187500000e+02 7.944854497909545898e-01
1.955092468261718750e+02 1.885985565185546875e+02 6.219855546951293945e-01
0.000000000000000000e+00 0.000000000000000000e+00 0.000000000000000000e+00
0.000000000000000000e+00 0.000000000000000000e+00 0.000000000000000000e+00
1.502222290039062500e+02 2.930210266113281250e+02 7.223526239395141602e-01
1.450164337158203125e+02 2.999141235351562500e+02 8.088712692260742188e-01
2.146949768066406250e+02 3.521998291015625000e+02 8.830009698867797852e-01
1.589682312011718750e+02 4.079385375976562500e+02 8.679951429367065430e-01
1.589671936035156250e+02 2.860447998046875000e+02 6.701487898826599121e-01
2.059633636474609375e+02 3.139002990722656250e+02 8.843640685081481934e-01
1.607426300048828125e+02 3.730857849121093750e+02 8.473933935165405273e-01
2.181955108642578125e+02 1.467949066162109375e+02 9.140139222145080566e-01
2.286738586425781250e+02 1.467343597412109375e+02 6.398386955261230469e-01
2.006307983398437500e+02 1.485525360107421875e+02 8.178664445877075195e-01
0.000000000000000000e+00 0.000000000000000000e+00 0.000000000000000000e+00
0.000000000000000000e+00 0.000000000000000000e+00 0.000000000000000000e+00
0.000000000000000000e+00 0.000000000000000000e+00 0.000000000000000000e+00
1.485645294189453125e+02 3.799974670410156250e+02 9.068366289138793945e-01
1.920026702880859375e+02 4.218858337402343750e+02 8.518354296684265137e-01
1.850201263427734375e+02 4.236461791992187500e+02 8.583298921585083008e-01
1.467532348632812500e+02 4.097225646972656250e+02 9.226493239402770996e-01
