9.066300659179687500e+02 1.147313476562500000e+03 8.771287202835083008e-01
6.761738891601562500e+02 1.226088867187500000e+03 6.493156552314758301e-01
6.865889892578125000e+02 1.236502929687500000e+03 8.429549932479858398e-01
6.029870605468750000e+02 1.503856933593750000e+03 8.208359479904174805e-01
7.759827270507812500e+02 1.294215209960937500e+03 8.265814781188964844e-01
6.501593627929687500e+02 1.194702514648437500e+03 5.400004982948303223e-01
0.000000000000000000e+00 0.000000000000000000e+00 0.000000000000000000e+00
0.000000000000000000e+00 0.000000000000000000e+00 0.000000000000000000e+00
3.880087890625000000e+02 1.572004882812500000e+03 4.723411500453948975e-01
3.671691589355468750e+02 1.603144165039062500e+03 5.995860695838928223e-01
7.024495239257812500e+02 1.587615600585937500e+03 7.153701782226562500e-01
5.296296386718750000e+02 1.912359863281250000e+03 5.701609253883361816e-01
3.933314819335937500e+02 1.561356567382812500e+03 3.134188950061798096e-01
7.232383422851562500e+02 1.566648681640625000e+03 1.608537286520004272e-01
5.452440795898437500e+02 1.823389648437500000e+03 1.538867056369781494e-01
8.958641357421875000e+02 1.105914184570312500e+03 9.446689486503601074e-01
0.000000000000000000e+00 0.000000000000000000e+00 0.000000000000000000e+00
8.018907470703125000e+02 1.116187866210937500e+03 8.706738948822021484e-01
0.000000000000000000e+00 0.000000000000000000e+00 0.000000000000000000e+00
0.000000000000000000e+00 0.000000000000000000e+00 0.000000000000000000e+00
0.000000000000000000e+00 0.000000000000000000e+00 0.000000000000000000e+00
4.824927978515625000e+02 1.818197021484375000e+03 1.509431302547454834e-01
6.445213623046875000e+02 1.865473754882812500e+03 1.139086931943893433e-01
5.504969482421875000e+02 1.912475097656250000e+03 1.741379499435424805e-01
5.189172973632812500e+02 1.912394165039062500e+03 3.990286290645599365e-01
