1.157347259521484375e+02 6.865101928710937500e+02 8.967418670654296875e-01
3.146457214355468750e+02 7.810086059570312500e+02 6.566706895828247070e-01
2.990931396484375000e+02 7.757794189453125000e+02 4.551070332527160645e-01
0.000000000000000000e+00 0.000000000000000000e+00 0.000000000000000000e+00
0.000000000000000000e+00 0.000000000000000000e+00 0.000000000000000000e+00
3.305572509765625000e+02 7.862973022460937500e+02 7.222884297370910645e-01
5.085700073242187500e+02 9.746741333007812500e+02 8.489714264869689941e-01
2.834304199218750000e+02 8.595990600585937500e+02 8.576050400733947754e-01
5.661129150390625000e+02 1.116306884765625000e+03 5.945167541503906250e-01
5.242257690429687500e+02 1.105786987304687500e+03 4.600573778152465820e-01
3.199289550781250000e+02 1.158254150390625000e+03 8.279290199279785156e-01
4.826366577148437500e+02 1.430353393554687500e+03 7.805929183959960938e-01
6.029567260742187500e+02 1.142372802734375000e+03 6.605986356735229492e-01
3.304745788574218750e+02 1.378061401367187500e+03 8.051671385765075684e-01
5.191171264648437500e+02 1.608637451171875000e+03 8.606470227241516113e-01
0.000000000000000000e+00 0.000000000000000000e+00 0.000000000000000000e+00
1.469408416748046875e+02 6.604761962890625000e+02 8.886280059814453125e-01
0.000000000000000000e+00 0.000000000000000000e+00 0.000000000000000000e+00
2.258708648681640625e+02 6.971016235351562500e+02 9.117834568023681641e-01
4.090361633300781250e+02 1.723743041992187500e+03 7.839187383651733398e-01
4.614666442871093750e+02 1.718590698242187500e+03 6.999234557151794434e-01
5.609454345703125000e+02 1.618888305664062500e+03 8.169897198677062988e-01
5.085594787597656250e+02 1.482858032226562500e+03 2.663164138793945312e-01
0.000000000000000000e+00 0.000000000000000000e+00 0.000000000000000000e+00
5.190537109375000000e+02 1.441006469726562500e+03 8.607122302055358887e-01
