1.054873275756835938e+02 6.501536865234375000e+02 9.317351579666137695e-01
3.147914123535156250e+02 7.495521240234375000e+02 6.540776491165161133e-01
3.093930664062500000e+02 7.390607299804687500e+02 4.808343946933746338e-01
0.000000000000000000e+00 0.000000000000000000e+00 0.000000000000000000e+00
0.000000000000000000e+00 0.000000000000000000e+00 0.000000000000000000e+00
3.253085327148437500e+02 7.600407714843750000e+02 7.770231962203979492e-01
4.825800476074218750e+02 9.433474731445312500e+02 9.327676296234130859e-01
2.726315002441406250e+02 8.438599853515625000e+02 8.724517822265625000e-01
5.924348754882812500e+02 1.074374389648437500e+03 6.134694814682006836e-01
5.610706787109375000e+02 1.068938598632812500e+03 5.001567006111145020e-01
3.253863220214843750e+02 1.116169067382812500e+03 8.088755011558532715e-01
5.085617065429687500e+02 1.388450073242187500e+03 7.775320410728454590e-01
6.132935180664062500e+02 1.095250366210937500e+03 6.650856137275695801e-01
3.409515991210937500e+02 1.315304321289062500e+03 8.780271410942077637e-01
5.296918334960937500e+02 1.566412841796875000e+03 8.116242885589599609e-01
0.000000000000000000e+00 0.000000000000000000e+00 0.000000000000000000e+00
1.417181396484375000e+02 6.343442382812500000e+02 8.922657966613769531e-01
0.000000000000000000e+00 0.000000000000000000e+00 0.000000000000000000e+00
2.204778442382812500e+02 6.554418945312500000e+02 8.665871024131774902e-01
4.350900268554687500e+02 1.681777465820312500e+03 7.929174304008483887e-01
4.769721984863281250e+02 1.676670166015625000e+03 6.990187168121337891e-01
5.715311279296875000e+02 1.571711303710937500e+03 8.293353915214538574e-01
4.980850830078125000e+02 1.430343017578125000e+03 8.417911827564239502e-02
0.000000000000000000e+00 0.000000000000000000e+00 0.000000000000000000e+00
5.295460815429687500e+02 1.399109252929687500e+03 8.506837487220764160e-01
