1.104612274169921875e+02 6.446669311523437500e+02 9.101200103759765625e-01
3.146594848632812500e+02 7.390227661132812500e+02 6.748620867729187012e-01
3.042554931640625000e+02 7.336444091796875000e+02 4.912433028221130371e-01
0.000000000000000000e+00 0.000000000000000000e+00 0.000000000000000000e+00
0.000000000000000000e+00 0.000000000000000000e+00 0.000000000000000000e+00
3.252503967285156250e+02 7.494854125976562500e+02 7.628461718559265137e-01
4.927703552246093750e+02 9.382563476562500000e+02 9.044108390808105469e-01
2.780238647460937500e+02 8.282049560546875000e+02 8.391962051391601562e-01
5.923876342773437500e+02 1.069050292968750000e+03 6.186982393264770508e-01
5.609532470703125000e+02 1.063641601562500000e+03 4.702399969100952148e-01
3.304670104980468750e+02 1.116134521484375000e+03 8.151477575302124023e-01
5.085384521484375000e+02 1.388459838867187500e+03 7.806924581527709961e-01
6.133786621093750000e+02 1.084713500976562500e+03 6.614174246788024902e-01
3.460093688964843750e+02 1.315338500976562500e+03 8.777965903282165527e-01
5.296817016601562500e+02 1.566521972656250000e+03 8.153576850891113281e-01
0.000000000000000000e+00 0.000000000000000000e+00 0.000000000000000000e+00
1.418360290527343750e+02 6.133932495117187500e+02 8.986829519271850586e-01
0.000000000000000000e+00 0.000000000000000000e+00 0.000000000000000000e+00
2.205288391113281250e+02 6.499216918945312500e+02 9.185038805007934570e-01
4.350335998535156250e+02 1.686889038085937500e+03 7.935939431190490723e-01
4.769771423339843750e+02 1.681890136718750000e+03 7.013431191444396973e-01
5.715108642578125000e+02 1.571842773437500000e+03 8.316781520843505859e-01
4.876351928710937500e+02 1.430406494140625000e+03 9.294338524341583252e-02
0.000000000000000000e+00 0.000000000000000000e+00 0.000000000000000000e+00
5.295291748046875000e+02 1.399128417968750000e+03 8.511302471160888672e-01
