8.751958618164062500e+02 3.199339599609375000e+02 8.139802813529968262e-01
6.079631347656250000e+02 4.352754516601562500e+02 5.731183290481567383e-01
5.662496337890625000e+02 4.352322082519531250e+02 5.602492690086364746e-01
3.148854064941406250e+02 6.030324096679687500e+02 8.184381723403930664e-01
5.295019531250000000e+02 3.512004089355468750e+02 8.013706207275390625e-01
6.604271850585937500e+02 4.404661865234375000e+02 4.215002655982971191e-01
0.000000000000000000e+00 0.000000000000000000e+00 0.000000000000000000e+00
0.000000000000000000e+00 0.000000000000000000e+00 0.000000000000000000e+00
3.880750732421875000e+02 8.909813232421875000e+02 5.345607995986938477e-01
3.149119873046875000e+02 9.015055541992187500e+02 5.440027713775634766e-01
6.813775634765625000e+02 1.105677490234375000e+03 8.152912855148315430e-01
4.403242492675781250e+02 1.556048217773437500e+03 7.192816138267517090e-01
4.614690856933593750e+02 8.700337524414062500e+02 4.300414323806762695e-01
7.548276977539062500e+02 1.000880615234375000e+03 7.510025501251220703e-01
6.029799804687500000e+02 1.278569091796875000e+03 8.576354384422302246e-02
8.595693969726562500e+02 2.726820373535156250e+02 9.181348681449890137e-01
0.000000000000000000e+00 0.000000000000000000e+00 0.000000000000000000e+00
7.495515747070312500e+02 2.414125366210937500e+02 8.265497088432312012e-01
0.000000000000000000e+00 0.000000000000000000e+00 0.000000000000000000e+00
6.501295166015625000e+02 1.346523803710937500e+03 2.718863785266876221e-01
6.498688354492187500e+02 1.331018920898437500e+03 2.632269561290740967e-01
6.083671875000000000e+02 1.320502563476562500e+03 5.774217844009399414e-02
5.399825439453125000e+02 1.686936889648437500e+03 6.114310026168823242e-01
4.980390625000000000e+02 1.681847656250000000e+03 5.042656660079956055e-01
3.933597106933593750e+02 1.566785644531250000e+03 6.746639609336853027e-01
