8.961854553222656250e+01 8.805072631835937500e+02 8.340418338775634766e-01
3.095767822265625000e+02 9.435800170898437500e+02 7.174751758575439453e-01
3.149034423828125000e+02 9.170797729492187500e+02 5.604431629180908203e-01
0.000000000000000000e+00 0.000000000000000000e+00 0.000000000000000000e+00
0.000000000000000000e+00 0.000000000000000000e+00 0.000000000000000000e+00
3.093822937011718750e+02 9.799826660156250000e+02 7.861894965171813965e-01
4.300572509765625000e+02 1.158262939453125000e+03 8.534783124923706055e-01
2.047609863281250000e+02 1.063623535156250000e+03 8.462307453155517578e-01
6.081919555664062500e+02 1.210476684570312500e+03 4.790116548538208008e-01
6.080187377929687500e+02 1.194780273437500000e+03 2.964963614940643311e-01
3.147536621093750000e+02 1.299546020507812500e+03 1.760551482439041138e-01
0.000000000000000000e+00 0.000000000000000000e+00 0.000000000000000000e+00
6.186691894531250000e+02 1.231497680664062500e+03 6.682936549186706543e-01
3.147507629394531250e+02 1.351818603515625000e+03 8.683631420135498047e-01
5.400397338867187500e+02 1.540457275390625000e+03 7.598803043365478516e-01
0.000000000000000000e+00 0.000000000000000000e+00 0.000000000000000000e+00
1.054954833984375000e+02 8.592858886718750000e+02 9.148875474929809570e-01
0.000000000000000000e+00 0.000000000000000000e+00 0.000000000000000000e+00
1.889967651367187500e+02 8.959784545898437500e+02 9.036204814910888672e-01
4.403636169433593750e+02 1.660874023437500000e+03 7.654016613960266113e-01
4.823797302246093750e+02 1.655823730468750000e+03 6.949415802955627441e-01
5.819820556640625000e+02 1.550903930664062500e+03 7.494142651557922363e-01
0.000000000000000000e+00 0.000000000000000000e+00 0.000000000000000000e+00
0.000000000000000000e+00 0.000000000000000000e+00 0.000000000000000000e+00
0.000000000000000000e+00 0.000000000000000000e+00 0.000000000000000000e+00
