8.804517211914062500e+02 2.834561157226562500e+02 7.643012404441833496e-01
6.082340698242187500e+02 3.984282531738281250e+02 5.653728842735290527e-01
5.660899047851562500e+02 3.932180480957031250e+02 6.183474659919738770e-01
3.149835205078125000e+02 5.610498657226562500e+02 8.021825551986694336e-01
5.294617919921875000e+02 3.041466369628906250e+02 7.953387498855590820e-01
6.761887207031250000e+02 4.039162292480468750e+02 4.371936321258544922e-01
0.000000000000000000e+00 0.000000000000000000e+00 0.000000000000000000e+00
0.000000000000000000e+00 0.000000000000000000e+00 0.000000000000000000e+00
3.828484802246093750e+02 8.542394409179687500e+02 5.273597836494445801e-01
3.147854614257812500e+02 8.699509887695312500e+02 5.345380306243896484e-01
6.604816284179687500e+02 1.079478271484375000e+03 7.502283453941345215e-01
4.403246765136718750e+02 1.535354492187500000e+03 7.360596656799316406e-01
4.562320861816406250e+02 8.333348999023437500e+02 3.965184092521667480e-01
7.442477416992187500e+02 9.852777099609375000e+02 7.798931598663330078e-01
5.924212646484375000e+02 1.273216674804687500e+03 1.513133347034454346e-01
8.596750488281250000e+02 2.311186981201171875e+02 8.835642337799072266e-01
0.000000000000000000e+00 0.000000000000000000e+00 0.000000000000000000e+00
7.494212036132812500e+02 2.047523956298828125e+02 8.158313035964965820e-01
0.000000000000000000e+00 0.000000000000000000e+00 0.000000000000000000e+00
6.498836669921875000e+02 1.336201293945312500e+03 3.225426673889160156e-01
6.447885131835937500e+02 1.325755493164062500e+03 3.234462141990661621e-01
6.028856811523437500e+02 1.320478759765625000e+03 7.269047200679779053e-02
5.504304199218750000e+02 1.676535644531250000e+03 6.269586086273193359e-01
5.085495605468750000e+02 1.671325195312500000e+03 5.020924210548400879e-01
3.932501831054687500e+02 1.561275878906250000e+03 6.410140991210937500e-01
