8.751547851562500000e+02 3.618929138183593750e+02 8.014999628067016602e-01
6.081006469726562500e+02 4.928338317871093750e+02 5.929977893829345703e-01
5.608825073242187500e+02 4.928366699218750000e+02 5.388393402099609375e-01
3.304288024902343750e+02 6.813334350585937500e+02 7.572703957557678223e-01
5.295411987304687500e+02 3.987640075683593750e+02 8.033289909362792969e-01
6.761200561523437500e+02 4.929578857421875000e+02 4.656081199645996094e-01
0.000000000000000000e+00 0.000000000000000000e+00 0.000000000000000000e+00
0.000000000000000000e+00 0.000000000000000000e+00 0.000000000000000000e+00
3.986563110351562500e+02 9.380058593750000000e+02 5.243643522262573242e-01
3.304490661621093750e+02 9.537872314453125000e+02 5.123351812362670898e-01
6.971842651367187500e+02 1.142147216796875000e+03 7.683016061782836914e-01
4.458078918457031250e+02 1.571815063476562500e+03 7.147851586341857910e-01
4.823928833007812500e+02 9.119368286132812500e+02 4.144444763660430908e-01
7.706015014648437500e+02 1.027111328125000000e+03 8.151664137840270996e-01
6.342391357421875000e+02 1.315297241210937500e+03 1.040093228220939636e-01
8.594998779296875000e+02 3.147037658691406250e+02 9.070068597793579102e-01
0.000000000000000000e+00 0.000000000000000000e+00 0.000000000000000000e+00
7.494515991210937500e+02 2.989852600097656250e+02 8.205412626266479492e-01
0.000000000000000000e+00 0.000000000000000000e+00 0.000000000000000000e+00
6.815080566406250000e+02 1.372755493164062500e+03 2.132663726806640625e-01
6.762556152343750000e+02 1.362578125000000000e+03 2.161903381347656250e-01
0.000000000000000000e+00 0.000000000000000000e+00 0.000000000000000000e+00
5.610684814453125000e+02 1.708032592773437500e+03 6.172910928726196289e-01
5.137877197265625000e+02 1.702834716796875000e+03 5.263490080833435059e-01
3.987047119140625000e+02 1.587489257812500000e+03 6.522134542465209961e-01
