8.700015869140625000e+02 3.620986938476562500e+02 8.083052635192871094e-01
6.079674072265625000e+02 4.825668029785156250e+02 5.917929410934448242e-01
5.608126831054687500e+02 4.928713684082031250e+02 5.457703471183776855e-01
3.252149047851562500e+02 6.709505615234375000e+02 7.514553070068359375e-01
5.242590942382812500e+02 3.986256103515625000e+02 8.405429124832153320e-01
6.709697875976562500e+02 4.825139770507812500e+02 4.581140577793121338e-01
0.000000000000000000e+00 0.000000000000000000e+00 0.000000000000000000e+00
0.000000000000000000e+00 0.000000000000000000e+00 0.000000000000000000e+00
4.090624694824218750e+02 9.327413330078125000e+02 5.082139968872070312e-01
3.409974060058593750e+02 9.485807495117187500e+02 5.098347663879394531e-01
7.025023803710937500e+02 1.137128906250000000e+03 7.650305032730102539e-01
4.456923828125000000e+02 1.571895996093750000e+03 7.520475387573242188e-01
4.928851623535156250e+02 9.015303344726562500e+02 4.228405654430389404e-01
7.705653686523437500e+02 1.022109802246093750e+03 8.070138692855834961e-01
6.185821533203125000e+02 1.194880859375000000e+03 8.420322835445404053e-02
8.594746704101562500e+02 3.147229614257812500e+02 8.826898932456970215e-01
0.000000000000000000e+00 0.000000000000000000e+00 0.000000000000000000e+00
7.392033081054687500e+02 2.832598876953125000e+02 8.498619198799133301e-01
0.000000000000000000e+00 0.000000000000000000e+00 0.000000000000000000e+00
0.000000000000000000e+00 0.000000000000000000e+00 0.000000000000000000e+00
0.000000000000000000e+00 0.000000000000000000e+00 0.000000000000000000e+00
0.000000000000000000e+00 0.000000000000000000e+00 0.000000000000000000e+00
5.662404174804687500e+02 1.702988647460937500e+03 6.227236986160278320e-01
5.242668457031250000e+02 1.702854614257812500e+03 5.261297821998596191e-01
3.987558898925781250e+02 1.582452392578125000e+03 6.865643858909606934e-01
