7.862758178710937500e+02 1.021909484863281250e+03 9.161316156387329102e-01
6.083488159179687500e+02 9.905081176757812500e+02 7.664371132850646973e-01
6.083430175781250000e+02 1.027254882812500000e+03 8.508024811744689941e-01
4.823097229003906250e+02 1.215578002929687500e+03 8.642642498016357422e-01
6.289666137695312500e+02 1.111152587890625000e+03 8.168550133705139160e-01
6.134149780273437500e+02 9.537871704101562500e+02 6.789127588272094727e-01
5.399478759765625000e+02 1.105677612304687500e+03 8.418481796979904175e-02
0.000000000000000000e+00 0.000000000000000000e+00 0.000000000000000000e+00
2.938700866699218750e+02 1.220999755859375000e+03 5.894390344619750977e-01
3.042330627441406250e+02 1.236883789062500000e+03 7.029137611389160156e-01
6.393023681640625000e+02 1.247195190429687500e+03 8.402172923088073730e-01
4.821890258789062500e+02 1.519379882812500000e+03 8.440644145011901855e-01
2.782559204101562500e+02 1.194628173828125000e+03 4.505168199539184570e-01
6.341398925781250000e+02 1.168594116210937500e+03 6.155786514282226562e-01
4.875993347167968750e+02 1.409538940429687500e+03 7.906255722045898438e-01
7.861562500000000000e+02 9.905144042968750000e+02 8.759045600891113281e-01
0.000000000000000000e+00 0.000000000000000000e+00 0.000000000000000000e+00
7.287332763671875000e+02 9.796635742187500000e+02 9.366610050201416016e-01
0.000000000000000000e+00 0.000000000000000000e+00 0.000000000000000000e+00
6.026350097656250000e+02 1.435521118164062500e+03 7.019447088241577148e-01
5.977193603515625000e+02 1.430324707031250000e+03 7.078103423118591309e-01
4.407659912109375000e+02 1.430423095703125000e+03 7.283118367195129395e-01
6.026864624023437500e+02 1.571751953125000000e+03 7.740346789360046387e-01
5.609415283203125000e+02 1.577135742187500000e+03 8.157660365104675293e-01
4.407360229492187500e+02 1.530061767578125000e+03 8.644316792488098145e-01
