7.914462280273437500e+02 9.801001586914062500e+02 8.539597988128662109e-01
6.083540039062500000e+02 1.089968139648437500e+03 7.487280964851379395e-01
5.664420776367187500e+02 1.079593505859375000e+03 7.924856543540954590e-01
4.718268432617187500e+02 1.320418579101562500e+03 8.792970180511474609e-01
6.026172485351562500e+02 1.147616333007812500e+03 8.665817975997924805e-01
6.552160644531250000e+02 1.100298339843750000e+03 6.779417991638183594e-01
0.000000000000000000e+00 0.000000000000000000e+00 0.000000000000000000e+00
0.000000000000000000e+00 0.000000000000000000e+00 0.000000000000000000e+00
4.352141418457031250e+02 1.461930541992187500e+03 5.732342004776000977e-01
3.932287597656250000e+02 1.493206787109375000e+03 6.494677066802978516e-01
7.336570434570312500e+02 1.503781494140625000e+03 8.286465406417846680e-01
5.607124633789062500e+02 1.781626342773437500e+03 8.024516105651855469e-01
4.823622741699218750e+02 1.435571655273437500e+03 4.902357161045074463e-01
7.129237060546875000e+02 1.430438964843750000e+03 7.528953552246093750e-01
5.243937377929687500e+02 1.692220947265625000e+03 7.774144411087036133e-01
7.757802124023437500e+02 9.484899902343750000e+02 9.000290632247924805e-01
0.000000000000000000e+00 0.000000000000000000e+00 0.000000000000000000e+00
6.917193603515625000e+02 9.695056152343750000e+02 8.503183126449584961e-01
0.000000000000000000e+00 0.000000000000000000e+00 0.000000000000000000e+00
6.133663940429687500e+02 1.728948486328125000e+03 8.158592879772186279e-02
0.000000000000000000e+00 0.000000000000000000e+00 0.000000000000000000e+00
4.876011657714843750e+02 1.697774780273437500e+03 7.205252051353454590e-01
6.919308471679687500e+02 1.844173583984375000e+03 6.774979829788208008e-01
6.501455078125000000e+02 1.859819091796875000e+03 7.069277763366699219e-01
5.187503662109375000e+02 1.812656616210937500e+03 8.114528656005859375e-01
