8.647681274414062500e+02 3.305027465820312500e+02 8.210091590881347656e-01
6.079628295898437500e+02 4.614055786132812500e+02 5.838751792907714844e-01
5.609153442382812500e+02 4.458688049316406250e+02 5.987800359725952148e-01
3.199275207519531250e+02 6.394150390625000000e+02 7.767783999443054199e-01
5.243613891601562500e+02 3.620263977050781250e+02 8.242560625076293945e-01
6.709180908203125000e+02 4.718140563964843750e+02 4.680587053298950195e-01
0.000000000000000000e+00 0.000000000000000000e+00 0.000000000000000000e+00
0.000000000000000000e+00 0.000000000000000000e+00 0.000000000000000000e+00
3.880910949707031250e+02 9.016026000976562500e+02 5.275244712829589844e-01
3.199585266113281250e+02 9.327029418945312500e+02 5.328524112701416016e-01
6.919890747070312500e+02 1.110739868164062500e+03 8.522307276725769043e-01
4.402750549316406250e+02 1.540489990234375000e+03 7.266463041305541992e-01
4.614196166992187500e+02 8.909427490234375000e+02 4.130635261535644531e-01
7.702800903320312500e+02 1.001028625488281250e+03 7.701599001884460449e-01
0.000000000000000000e+00 0.000000000000000000e+00 0.000000000000000000e+00
8.544619140625000000e+02 2.781946411132812500e+02 8.869866728782653809e-01
0.000000000000000000e+00 0.000000000000000000e+00 0.000000000000000000e+00
7.391265258789062500e+02 2.624942321777343750e+02 8.643747568130493164e-01
0.000000000000000000e+00 0.000000000000000000e+00 0.000000000000000000e+00
0.000000000000000000e+00 0.000000000000000000e+00 0.000000000000000000e+00
0.000000000000000000e+00 0.000000000000000000e+00 0.000000000000000000e+00
0.000000000000000000e+00 0.000000000000000000e+00 0.000000000000000000e+00
5.452722778320312500e+02 1.681827514648437500e+03 6.254782676696777344e-01
4.980659790039062500e+02 1.676597045898437500e+03 5.222736597061157227e-01
3.931569824218750000e+02 1.561433715820312500e+03 6.638853549957275391e-01
