1.104992828369140625e+02 8.385305786132812500e+02 8.541751503944396973e-01
3.150039367675781250e+02 9.171405639648437500e+02 6.408575177192687988e-01
3.148600769042968750e+02 9.015675659179687500e+02 4.691774249076843262e-01
0.000000000000000000e+00 0.000000000000000000e+00 0.000000000000000000e+00
0.000000000000000000e+00 0.000000000000000000e+00 0.000000000000000000e+00
3.252832641601562500e+02 9.327650146484375000e+02 7.768492698669433594e-01
4.614323425292968750e+02 1.111045898437500000e+03 8.669466376304626465e-01
2.363276672363281250e+02 1.006158325195312500e+03 8.303586840629577637e-01
6.133532104492187500e+02 1.200116943359375000e+03 4.686666429042816162e-01
6.081584472656250000e+02 1.189559570312500000e+03 3.000979125499725342e-01
3.671983642578125000e+02 1.179008544921875000e+03 2.087203264236450195e-01
4.981203918457031250e+02 1.383304077148437500e+03 3.644712567329406738e-01
6.289806518554687500e+02 1.231231445312500000e+03 6.503098011016845703e-01
3.148209228515625000e+02 1.336261718750000000e+03 8.297119140625000000e-01
5.295275268554687500e+02 1.561390991210937500e+03 7.849469184875488281e-01
0.000000000000000000e+00 0.000000000000000000e+00 0.000000000000000000e+00
1.418156280517578125e+02 8.123988037109375000e+02 9.277705550193786621e-01
0.000000000000000000e+00 0.000000000000000000e+00 0.000000000000000000e+00
2.254358520507812500e+02 8.489258422851562500e+02 8.787202835083007812e-01
4.351205444335937500e+02 1.681808349609375000e+03 7.687329053878784180e-01
4.770760498046875000e+02 1.681741333007812500e+03 6.799225807189941406e-01
5.714620361328125000e+02 1.566699829101562500e+03 7.777376174926757812e-01
5.244495849609375000e+02 1.404237792968750000e+03 1.304234713315963745e-01
5.294514770507812500e+02 1.399186279296875000e+03 1.445596665143966675e-01
5.244248657226562500e+02 1.388536254882812500e+03 3.382825851440429688e-01
