2.361100158691406250e+02 7.757965698242187500e+02 9.167667031288146973e-01
4.037911071777343750e+02 9.015346679687500000e+02 6.786133050918579102e-01
4.037626953125000000e+02 8.960076293945312500e+02 5.234512090682983398e-01
3.568618164062500000e+02 1.105881225585937500e+03 5.823782086372375488e-02
0.000000000000000000e+00 0.000000000000000000e+00 0.000000000000000000e+00
4.038710327148437500e+02 9.170776367187500000e+02 8.046442270278930664e-01
4.402980041503906250e+02 1.152916015625000000e+03 9.535437226295471191e-01
3.461757202148437500e+02 9.484948730468750000e+02 8.902460932731628418e-01
5.766862792968750000e+02 1.231298706054687500e+03 6.195191144943237305e-01
5.610104980468750000e+02 1.200048461914062500e+03 4.646447896957397461e-01
3.512747192382812500e+02 1.315412841796875000e+03 9.138476848602294922e-01
4.822647094726562500e+02 1.540372070312500000e+03 8.066672086715698242e-01
5.974812011718750000e+02 1.247205444335937500e+03 6.209757328033447266e-01
3.201985778808593750e+02 1.482936889648437500e+03 8.865692615509033203e-01
4.981185913085937500e+02 1.692294921875000000e+03 8.249132037162780762e-01
0.000000000000000000e+00 0.000000000000000000e+00 0.000000000000000000e+00
2.674833984375000000e+02 7.650753173828125000e+02 9.107540249824523926e-01
0.000000000000000000e+00 0.000000000000000000e+00 0.000000000000000000e+00
3.513821105957031250e+02 7.758751220703125000e+02 9.479977488517761230e-01
3.880217895507812500e+02 1.755259521484375000e+03 7.493893504142761230e-01
4.247382812500000000e+02 1.765739624023437500e+03 7.427714467048645020e-01
5.294614257812500000e+02 1.697499633789062500e+03 9.048973917961120605e-01
4.353300781250000000e+02 1.603248779296875000e+03 8.279364556074142456e-02
4.402712097167968750e+02 1.608177368164062500e+03 7.181158661842346191e-02
5.188458251953125000e+02 1.566527954101562500e+03 8.649648427963256836e-01
