1.053308486938476562e+02 8.699334106445312500e+02 8.909091353416442871e-01
3.462442321777343750e+02 8.961487426757812500e+02 7.761064767837524414e-01
3.618187866210937500e+02 8.595722656250000000e+02 7.048760652542114258e-01
5.085699768066406250e+02 9.223864746093750000e+02 6.895382404327392578e-01
4.928581848144531250e+02 9.223114013671875000e+02 7.008964568376541138e-02
3.251682434082031250e+02 9.275894775390625000e+02 7.686250209808349609e-01
5.137835693359375000e+02 1.068956298828125000e+03 9.219787120819091797e-01
2.938683471679687500e+02 1.016439086914062500e+03 8.272951841354370117e-01
6.290852050781250000e+02 1.200077392578125000e+03 4.942505359649658203e-01
6.290177612304687500e+02 1.189471923828125000e+03 3.332805037498474121e-01
3.619999084472656250e+02 1.315032714843750000e+03 1.681242585182189941e-01
5.189629516601562500e+02 1.398798095703125000e+03 2.578296661376953125e-01
6.393507080078125000e+02 1.231153930664062500e+03 6.452807188034057617e-01
3.512903137207031250e+02 1.346559570312500000e+03 8.164117336273193359e-01
5.348588867187500000e+02 1.550826416015625000e+03 7.629274725914001465e-01
0.000000000000000000e+00 0.000000000000000000e+00 0.000000000000000000e+00
1.314770812988281250e+02 8.540358276367187500e+02 8.710088729858398438e-01
0.000000000000000000e+00 0.000000000000000000e+00 0.000000000000000000e+00
2.152589263916015625e+02 8.596169433593750000e+02 8.840780854225158691e-01
4.248138732910156250e+02 1.660802490234375000e+03 7.596625685691833496e-01
4.718420715332031250e+02 1.655862548828125000e+03 7.005079984664916992e-01
5.767202148437500000e+02 1.561326293945312500e+03 7.783957719802856445e-01
0.000000000000000000e+00 0.000000000000000000e+00 0.000000000000000000e+00
0.000000000000000000e+00 0.000000000000000000e+00 0.000000000000000000e+00
5.399946289062500000e+02 1.393642822265625000e+03 2.530344128608703613e-01
