4.037684631347656250e+02 8.961856689453125000e+02 9.293138384819030762e-01
5.976763916015625000e+02 9.590084838867187500e+02 7.619422674179077148e-01
5.296998291015625000e+02 9.589622802734375000e+02 6.306305527687072754e-01
5.663653564453125000e+02 1.152909667968750000e+03 1.183303743600845337e-01
0.000000000000000000e+00 0.000000000000000000e+00 0.000000000000000000e+00
6.500341186523437500e+02 9.643369140625000000e+02 7.555932402610778809e-01
7.704230957031250000e+02 1.158067016601562500e+03 8.268972039222717285e-01
6.133784179687500000e+02 1.063590209960937500e+03 7.971580624580383301e-01
7.233676147460937500e+02 1.283696655273437500e+03 5.778257250785827637e-01
6.552613525390625000e+02 1.236746215820312500e+03 4.923098087310791016e-01
4.299716491699218750e+02 1.189441772460937500e+03 8.653308153152465820e-01
5.714630737304687500e+02 1.451373291015625000e+03 2.660636603832244873e-01
7.706403808593750000e+02 1.320411621093750000e+03 6.767116785049438477e-01
3.985835266113281250e+02 1.315100463867187500e+03 9.186068773269653320e-01
6.395314941406250000e+02 1.613788696289062500e+03 7.588060498237609863e-01
3.934242858886718750e+02 8.596773681640625000e+02 9.927351772785186768e-02
4.196289367675781250e+02 8.597344970703125000e+02 8.778724074363708496e-01
0.000000000000000000e+00 0.000000000000000000e+00 0.000000000000000000e+00
4.930006713867187500e+02 8.437059326171875000e+02 8.123323917388916016e-01
5.609854736328125000e+02 1.713258544921875000e+03 6.673657298088073730e-01
6.027932128906250000e+02 1.713374877929687500e+03 6.712487936019897461e-01
6.866310424804687500e+02 1.619054321289062500e+03 7.373753190040588379e-01
0.000000000000000000e+00 0.000000000000000000e+00 0.000000000000000000e+00
0.000000000000000000e+00 0.000000000000000000e+00 0.000000000000000000e+00
6.185913085937500000e+02 1.472265747070312500e+03 1.719014197587966919e-01
