8.540087890625000000e+02 5.189797973632812500e+02 9.236381053924560547e-01
6.500870361328125000e+02 6.502625732421875000e+02 6.850743293762207031e-01
6.290604858398437500e+02 6.502346801757812500e+02 7.383694052696228027e-01
4.773171386718750000e+02 9.066336059570312500e+02 8.671441078186035156e-01
6.445287475585937500e+02 7.179617919921875000e+02 8.167644143104553223e-01
6.866468505859375000e+02 6.501273803710937500e+02 6.142745018005371094e-01
6.498721313476562500e+02 8.175156860351562500e+02 6.393261998891830444e-02
0.000000000000000000e+00 0.000000000000000000e+00 0.000000000000000000e+00
3.514846191406250000e+02 9.537189941406250000e+02 6.048376560211181641e-01
3.094824829101562500e+02 9.694955444335937500e+02 6.511545181274414062e-01
5.715267333984375000e+02 1.236527832031250000e+03 7.919899225234985352e-01
4.876010131835937500e+02 1.577192382812500000e+03 8.011870384216308594e-01
4.037469177246093750e+02 9.433854370117187500e+02 5.169147849082946777e-01
5.765817871093750000e+02 1.116173706054687500e+03 8.024613261222839355e-01
5.189651489257812500e+02 1.399011962890625000e+03 7.505644559860229492e-01
8.228237304687500000e+02 4.825976562500000000e+02 9.022051095962524414e-01
0.000000000000000000e+00 0.000000000000000000e+00 0.000000000000000000e+00
7.390549926757812500e+02 5.086158447265625000e+02 6.982932090759277344e-01
0.000000000000000000e+00 0.000000000000000000e+00 0.000000000000000000e+00
6.083889770507812500e+02 1.435503662109375000e+03 7.588647603988647461e-01
6.080720825195312500e+02 1.414784179687500000e+03 7.618083953857421875e-01
4.614855957031250000e+02 1.425166381835937500e+03 4.181715846061706543e-01
6.290335693359375000e+02 1.650432861328125000e+03 8.013569116592407227e-01
5.818622436523437500e+02 1.655857666015625000e+03 7.543593049049377441e-01
4.561448669433593750e+02 1.608478637695312500e+03 7.652304768562316895e-01
