8.804898681640625000e+02 3.200292053222656250e+02 7.711266279220581055e-01
6.081047973632812500e+02 4.509096984863281250e+02 5.829206705093383789e-01
5.609758911132812500e+02 4.456709289550781250e+02 5.804376006126403809e-01
3.199659729003906250e+02 6.393260498046875000e+02 7.621506452560424805e-01
5.296019287109375000e+02 3.568477478027343750e+02 8.075928688049316406e-01
6.760711059570312500e+02 4.614725646972656250e+02 4.547064602375030518e-01
0.000000000000000000e+00 0.000000000000000000e+00 0.000000000000000000e+00
0.000000000000000000e+00 0.000000000000000000e+00 0.000000000000000000e+00
3.933241882324218750e+02 9.012777709960937500e+02 5.179430246353149414e-01
3.252182312011718750e+02 9.223327636718750000e+02 4.944422245025634766e-01
6.920639648437500000e+02 1.105846069335937500e+03 8.407862186431884766e-01
4.403146667480468750e+02 1.540487304687500000e+03 7.548644542694091797e-01
4.718944702148437500e+02 8.805074462890625000e+02 4.047881364822387695e-01
7.703553466796875000e+02 1.006068359375000000e+03 8.047056198120117188e-01
0.000000000000000000e+00 0.000000000000000000e+00 0.000000000000000000e+00
8.596264648437500000e+02 2.728654785156250000e+02 8.567803502082824707e-01
0.000000000000000000e+00 0.000000000000000000e+00 0.000000000000000000e+00
7.495847167968750000e+02 2.570946044921875000e+02 8.074083328247070312e-01
0.000000000000000000e+00 0.000000000000000000e+00 0.000000000000000000e+00
0.000000000000000000e+00 0.000000000000000000e+00 0.000000000000000000e+00
0.000000000000000000e+00 0.000000000000000000e+00 0.000000000000000000e+00
0.000000000000000000e+00 0.000000000000000000e+00 0.000000000000000000e+00
5.452983398437500000e+02 1.671317993164062500e+03 6.364920139312744141e-01
4.929024047851562500e+02 1.661064208984375000e+03 5.540937185287475586e-01
3.933263854980468750e+02 1.566399658203125000e+03 7.077701091766357422e-01
