8.856506958007812500e+02 3.148253784179687500e+02 7.955449819564819336e-01
6.028557739257812500e+02 4.352602844238281250e+02 5.688691139221191406e-01
5.608966064453125000e+02 4.352027893066406250e+02 4.882077276706695557e-01
3.201862487792968750e+02 6.029379272460937500e+02 7.662125825881958008e-01
5.294375610351562500e+02 3.513719482421875000e+02 8.157118558883666992e-01
6.657039184570312500e+02 4.405478210449218750e+02 4.178157746791839600e-01
0.000000000000000000e+00 0.000000000000000000e+00 0.000000000000000000e+00
0.000000000000000000e+00 0.000000000000000000e+00 0.000000000000000000e+00
3.828200683593750000e+02 8.856552734375000000e+02 5.048619508743286133e-01
3.147122802734375000e+02 9.014035034179687500e+02 5.413643121719360352e-01
6.814441528320312500e+02 1.100541503906250000e+03 7.958828806877136230e-01
4.353221130371093750e+02 1.535135498046875000e+03 7.352213859558105469e-01
4.613726501464843750e+02 8.595562744140625000e+02 4.170776605606079102e-01
7.599118652343750000e+02 9.906119384765625000e+02 7.516370415687561035e-01
0.000000000000000000e+00 0.000000000000000000e+00 0.000000000000000000e+00
8.648244628906250000e+02 2.675370178222656250e+02 8.337064981460571289e-01
0.000000000000000000e+00 0.000000000000000000e+00 0.000000000000000000e+00
7.494631347656250000e+02 2.361640014648437500e+02 8.448411226272583008e-01
0.000000000000000000e+00 0.000000000000000000e+00 0.000000000000000000e+00
0.000000000000000000e+00 0.000000000000000000e+00 0.000000000000000000e+00
0.000000000000000000e+00 0.000000000000000000e+00 0.000000000000000000e+00
0.000000000000000000e+00 0.000000000000000000e+00 0.000000000000000000e+00
5.348295898437500000e+02 1.676533813476562500e+03 5.952249765396118164e-01
5.032669677734375000e+02 1.666227539062500000e+03 4.937424957752227783e-01
3.881130371093750000e+02 1.556078613281250000e+03 6.339292526245117188e-01
