9.468734741210937500e+01 8.648958740234375000e+02 8.506485223770141602e-01
3.094836120605468750e+02 9.433174438476562500e+02 6.488196253776550293e-01
3.096035766601562500e+02 9.119104614257812500e+02 4.648183882236480713e-01
0.000000000000000000e+00 0.000000000000000000e+00 0.000000000000000000e+00
0.000000000000000000e+00 0.000000000000000000e+00 0.000000000000000000e+00
3.145845947265625000e+02 9.746644897460937500e+02 7.746373414993286133e-01
4.354198913574218750e+02 1.152731811523437500e+03 9.226062893867492676e-01
2.204381256103515625e+02 1.058494018554687500e+03 8.539568185806274414e-01
6.132565917968750000e+02 1.194883666992187500e+03 4.616745412349700928e-01
6.028386230468750000e+02 1.179026855468750000e+03 2.784632146358489990e-01
3.881427917480468750e+02 1.231515991210937500e+03 2.277491241693496704e-01
0.000000000000000000e+00 0.000000000000000000e+00 0.000000000000000000e+00
6.342626953125000000e+02 1.231184448242187500e+03 6.400998830795288086e-01
3.252947998046875000e+02 1.341363159179687500e+03 8.021665215492248535e-01
5.347764892578125000e+02 1.540456909179687500e+03 7.625253200531005859e-01
0.000000000000000000e+00 0.000000000000000000e+00 0.000000000000000000e+00
1.104791030883789062e+02 8.541156616210937500e+02 8.843132257461547852e-01
0.000000000000000000e+00 0.000000000000000000e+00 0.000000000000000000e+00
1.891575622558593750e+02 8.910126342773437500e+02 9.015697836875915527e-01
4.403538208007812500e+02 1.666236694335937500e+03 7.688042521476745605e-01
4.822770996093750000e+02 1.661077758789062500e+03 6.928430795669555664e-01
5.818765869140625000e+02 1.550951660156250000e+03 7.325894832611083984e-01
0.000000000000000000e+00 0.000000000000000000e+00 0.000000000000000000e+00
0.000000000000000000e+00 0.000000000000000000e+00 0.000000000000000000e+00
0.000000000000000000e+00 0.000000000000000000e+00 0.000000000000000000e+00
