8.070260620117187500e+02 7.704072875976562500e+02 9.328753948211669922e-01
6.341941528320312500e+02 9.067686157226562500e+02 7.133869528770446777e-01
6.029724731445312500e+02 9.120028686523437500e+02 7.622031569480895996e-01
4.929220275878906250e+02 1.194689941406250000e+03 8.760656714439392090e-01
6.027789306640625000e+02 9.905454101562500000e+02 7.698656916618347168e-01
6.604516601562500000e+02 9.015373535156250000e+02 6.807620525360107422e-01
6.551550292968750000e+02 1.105422485351562500e+03 8.472671359777450562e-02
0.000000000000000000e+00 0.000000000000000000e+00 0.000000000000000000e+00
4.090598754882812500e+02 1.231577514648437500e+03 5.987834334373474121e-01
3.827859802246093750e+02 1.267926025390625000e+03 6.473239064216613770e-01
7.285910644531250000e+02 1.404237182617187500e+03 8.962824940681457520e-01
5.138650512695312500e+02 1.650653930664062500e+03 8.452812433242797852e-01
4.405612182617187500e+02 1.199936767578125000e+03 4.658686220645904541e-01
6.917204589843750000e+02 1.236458740234375000e+03 8.740326166152954102e-01
5.189495849609375000e+02 1.482706176757812500e+03 8.550592660903930664e-01
7.758473510742187500e+02 7.341150512695312500e+02 9.330051541328430176e-01
0.000000000000000000e+00 0.000000000000000000e+00 0.000000000000000000e+00
6.921399536132812500e+02 7.650742187500000000e+02 7.106981873512268066e-01
0.000000000000000000e+00 0.000000000000000000e+00 0.000000000000000000e+00
5.766895751953125000e+02 1.488218994140625000e+03 3.376041948795318604e-01
5.713947143554687500e+02 1.482717529296875000e+03 3.437738418579101562e-01
4.822639160156250000e+02 1.493414306640625000e+03 9.214041829109191895e-01
6.394816894531250000e+02 1.723727050781250000e+03 7.133219242095947266e-01
5.976262817382812500e+02 1.734060302734375000e+03 7.354257106781005859e-01
4.769469909667968750e+02 1.660892822265625000e+03 8.345726728439331055e-01
