2.310919036865234375e+02 7.703939819335937500e+02 9.330105781555175781e-01
3.985389709472656250e+02 8.805474853515625000e+02 6.853337287902832031e-01
4.038650817871093750e+02 8.647322387695312500e+02 5.377976298332214355e-01
0.000000000000000000e+00 0.000000000000000000e+00 0.000000000000000000e+00
0.000000000000000000e+00 0.000000000000000000e+00 0.000000000000000000e+00
3.934735412597656250e+02 8.960367431640625000e+02 8.722303509712219238e-01
4.298768920898437500e+02 1.142439575195312500e+03 8.639174103736877441e-01
3.251575317382812500e+02 9.379087524414062500e+02 8.779418468475341797e-01
5.766187133789062500e+02 1.215742187500000000e+03 5.998991727828979492e-01
5.818979492187500000e+02 1.194746093750000000e+03 4.687719941139221191e-01
3.462312316894531250e+02 1.315234375000000000e+03 9.052981138229370117e-01
4.772496337890625000e+02 1.535242065429687500e+03 8.396072983741760254e-01
5.766741943359375000e+02 1.236718872070312500e+03 6.397853493690490723e-01
3.200133361816406250e+02 1.482695190429687500e+03 9.049469828605651855e-01
4.877308349609375000e+02 1.692057006835937500e+03 8.225302696228027344e-01
0.000000000000000000e+00 0.000000000000000000e+00 0.000000000000000000e+00
2.623127136230468750e+02 7.390830078125000000e+02 8.950499892234802246e-01
0.000000000000000000e+00 0.000000000000000000e+00 0.000000000000000000e+00
3.462898559570312500e+02 7.702454223632812500e+02 9.301660060882568359e-01
3.827821960449218750e+02 1.749940551757812500e+03 7.567301988601684570e-01
4.143468933105468750e+02 1.760490600585937500e+03 7.416813373565673828e-01
5.243643798828125000e+02 1.697356811523437500e+03 8.976953625679016113e-01
4.246340332031250000e+02 1.582345214843750000e+03 8.576057106256484985e-02
0.000000000000000000e+00 0.000000000000000000e+00 0.000000000000000000e+00
5.136889648437500000e+02 1.566405273437500000e+03 8.833920955657958984e-01
