7.863105468750000000e+02 9.013816528320312500e+02 8.767498731613159180e-01
6.080697631835937500e+02 1.021871520996093750e+03 8.528761863708496094e-01
5.610061035156250000e+02 1.006218383789062500e+03 7.993831634521484375e-01
4.614075927734375000e+02 1.241859375000000000e+03 8.230375647544860840e-01
5.818665161132812500e+02 1.063866821289062500e+03 8.266024589538574219e-01
6.552667236328125000e+02 1.027252563476562500e+03 7.518406510353088379e-01
5.819777832031250000e+02 1.262830444335937500e+03 1.285291910171508789e-01
6.080897216796875000e+02 1.299507324218750000e+03 1.676501631736755371e-01
4.509279785156250000e+02 1.409614746093750000e+03 6.316601634025573730e-01
3.985036315917968750e+02 1.440958496093750000e+03 6.547306776046752930e-01
7.391797485351562500e+02 1.514326904296875000e+03 7.756870985031127930e-01
5.607263793945312500e+02 1.781583862304687500e+03 8.143066167831420898e-01
5.085896606445312500e+02 1.393683105468750000e+03 5.719882249832153320e-01
7.339616088867187500e+02 1.446084716796875000e+03 6.855456233024597168e-01
5.191035156250000000e+02 1.697458251953125000e+03 8.037860393524169922e-01
7.755209350585937500e+02 8.699411621093750000e+02 8.738364577293395996e-01
0.000000000000000000e+00 0.000000000000000000e+00 0.000000000000000000e+00
6.866691284179687500e+02 8.909794921875000000e+02 8.736535906791687012e-01
0.000000000000000000e+00 0.000000000000000000e+00 0.000000000000000000e+00
5.767385864257812500e+02 1.744728759765625000e+03 5.188743397593498230e-02
0.000000000000000000e+00 0.000000000000000000e+00 0.000000000000000000e+00
4.822879333496093750e+02 1.708152832031250000e+03 7.099172472953796387e-01
6.867429199218750000e+02 1.833758666992187500e+03 7.265930175781250000e-01
6.500138549804687500e+02 1.854693847656250000e+03 7.370962500572204590e-01
5.187673950195312500e+02 1.802371093750000000e+03 8.015351295471191406e-01
