8.856647949218750000e+02 3.879834899902343750e+02 8.092358708381652832e-01
6.080812377929687500e+02 5.032802734375000000e+02 5.920000076293945312e-01
5.608858642578125000e+02 4.928453063964843750e+02 5.330294966697692871e-01
3.513881835937500000e+02 6.918240966796875000e+02 8.113421797752380371e-01
5.451554565429687500e+02 4.298471069335937500e+02 7.655185461044311523e-01
6.812584838867187500e+02 5.138077392578125000e+02 4.780783653259277344e-01
0.000000000000000000e+00 0.000000000000000000e+00 0.000000000000000000e+00
0.000000000000000000e+00 0.000000000000000000e+00 0.000000000000000000e+00
3.933973999023437500e+02 9.433088378906250000e+02 5.214841365814208984e-01
3.253025512695312500e+02 9.642766723632812500e+02 5.104317069053649902e-01
6.971466064453125000e+02 1.147400024414062500e+03 8.160140514373779297e-01
4.509779968261718750e+02 1.598092773437500000e+03 7.069015502929687500e-01
4.718126220703125000e+02 9.276462402343750000e+02 4.028952121734619141e-01
7.706194458007812500e+02 1.032315429687500000e+03 7.885933518409729004e-01
0.000000000000000000e+00 0.000000000000000000e+00 0.000000000000000000e+00
8.647646484375000000e+02 3.357196960449218750e+02 8.226014971733093262e-01
0.000000000000000000e+00 0.000000000000000000e+00 0.000000000000000000e+00
7.548055419921875000e+02 3.096149291992187500e+02 8.622632622718811035e-01
0.000000000000000000e+00 0.000000000000000000e+00 0.000000000000000000e+00
0.000000000000000000e+00 0.000000000000000000e+00 0.000000000000000000e+00
0.000000000000000000e+00 0.000000000000000000e+00 0.000000000000000000e+00
0.000000000000000000e+00 0.000000000000000000e+00 0.000000000000000000e+00
5.663233642578125000e+02 1.723759033203125000e+03 6.331814527511596680e-01
5.191247558593750000e+02 1.723637084960937500e+03 5.598475933074951172e-01
4.038095397949218750e+02 1.613594726562500000e+03 6.826542019844055176e-01
