1.157083358764648438e+02 8.282080078125000000e+02 8.328068852424621582e-01
3.199165039062500000e+02 9.119512939453125000e+02 6.209114789962768555e-01
3.096368713378906250e+02 9.066307373046875000e+02 4.470956027507781982e-01
0.000000000000000000e+00 0.000000000000000000e+00 0.000000000000000000e+00
0.000000000000000000e+00 0.000000000000000000e+00 0.000000000000000000e+00
3.305516662597656250e+02 9.275355224609375000e+02 7.553180456161499023e-01
4.667522888183593750e+02 1.110706542968750000e+03 9.031790494918823242e-01
2.414364166259765625e+02 9.957981567382812500e+02 8.173686861991882324e-01
6.134147338867187500e+02 1.200086791992187500e+03 4.604005813598632812e-01
6.081546020507812500e+02 1.194616577148437500e+03 2.892732024192810059e-01
3.776789550781250000e+02 1.215676513671875000e+03 2.145538628101348877e-01
4.980087280273437500e+02 1.393859619140625000e+03 6.613011956214904785e-01
6.342061157226562500e+02 1.231184570312500000e+03 6.429687738418579102e-01
3.149906311035156250e+02 1.336078857421875000e+03 8.194154500961303711e-01
5.295138549804687500e+02 1.561311279296875000e+03 7.940126657485961914e-01
0.000000000000000000e+00 0.000000000000000000e+00 0.000000000000000000e+00
1.420076293945312500e+02 8.123749389648437500e+02 9.293651580810546875e-01
0.000000000000000000e+00 0.000000000000000000e+00 0.000000000000000000e+00
2.255034332275390625e+02 8.489994506835937500e+02 8.842529058456420898e-01
4.350610351562500000e+02 1.676679321289062500e+03 7.541642189025878906e-01
4.719799804687500000e+02 1.671475463867187500e+03 6.637773513793945312e-01
5.714950561523437500e+02 1.566565185546875000e+03 7.858767509460449219e-01
5.242152709960937500e+02 1.409469116210937500e+03 1.994261741638183594e-01
5.243583984375000000e+02 1.414646362304687500e+03 2.201127856969833374e-01
5.244804077148437500e+02 1.398796752929687500e+03 6.059770584106445312e-01
