8.017869873046875000e+02 7.339855346679687500e+02 8.969377875328063965e-01
6.186650390625000000e+02 8.124240722656250000e+02 6.831173896789550781e-01
6.237354736328125000e+02 8.227951049804687500e+02 8.211693763732910156e-01
5.188901367187500000e+02 1.011343994140625000e+03 9.120010137557983398e-01
6.499985351562500000e+02 8.909913940429687500e+02 8.873655796051025391e-01
6.238106689453125000e+02 7.862320556640625000e+02 5.613207221031188965e-01
0.000000000000000000e+00 0.000000000000000000e+00 0.000000000000000000e+00
0.000000000000000000e+00 0.000000000000000000e+00 0.000000000000000000e+00
3.200715637207031250e+02 1.027023559570312500e+03 6.402663588523864746e-01
3.148598327636718750e+02 1.032541137695312500e+03 7.181837558746337891e-01
6.078836059570312500e+02 1.199881713867187500e+03 9.143612980842590332e-01
4.717023620605468750e+02 1.482569091796875000e+03 8.200729489326477051e-01
3.304457397460937500e+02 1.016521423339843750e+03 4.502455890178680420e-01
5.923125000000000000e+02 1.110827514648437500e+03 8.559699654579162598e-01
4.614960632324218750e+02 1.362449707031250000e+03 7.931905984878540039e-01
7.809224243164062500e+02 7.231741943359375000e+02 8.998371362686157227e-01
0.000000000000000000e+00 0.000000000000000000e+00 0.000000000000000000e+00
7.282816772460937500e+02 7.283372192382812500e+02 9.459910988807678223e-01
0.000000000000000000e+00 0.000000000000000000e+00 0.000000000000000000e+00
5.664031982421875000e+02 1.393826049804687500e+03 7.273691892623901367e-01
5.661598510742187500e+02 1.383348510742187500e+03 7.111254930496215820e-01
4.299996643066406250e+02 1.388532348632812500e+03 8.533664941787719727e-01
5.870629882812500000e+02 1.519451904296875000e+03 7.737628221511840820e-01
5.607903442382812500e+02 1.529747680664062500e+03 8.598591089248657227e-01
4.352054443359375000e+02 1.493220703125000000e+03 8.458868265151977539e-01
