1.156829147338867188e+02 7.075357666015625000e+02 8.294943571090698242e-01
3.147500915527343750e+02 8.070320434570312500e+02 6.827376484870910645e-01
3.094364013671875000e+02 7.913688964843750000e+02 4.996010661125183105e-01
0.000000000000000000e+00 0.000000000000000000e+00 0.000000000000000000e+00
0.000000000000000000e+00 0.000000000000000000e+00 0.000000000000000000e+00
3.253319702148437500e+02 8.123713989257812500e+02 8.134761452674865723e-01
4.769422607421875000e+02 9.956594848632812500e+02 8.822589516639709473e-01
2.677079772949218750e+02 8.909243164062500000e+02 8.688212037086486816e-01
5.923491821289062500e+02 1.116113281250000000e+03 5.840814709663391113e-01
5.609266967773437500e+02 1.105505615234375000e+03 4.385243654251098633e-01
3.252698059082031250e+02 1.137115844726562500e+03 7.816597819328308105e-01
5.032580566406250000e+02 1.378062988281250000e+03 7.377125024795532227e-01
6.132801513671875000e+02 1.142336547851562500e+03 6.563085317611694336e-01
3.201806335449218750e+02 1.325581420898437500e+03 8.432801961898803711e-01
5.295561523437500000e+02 1.561338134765625000e+03 8.021157979965209961e-01
0.000000000000000000e+00 0.000000000000000000e+00 0.000000000000000000e+00
1.420964965820312500e+02 6.868073120117187500e+02 9.449739456176757812e-01
0.000000000000000000e+00 0.000000000000000000e+00 0.000000000000000000e+00
2.256485137939453125e+02 7.282692871093750000e+02 9.025369882583618164e-01
4.352334899902343750e+02 1.676538208007812500e+03 7.833546400070190430e-01
4.771893920898437500e+02 1.671415283203125000e+03 6.897583603858947754e-01
5.714289550781250000e+02 1.566685546875000000e+03 8.079258799552917480e-01
5.189108276367187500e+02 1.404269409179687500e+03 2.396102696657180786e-01
5.243524780273437500e+02 1.404215576171875000e+03 2.520722746849060059e-01
5.245413818359375000e+02 1.398883911132812500e+03 8.200140595436096191e-01
