1.262656326293945312e+02 6.708709716796875000e+02 8.322280049324035645e-01
3.199190673828125000e+02 7.702330322265625000e+02 7.065120935440063477e-01
3.147432556152343750e+02 7.546868286132812500e+02 5.077752470970153809e-01
4.561829833984375000e+02 8.281431274414062500e+02 1.453184485435485840e-01
0.000000000000000000e+00 0.000000000000000000e+00 0.000000000000000000e+00
3.357212524414062500e+02 7.706329956054687500e+02 7.897208929061889648e-01
5.137229003906250000e+02 9.434794311523437500e+02 8.789682984352111816e-01
2.937817382812500000e+02 8.437996826171875000e+02 8.246907591819763184e-01
5.714449462890625000e+02 1.110817382812500000e+03 5.955595970153808594e-01
5.296087646484375000e+02 1.100419067382812500e+03 4.389094710350036621e-01
3.304331970214843750e+02 1.153078247070312500e+03 8.082599639892578125e-01
4.876343078613281250e+02 1.425261474609375000e+03 7.810796499252319336e-01
6.080842285156250000e+02 1.121452636718750000e+03 6.439081430435180664e-01
3.357437438964843750e+02 1.362501342773437500e+03 8.606733679771423340e-01
5.190570068359375000e+02 1.608359985351562500e+03 8.350706100463867188e-01
0.000000000000000000e+00 0.000000000000000000e+00 0.000000000000000000e+00
1.473690948486328125e+02 6.449368286132812500e+02 9.213904142379760742e-01
0.000000000000000000e+00 0.000000000000000000e+00 0.000000000000000000e+00
2.309996185302734375e+02 6.863967895507812500e+02 9.091696143150329590e-01
4.090679016113281250e+02 1.723613769531250000e+03 7.632458209991455078e-01
4.614856567382812500e+02 1.718473876953125000e+03 6.809519529342651367e-01
5.608324584960937500e+02 1.613776855468750000e+03 7.953585982322692871e-01
5.085917053222656250e+02 1.477538452148437500e+03 2.420465797185897827e-01
0.000000000000000000e+00 0.000000000000000000e+00 0.000000000000000000e+00
5.190413208007812500e+02 1.440869140625000000e+03 8.456678390502929688e-01
