2.309819488525390625e+02 7.706580810546875000e+02 9.543225765228271484e-01
3.935121459960937500e+02 8.959620971679687500e+02 7.481477260589599609e-01
3.986804809570312500e+02 8.751536254882812500e+02 5.740970969200134277e-01
3.305087585449218750e+02 1.105589599609375000e+03 9.373212605714797974e-02
0.000000000000000000e+00 0.000000000000000000e+00 0.000000000000000000e+00
3.932915039062500000e+02 9.014241333007812500e+02 8.676651120185852051e-01
4.196164855957031250e+02 1.147656127929687500e+03 8.870681524276733398e-01
3.200549926757812500e+02 9.381363525390625000e+02 8.976941108703613281e-01
5.715039672851562500e+02 1.220916748046875000e+03 6.094476580619812012e-01
5.662158203125000000e+02 1.194775634765625000e+03 4.745764136314392090e-01
3.462767028808593750e+02 1.315127563476562500e+03 9.062649011611938477e-01
4.772403259277343750e+02 1.535366333007812500e+03 8.312209844589233398e-01
5.818544921875000000e+02 1.241843872070312500e+03 6.409943103790283203e-01
3.149898681640625000e+02 1.482828247070312500e+03 9.242080450057983398e-01
4.877445983886718750e+02 1.692063720703125000e+03 8.233903646469116211e-01
0.000000000000000000e+00 0.000000000000000000e+00 0.000000000000000000e+00
2.622164001464843750e+02 7.494464111328125000e+02 8.628211617469787598e-01
0.000000000000000000e+00 0.000000000000000000e+00 0.000000000000000000e+00
3.461276550292968750e+02 7.705835571289062500e+02 9.548217654228210449e-01
3.827416992187500000e+02 1.749979370117187500e+03 7.532284855842590332e-01
4.143053283691406250e+02 1.760504516601562500e+03 7.435163259506225586e-01
5.243609619140625000e+02 1.692540405273437500e+03 9.079052209854125977e-01
4.300281066894531250e+02 1.592780151367187500e+03 7.945055514574050903e-02
0.000000000000000000e+00 0.000000000000000000e+00 0.000000000000000000e+00
5.137085571289062500e+02 1.566477661132812500e+03 9.015008807182312012e-01
