1.210428237915039062e+02 6.813969726562500000e+02 8.570809364318847656e-01
3.148516235351562500e+02 7.755790405273437500e+02 6.902369856834411621e-01
3.094798278808593750e+02 7.704404296875000000e+02 4.983304142951965332e-01
0.000000000000000000e+00 0.000000000000000000e+00 0.000000000000000000e+00
0.000000000000000000e+00 0.000000000000000000e+00 0.000000000000000000e+00
3.253260803222656250e+02 7.756638183593750000e+02 7.802613973617553711e-01
5.136181030273437500e+02 9.537748413085937500e+02 8.247830867767333984e-01
2.937611999511718750e+02 8.541463623046875000e+02 8.586922287940979004e-01
5.662959594726562500e+02 1.116141723632812500e+03 5.832877755165100098e-01
5.244166259765625000e+02 1.105763549804687500e+03 4.495790600776672363e-01
3.251930541992187500e+02 1.158075561523437500e+03 8.167220354080200195e-01
4.823570861816406250e+02 1.414793579101562500e+03 7.582903504371643066e-01
6.079449462890625000e+02 1.137047729492187500e+03 6.313948631286621094e-01
3.357615966796875000e+02 1.362607421875000000e+03 8.494126796722412109e-01
5.190369262695312500e+02 1.608498657226562500e+03 8.414651751518249512e-01
0.000000000000000000e+00 0.000000000000000000e+00 0.000000000000000000e+00
1.471466217041015625e+02 6.501113281250000000e+02 9.294957518577575684e-01
0.000000000000000000e+00 0.000000000000000000e+00 0.000000000000000000e+00
2.307749938964843750e+02 6.866995849609375000e+02 9.222540855407714844e-01
4.039015197753906250e+02 1.723703369140625000e+03 7.662968635559082031e-01
4.613608703613281250e+02 1.718541503906250000e+03 6.814823150634765625e-01
5.608306274414062500e+02 1.613945922851562500e+03 7.724621891975402832e-01
5.187928466796875000e+02 1.461827758789062500e+03 2.443216443061828613e-01
5.191904907226562500e+02 1.456570068359375000e+03 2.532745301723480225e-01
5.138753051757812500e+02 1.440649291992187500e+03 7.705423831939697266e-01
