8.491197509765625000e+02 5.241412353515625000e+02 9.237594008445739746e-01
6.447950439453125000e+02 6.709773559570312500e+02 6.439197063446044922e-01
6.082210083007812500e+02 6.761186523437500000e+02 7.340044379234313965e-01
4.772537231445312500e+02 9.223994140625000000e+02 8.457751274108886719e-01
6.396177978515625000e+02 7.284957275390625000e+02 8.677414655685424805e-01
6.864602050781250000e+02 6.709512329101562500e+02 5.572075843811035156e-01
6.501066894531250000e+02 8.385227661132812500e+02 1.224519908428192139e-01
0.000000000000000000e+00 0.000000000000000000e+00 0.000000000000000000e+00
3.566658020019531250e+02 9.695853271484375000e+02 6.156737208366394043e-01
3.094145812988281250e+02 9.800328979492187500e+02 6.792479753494262695e-01
5.765770263671875000e+02 1.242026123046875000e+03 7.553789615631103516e-01
4.875638427734375000e+02 1.582255004882812500e+03 8.008784651756286621e-01
4.143145446777343750e+02 9.589581298828125000e+02 5.273153185844421387e-01
5.818425903320312500e+02 1.116306640625000000e+03 7.824602127075195312e-01
5.188562011718750000e+02 1.393672241210937500e+03 7.151528596878051758e-01
8.228233642578125000e+02 4.878239746093750000e+02 8.727141618728637695e-01
0.000000000000000000e+00 0.000000000000000000e+00 0.000000000000000000e+00
7.391165771484375000e+02 5.138984375000000000e+02 7.284896373748779297e-01
0.000000000000000000e+00 0.000000000000000000e+00 0.000000000000000000e+00
6.082573242187500000e+02 1.430468383789062500e+03 7.600079774856567383e-01
6.080144042968750000e+02 1.414805786132812500e+03 7.360819578170776367e-01
4.563012695312500000e+02 1.414807373046875000e+03 4.312923550605773926e-01
6.290014648437500000e+02 1.650432739257812500e+03 7.864369153976440430e-01
5.767763671875000000e+02 1.655893310546875000e+03 7.518669366836547852e-01
4.510765991210937500e+02 1.608518188476562500e+03 7.531524896621704102e-01
