8.649362792968750000e+02 3.253901062011718750e+02 8.205252885818481445e-01
6.028865966796875000e+02 4.561875915527343750e+02 5.484076738357543945e-01
5.557741088867187500e+02 4.458144226074218750e+02 5.697673559188842773e-01
3.199521789550781250e+02 6.342497558593750000e+02 7.705097198486328125e-01
5.244251708984375000e+02 3.567847290039062500e+02 8.315509557723999023e-01
6.708734741210937500e+02 4.666289672851562500e+02 4.302163124084472656e-01
0.000000000000000000e+00 0.000000000000000000e+00 0.000000000000000000e+00
0.000000000000000000e+00 0.000000000000000000e+00 0.000000000000000000e+00
3.881286315917968750e+02 9.013927001953125000e+02 5.244890451431274414e-01
3.199485778808593750e+02 9.275554809570312500e+02 5.104043483734130859e-01
6.920662231445312500e+02 1.110726318359375000e+03 8.405789732933044434e-01
4.403345947265625000e+02 1.545592651367187500e+03 7.203474044799804688e-01
4.666426086425781250e+02 8.856168823242187500e+02 4.048495888710021973e-01
7.703140258789062500e+02 1.000921813964843750e+03 7.940053343772888184e-01
6.081262817382812500e+02 1.189538208007812500e+03 6.279605627059936523e-02
8.544447021484375000e+02 2.781121215820312500e+02 8.892953991889953613e-01
0.000000000000000000e+00 0.000000000000000000e+00 0.000000000000000000e+00
7.391848754882812500e+02 2.674693298339843750e+02 8.614956736564636230e-01
0.000000000000000000e+00 0.000000000000000000e+00 0.000000000000000000e+00
0.000000000000000000e+00 0.000000000000000000e+00 0.000000000000000000e+00
0.000000000000000000e+00 0.000000000000000000e+00 0.000000000000000000e+00
0.000000000000000000e+00 0.000000000000000000e+00 0.000000000000000000e+00
5.452945556640625000e+02 1.681756958007812500e+03 5.834140777587890625e-01
5.085899658203125000e+02 1.676545410156250000e+03 5.020549297332763672e-01
3.932485656738281250e+02 1.566550415039062500e+03 6.693748831748962402e-01
