2.285417022705078125e+02 1.571901092529296875e+02 9.124943614006042480e-01
1.868067169189453125e+02 1.972548065185546875e+02 7.556664943695068359e-01
1.815761108398437500e+02 1.989655761718750000e+02 8.021143674850463867e-01
1.606938476562500000e+02 2.564742736816406250e+02 9.345555305480957031e-01
1.746815185546875000e+02 2.146062316894531250e+02 6.958132982254028320e-01
1.903301544189453125e+02 1.937528686523437500e+02 6.273304224014282227e-01
0.000000000000000000e+00 0.000000000000000000e+00 0.000000000000000000e+00
0.000000000000000000e+00 0.000000000000000000e+00 0.000000000000000000e+00
1.502342224121093750e+02 2.964395141601562500e+02 7.478883266448974609e-01
1.449365234375000000e+02 2.999735107421875000e+02 8.138694167137145996e-01
2.146945037841796875e+02 3.522291259765625000e+02 8.863084912300109863e-01
1.589798431396484375e+02 4.095940246582031250e+02 8.810783624649047852e-01
1.606654815673828125e+02 2.861217041015625000e+02 7.131925821304321289e-01
2.059761810302734375e+02 3.139197998046875000e+02 8.866976499557495117e-01
1.606767425537109375e+02 3.748321228027343750e+02 8.431531190872192383e-01
2.181337432861328125e+02 1.468205413818359375e+02 9.116951227188110352e-01
2.286258239746093750e+02 1.467159881591796875e+02 4.488587677478790283e-01
1.989939880371093750e+02 1.502440795898437500e+02 7.980658411979675293e-01
0.000000000000000000e+00 0.000000000000000000e+00 0.000000000000000000e+00
1.849797668457031250e+02 3.975567626953125000e+02 1.280187368392944336e-01
1.833542327880859375e+02 3.975876159667968750e+02 7.054819911718368530e-02
1.485019683837890625e+02 3.800578918457031250e+02 9.066592454910278320e-01
1.919991302490234375e+02 4.235477600097656250e+02 8.773657679557800293e-01
1.833458709716796875e+02 4.252967529296875000e+02 8.524449467658996582e-01
1.467532958984375000e+02 4.113715515136718750e+02 9.082854986190795898e-01
