8.700039062500000000e+02 3.149764709472656250e+02 8.084077835083007812e-01
6.028384399414062500e+02 4.353666381835937500e+02 5.908310413360595703e-01
5.608601684570312500e+02 4.352227478027343750e+02 5.687152743339538574e-01
3.149275817871093750e+02 6.079553222656250000e+02 7.910302281379699707e-01
5.294287719726562500e+02 3.513902587890625000e+02 8.206470608711242676e-01
6.605310058593750000e+02 4.405707397460937500e+02 4.395110011100769043e-01
0.000000000000000000e+00 0.000000000000000000e+00 0.000000000000000000e+00
0.000000000000000000e+00 0.000000000000000000e+00 0.000000000000000000e+00
3.880466308593750000e+02 8.909312133789062500e+02 5.392466187477111816e-01
3.148137207031250000e+02 9.014760742187500000e+02 5.497478842735290527e-01
6.709663085937500000e+02 1.105671997070312500e+03 7.901145219802856445e-01
4.403193664550781250e+02 1.545668334960937500e+03 7.393380999565124512e-01
4.614498291015625000e+02 8.699951782226562500e+02 4.385096728801727295e-01
7.494871215820312500e+02 9.957692260742187500e+02 7.473607659339904785e-01
6.025981445312500000e+02 1.278501220703125000e+03 1.408703327178955078e-01
8.593582153320312500e+02 2.678188171386718750e+02 8.988711833953857422e-01
0.000000000000000000e+00 0.000000000000000000e+00 0.000000000000000000e+00
7.443839721679687500e+02 2.466505584716796875e+02 8.185404539108276367e-01
0.000000000000000000e+00 0.000000000000000000e+00 0.000000000000000000e+00
6.500034790039062500e+02 1.346642822265625000e+03 3.470729887485504150e-01
6.449552001953125000e+02 1.330975830078125000e+03 3.481102585792541504e-01
6.080734863281250000e+02 1.320590332031250000e+03 8.596543967723846436e-02
5.347053833007812500e+02 1.686934448242187500e+03 6.546420454978942871e-01
4.824242248535156250e+02 1.676651855468750000e+03 5.554488897323608398e-01
3.932783508300781250e+02 1.566589843750000000e+03 7.033218741416931152e-01
