1.786623229980468750e+02 9.801315307617187500e+02 9.014203548431396484e-01
3.880158081054687500e+02 1.016682067871093750e+03 6.075072288513183594e-01
3.828011474609375000e+02 9.956463012695312500e+02 4.171368479728698730e-01
0.000000000000000000e+00 0.000000000000000000e+00 0.000000000000000000e+00
0.000000000000000000e+00 0.000000000000000000e+00 0.000000000000000000e+00
3.934733886718750000e+02 1.027057861328125000e+03 8.107932806015014648e-01
5.399495849609375000e+02 1.189454345703125000e+03 8.963669538497924805e-01
3.146696472167968750e+02 1.116310668945312500e+03 8.714359402656555176e-01
6.500755004882812500e+02 1.309962524414062500e+03 4.764033555984497070e-01
6.446857299804687500e+02 1.294207397460937500e+03 2.828406393527984619e-01
4.353500976562500000e+02 1.294320312500000000e+03 1.690292954444885254e-01
0.000000000000000000e+00 0.000000000000000000e+00 0.000000000000000000e+00
6.709235229492187500e+02 1.325627929687500000e+03 6.489021182060241699e-01
3.620623474121093750e+02 1.383267333984375000e+03 7.882179021835327148e-01
5.664388427734375000e+02 1.608227416992187500e+03 7.974860072135925293e-01
0.000000000000000000e+00 0.000000000000000000e+00 0.000000000000000000e+00
1.892417144775390625e+02 9.487454223632812500e+02 8.834406733512878418e-01
0.000000000000000000e+00 0.000000000000000000e+00 0.000000000000000000e+00
2.727528076171875000e+02 9.746725463867187500e+02 8.947154283523559570e-01
4.769815979003906250e+02 1.718566040039062500e+03 7.346730232238769531e-01
5.189888916015625000e+02 1.718466064453125000e+03 6.890491247177124023e-01
6.132360229492187500e+02 1.608452758789062500e+03 7.825235128402709961e-01
0.000000000000000000e+00 0.000000000000000000e+00 0.000000000000000000e+00
0.000000000000000000e+00 0.000000000000000000e+00 0.000000000000000000e+00
0.000000000000000000e+00 0.000000000000000000e+00 0.000000000000000000e+00
