2.311865997314453125e+02 5.243193359375000000e+02 9.114013910293579102e-01
4.143501586914062500e+02 6.604874267578125000e+02 6.326415538787841797e-01
3.934057006835937500e+02 6.709559326171875000e+02 5.150545239448547363e-01
5.243488769531250000e+02 9.066043701171875000e+02 5.764935165643692017e-02
4.247052307128906250e+02 9.851014404296875000e+02 2.398947626352310181e-01
4.405225524902343750e+02 6.551547851562500000e+02 7.805877327919006348e-01
6.133994750976562500e+02 7.391560058593750000e+02 8.401911854743957520e-01
4.718074340820312500e+02 4.824630126953125000e+02 8.032871484756469727e-01
7.128120117187500000e+02 1.027166748046875000e+03 5.109676122665405273e-01
6.866416625976562500e+02 1.032443481445312500e+03 3.178142905235290527e-01
4.405386352539062500e+02 1.278660400390625000e+03 2.859121561050415039e-01
5.191535644531250000e+02 1.634731933593750000e+03 7.388456165790557861e-02
7.286624145507812500e+02 1.027085937500000000e+03 5.900228619575500488e-01
4.403749694824218750e+02 1.336113281250000000e+03 8.257752060890197754e-01
5.558125610351562500e+02 1.786611328125000000e+03 7.667300105094909668e-01
0.000000000000000000e+00 0.000000000000000000e+00 0.000000000000000000e+00
2.677649841308593750e+02 5.032631225585937500e+02 8.859683275222778320e-01
0.000000000000000000e+00 0.000000000000000000e+00 0.000000000000000000e+00
3.566546936035156250e+02 5.241471557617187500e+02 9.100217819213867188e-01
3.987146606445312500e+02 1.854680541992187500e+03 6.599439382553100586e-01
4.458146972656250000e+02 1.860015747070312500e+03 6.298779249191284180e-01
5.924630126953125000e+02 1.823171386718750000e+03 6.966542601585388184e-01
4.039030151367187500e+02 1.655879516601562500e+03 3.023516833782196045e-01
4.143312072753906250e+02 1.650521118164062500e+03 2.852902114391326904e-01
0.000000000000000000e+00 0.000000000000000000e+00 0.000000000000000000e+00
