8.751647949218750000e+02 3.460038452148437500e+02 7.699202299118041992e-01
6.029661254882812500e+02 4.769840087890625000e+02 5.548313856124877930e-01
5.610344848632812500e+02 4.875988159179687500e+02 4.448770284652709961e-01
3.252647399902343750e+02 6.447725219726562500e+02 7.684575915336608887e-01
5.192545776367187500e+02 3.828984069824218750e+02 7.940459251403808594e-01
6.552738037109375000e+02 4.614333801269531250e+02 3.503689169883728027e-01
0.000000000000000000e+00 0.000000000000000000e+00 0.000000000000000000e+00
0.000000000000000000e+00 0.000000000000000000e+00 0.000000000000000000e+00
3.934151000976562500e+02 9.067365722656250000e+02 5.208438634872436523e-01
3.253189086914062500e+02 9.379466552734375000e+02 5.158233046531677246e-01
7.076574096679687500e+02 1.111065795898437500e+03 7.924103140830993652e-01
4.457567749023437500e+02 1.556150756835937500e+03 6.977270245552062988e-01
4.718778991699218750e+02 8.909901733398437500e+02 4.105988144874572754e-01
7.704853515625000000e+02 1.016461486816406250e+03 7.905090451240539551e-01
6.186420288085937500e+02 1.200026123046875000e+03 6.721061468124389648e-02
8.595190429687500000e+02 2.885534667968750000e+02 8.490570187568664551e-01
0.000000000000000000e+00 0.000000000000000000e+00 0.000000000000000000e+00
7.442877197265625000e+02 2.674951477050781250e+02 8.697700500488281250e-01
0.000000000000000000e+00 0.000000000000000000e+00 0.000000000000000000e+00
0.000000000000000000e+00 0.000000000000000000e+00 0.000000000000000000e+00
0.000000000000000000e+00 0.000000000000000000e+00 0.000000000000000000e+00
0.000000000000000000e+00 0.000000000000000000e+00 0.000000000000000000e+00
5.610386352539062500e+02 1.692232910156250000e+03 6.291558742523193359e-01
5.189509277343750000e+02 1.692229736328125000e+03 5.249719619750976562e-01
3.987324523925781250e+02 1.566725097656250000e+03 7.020813226699829102e-01
