8.647578735351562500e+02 3.408737182617187500e+02 8.022406101226806641e-01
6.080012817382812500e+02 4.510178527832031250e+02 5.800887346267700195e-01
5.608625488281250000e+02 4.404102783203125000e+02 6.087490916252136230e-01
3.148692321777343750e+02 6.393943481445312500e+02 7.984371781349182129e-01
5.242964477539062500e+02 3.620014648437500000e+02 8.234824538230895996e-01
6.761054077148437500e+02 4.719400634765625000e+02 4.612971544265747070e-01
0.000000000000000000e+00 0.000000000000000000e+00 0.000000000000000000e+00
0.000000000000000000e+00 0.000000000000000000e+00 0.000000000000000000e+00
3.881615295410156250e+02 9.015357666015625000e+02 5.226168036460876465e-01
3.199448547363281250e+02 9.276222534179687500e+02 5.192391872406005859e-01
6.920151367187500000e+02 1.105900512695312500e+03 8.535186052322387695e-01
4.402822875976562500e+02 1.545673095703125000e+03 7.209359407424926758e-01
4.667057800292968750e+02 8.908886108398437500e+02 4.116503596305847168e-01
7.703087768554687500e+02 1.006067749023437500e+03 7.822625637054443359e-01
0.000000000000000000e+00 0.000000000000000000e+00 0.000000000000000000e+00
8.545125732421875000e+02 2.782336730957031250e+02 8.502169251441955566e-01
0.000000000000000000e+00 0.000000000000000000e+00 0.000000000000000000e+00
7.389752197265625000e+02 2.571274108886718750e+02 8.371086716651916504e-01
0.000000000000000000e+00 0.000000000000000000e+00 0.000000000000000000e+00
0.000000000000000000e+00 0.000000000000000000e+00 0.000000000000000000e+00
0.000000000000000000e+00 0.000000000000000000e+00 0.000000000000000000e+00
0.000000000000000000e+00 0.000000000000000000e+00 0.000000000000000000e+00
5.452656250000000000e+02 1.676661621093750000e+03 5.979787707328796387e-01
5.033114013671875000e+02 1.671451293945312500e+03 5.074596405029296875e-01
3.932310180664062500e+02 1.566457519531250000e+03 6.549941301345825195e-01
