1.417535095214843750e+02 6.760498046875000000e+02 8.792551755905151367e-01
3.252188110351562500e+02 7.703591308593750000e+02 6.743490099906921387e-01
3.096636047363281250e+02 7.652902221679687500e+02 5.192540287971496582e-01
0.000000000000000000e+00 0.000000000000000000e+00 0.000000000000000000e+00
0.000000000000000000e+00 0.000000000000000000e+00 0.000000000000000000e+00
3.512125854492187500e+02 7.704290161132812500e+02 8.438402414321899414e-01
5.192394409179687500e+02 9.486168212890625000e+02 8.991844654083251953e-01
3.093891906738281250e+02 8.543652954101562500e+02 9.293583631515502930e-01
5.924478149414062500e+02 1.100372192382812500e+03 5.989840030670166016e-01
5.505238037109375000e+02 1.074408203125000000e+03 4.587490856647491455e-01
3.512805480957031250e+02 1.147603271484375000e+03 8.406180143356323242e-01
5.138681030273437500e+02 1.404250854492187500e+03 8.251694440841674805e-01
6.289666137695312500e+02 1.110843383789062500e+03 6.612545847892761230e-01
3.564633178710937500e+02 1.351887817382812500e+03 8.692846894264221191e-01
5.399652099609375000e+02 1.577260131835937500e+03 7.850828170776367188e-01
0.000000000000000000e+00 0.000000000000000000e+00 0.000000000000000000e+00
1.628223266601562500e+02 6.448975219726562500e+02 8.758255243301391602e-01
0.000000000000000000e+00 0.000000000000000000e+00 0.000000000000000000e+00
2.363912200927734375e+02 6.813595581054687500e+02 8.585146665573120117e-01
4.352518920898437500e+02 1.697803100585937500e+03 7.648094296455383301e-01
4.822940979003906250e+02 1.697655517578125000e+03 7.042505741119384766e-01
5.818284912109375000e+02 1.592777954101562500e+03 7.832813262939453125e-01
5.137039184570312500e+02 1.456696655273437500e+03 6.183912605047225952e-02
0.000000000000000000e+00 0.000000000000000000e+00 0.000000000000000000e+00
5.399195556640625000e+02 1.419890869140625000e+03 7.748089432716369629e-01
