8.751403198242187500e+02 3.409628906250000000e+02 7.830018401145935059e-01
6.029172363281250000e+02 4.770333251953125000e+02 5.359469652175903320e-01
5.662257080078125000e+02 4.876148681640625000e+02 3.461401760578155518e-01
3.253518676757812500e+02 6.447965698242187500e+02 7.694624662399291992e-01
5.192592773437500000e+02 3.879390869140625000e+02 7.913788557052612305e-01
6.447604980468750000e+02 4.562356872558593750e+02 2.807325422763824463e-01
0.000000000000000000e+00 0.000000000000000000e+00 0.000000000000000000e+00
0.000000000000000000e+00 0.000000000000000000e+00 0.000000000000000000e+00
3.985256652832031250e+02 9.118727416992187500e+02 5.159869194030761719e-01
3.304891357421875000e+02 9.380343627929687500e+02 5.203189253807067871e-01
7.127460327148437500e+02 1.111126464843750000e+03 7.854132652282714844e-01
4.458039855957031250e+02 1.561194702148437500e+03 6.926324367523193359e-01
4.770394592285156250e+02 8.961093139648437500e+02 4.178808629512786865e-01
7.705391235351562500e+02 1.016544128417968750e+03 7.949792146682739258e-01
6.237480468750000000e+02 1.199967285156250000e+03 8.100267499685287476e-02
8.595092773437500000e+02 2.834261474609375000e+02 8.638381361961364746e-01
0.000000000000000000e+00 0.000000000000000000e+00 0.000000000000000000e+00
7.391350708007812500e+02 2.676103515625000000e+02 8.941537141799926758e-01
0.000000000000000000e+00 0.000000000000000000e+00 0.000000000000000000e+00
0.000000000000000000e+00 0.000000000000000000e+00 0.000000000000000000e+00
0.000000000000000000e+00 0.000000000000000000e+00 0.000000000000000000e+00
0.000000000000000000e+00 0.000000000000000000e+00 0.000000000000000000e+00
5.452220458984375000e+02 1.692442626953125000e+03 5.755484104156494141e-01
4.875816345214843750e+02 1.692219726562500000e+03 4.788869023323059082e-01
4.038039855957031250e+02 1.571656250000000000e+03 7.293462753295898438e-01
