7.862876586914062500e+02 9.067995605468750000e+02 8.334651589393615723e-01
6.080573120117187500e+02 1.027328857421875000e+03 8.181240558624267578e-01
5.609607543945312500e+02 1.027078247070312500e+03 8.559733629226684570e-01
4.665593566894531250e+02 1.252318847656250000e+03 8.135215640068054199e-01
5.923409423828125000e+02 1.069227661132812500e+03 8.305088281631469727e-01
6.553936157226562500e+02 1.032423950195312500e+03 6.966969966888427734e-01
5.974969482421875000e+02 1.273379150390625000e+03 5.584013834595680237e-02
0.000000000000000000e+00 0.000000000000000000e+00 0.000000000000000000e+00
4.458475341796875000e+02 1.425149658203125000e+03 6.329326033592224121e-01
3.985026245117187500e+02 1.446339599609375000e+03 6.569159030914306641e-01
7.442815551757812500e+02 1.514255493164062500e+03 7.691397070884704590e-01
5.607708129882812500e+02 1.781498291015625000e+03 8.208727240562438965e-01
5.136903686523437500e+02 1.398827514648437500e+03 5.933848619461059570e-01
7.337707519531250000e+02 1.440849609375000000e+03 7.211896181106567383e-01
5.191143798828125000e+02 1.697460693359375000e+03 8.059300184249877930e-01
7.706718750000000000e+02 8.907152709960937500e+02 8.841876983642578125e-01
0.000000000000000000e+00 0.000000000000000000e+00 0.000000000000000000e+00
6.867904052734375000e+02 8.964115600585937500e+02 9.113047122955322266e-01
0.000000000000000000e+00 0.000000000000000000e+00 0.000000000000000000e+00
5.767429199218750000e+02 1.744701416015625000e+03 5.127304792404174805e-02
0.000000000000000000e+00 0.000000000000000000e+00 0.000000000000000000e+00
4.822824401855468750e+02 1.713190429687500000e+03 7.145603299140930176e-01
6.867548217773437500e+02 1.833792846679687500e+03 7.329518198966979980e-01
6.500103149414062500e+02 1.854700805664062500e+03 7.498767375946044922e-01
5.188144531250000000e+02 1.802259887695312500e+03 7.975769042968750000e-01
