1.055191879272460938e+02 6.449812011718750000e+02 9.269434213638305664e-01
3.147093811035156250e+02 7.443185424804687500e+02 6.435792446136474609e-01
2.991126708984375000e+02 7.390463256835937500e+02 4.628155827522277832e-01
0.000000000000000000e+00 0.000000000000000000e+00 0.000000000000000000e+00
0.000000000000000000e+00 0.000000000000000000e+00 0.000000000000000000e+00
3.305169372558593750e+02 7.495910644531250000e+02 7.538154721260070801e-01
4.826321716308593750e+02 9.431387329101562500e+02 9.294378161430358887e-01
2.728122558593750000e+02 8.437138671875000000e+02 8.658741712570190430e-01
5.819729614257812500e+02 1.069208496093750000e+03 6.175417900085449219e-01
5.556647338867187500e+02 1.063868164062500000e+03 5.026007890701293945e-01
3.304579467773437500e+02 1.116192382812500000e+03 8.085413575172424316e-01
5.032954101562500000e+02 1.383245239257812500e+03 7.627269029617309570e-01
6.082750244140625000e+02 1.084823974609375000e+03 6.617399454116821289e-01
3.460269165039062500e+02 1.315397705078125000e+03 8.821717500686645508e-01
5.296645507812500000e+02 1.566453002929687500e+03 8.168491721153259277e-01
0.000000000000000000e+00 0.000000000000000000e+00 0.000000000000000000e+00
1.417437286376953125e+02 6.186837158203125000e+02 8.773821592330932617e-01
0.000000000000000000e+00 0.000000000000000000e+00 0.000000000000000000e+00
2.204712524414062500e+02 6.502977294921875000e+02 8.941351771354675293e-01
4.350705566406250000e+02 1.681904541015625000e+03 8.031612038612365723e-01
4.769715576171875000e+02 1.681812744140625000e+03 7.099539041519165039e-01
5.715249023437500000e+02 1.571740234375000000e+03 8.300237059593200684e-01
4.928260803222656250e+02 1.435500244140625000e+03 7.434920221567153931e-02
0.000000000000000000e+00 0.000000000000000000e+00 0.000000000000000000e+00
5.294567871093750000e+02 1.398989868164062500e+03 8.304285407066345215e-01
