1.313280792236328125e+02 6.709354248046875000e+02 8.239719867706298828e-01
3.149552001953125000e+02 7.703407592773437500e+02 7.212419509887695312e-01
3.148166503906250000e+02 7.496061401367187500e+02 5.402201414108276367e-01
4.456573791503906250e+02 8.178628540039062500e+02 1.894941776990890503e-01
0.000000000000000000e+00 0.000000000000000000e+00 0.000000000000000000e+00
3.304350585937500000e+02 7.755909423828125000e+02 7.853053212165832520e-01
5.136481323242187500e+02 9.435073242187500000e+02 8.687732815742492676e-01
2.885516967773437500e+02 8.488772583007812500e+02 8.356447219848632812e-01
5.714936523437500000e+02 1.110802368164062500e+03 6.017756462097167969e-01
5.347656250000000000e+02 1.100485229492187500e+03 4.452389478683471680e-01
3.252498168945312500e+02 1.153105468750000000e+03 8.100206255912780762e-01
4.875451354980468750e+02 1.425216552734375000e+03 7.777384519577026367e-01
6.080805053710937500e+02 1.121354248046875000e+03 6.500330567359924316e-01
3.408889770507812500e+02 1.367536010742187500e+03 8.421397805213928223e-01
5.190526123046875000e+02 1.608378051757812500e+03 8.358023166656494141e-01
0.000000000000000000e+00 0.000000000000000000e+00 0.000000000000000000e+00
1.474625549316406250e+02 6.498146362304687500e+02 9.020479917526245117e-01
0.000000000000000000e+00 0.000000000000000000e+00 0.000000000000000000e+00
2.309055328369140625e+02 6.866478881835937500e+02 9.448428153991699219e-01
4.090579833984375000e+02 1.718609130859375000e+03 7.703630924224853516e-01
4.614631347656250000e+02 1.718466308593750000e+03 6.917693614959716797e-01
5.608200683593750000e+02 1.613809570312500000e+03 8.060147762298583984e-01
4.980938110351562500e+02 1.482748535156250000e+03 1.958706378936767578e-01
5.188140869140625000e+02 1.467126708984375000e+03 1.807733178138732910e-01
5.190634765625000000e+02 1.440876586914062500e+03 8.427035808563232422e-01
