1.053406982421875000e+02 8.649135131835937500e+02 8.700715899467468262e-01
3.410094909667968750e+02 9.013352661132812500e+02 7.538362145423889160e-01
3.515977478027343750e+02 8.648361816406250000e+02 6.971487998962402344e-01
5.086013793945312500e+02 9.327175903320312500e+02 6.743775606155395508e-01
0.000000000000000000e+00 0.000000000000000000e+00 0.000000000000000000e+00
3.251598510742187500e+02 9.329332275390625000e+02 7.817845344543457031e-01
5.085787963867187500e+02 1.074324462890625000e+03 8.671113252639770508e-01
2.885543823242187500e+02 1.016650024414062500e+03 8.459988236427307129e-01
6.342387084960937500e+02 1.205136840820312500e+03 4.865247607231140137e-01
6.290636596679687500e+02 1.189496582031250000e+03 3.267798721790313721e-01
3.567973022460937500e+02 1.309885742187500000e+03 1.360648125410079956e-01
5.190584716796875000e+02 1.388558959960937500e+03 8.168237656354904175e-02
6.394549560546875000e+02 1.231220214843750000e+03 6.457864046096801758e-01
3.462609252929687500e+02 1.346591308593750000e+03 8.075580596923828125e-01
5.346850585937500000e+02 1.545776245117187500e+03 7.733725905418395996e-01
0.000000000000000000e+00 0.000000000000000000e+00 0.000000000000000000e+00
1.315411682128906250e+02 8.540214233398437500e+02 8.581311106681823730e-01
0.000000000000000000e+00 0.000000000000000000e+00 0.000000000000000000e+00
2.151388092041015625e+02 8.596491088867187500e+02 8.702571392059326172e-01
4.299504089355468750e+02 1.660873779296875000e+03 7.654258012771606445e-01
4.719419555664062500e+02 1.655902343750000000e+03 7.090443968772888184e-01
5.765885009765625000e+02 1.561224609375000000e+03 7.709886431694030762e-01
0.000000000000000000e+00 0.000000000000000000e+00 0.000000000000000000e+00
0.000000000000000000e+00 0.000000000000000000e+00 0.000000000000000000e+00
5.400792236328125000e+02 1.388601928710937500e+03 9.594115614891052246e-02
