1.209013137817382812e+02 6.813782348632812500e+02 8.634527921676635742e-01
3.146606750488281250e+02 7.757856445312500000e+02 6.894763112068176270e-01
3.041918945312500000e+02 7.705950317382812500e+02 5.027229189872741699e-01
0.000000000000000000e+00 0.000000000000000000e+00 0.000000000000000000e+00
0.000000000000000000e+00 0.000000000000000000e+00 0.000000000000000000e+00
3.304308471679687500e+02 7.808891601562500000e+02 7.487522959709167480e-01
5.138189697265625000e+02 9.538255615234375000e+02 8.456465005874633789e-01
2.834550781250000000e+02 8.542985229492187500e+02 8.670986890792846680e-01
5.662835693359375000e+02 1.116089599609375000e+03 6.034173965454101562e-01
5.244022827148437500e+02 1.105721557617187500e+03 4.780100286006927490e-01
3.200890197753906250e+02 1.158146972656250000e+03 8.246198892593383789e-01
4.825589904785156250e+02 1.425192993164062500e+03 7.721570134162902832e-01
6.080339355468750000e+02 1.137020629882812500e+03 6.468864679336547852e-01
3.305452880859375000e+02 1.367766967773437500e+03 8.159610629081726074e-01
5.191494140625000000e+02 1.608471923828125000e+03 8.422557115554809570e-01
0.000000000000000000e+00 0.000000000000000000e+00 0.000000000000000000e+00
1.471847076416015625e+02 6.502563476562500000e+02 9.081118106842041016e-01
0.000000000000000000e+00 0.000000000000000000e+00 0.000000000000000000e+00
2.308361053466796875e+02 6.919443359375000000e+02 9.268506169319152832e-01
4.038508300781250000e+02 1.723710449218750000e+03 7.778874635696411133e-01
4.561207885742187500e+02 1.718566528320312500e+03 6.817464232444763184e-01
5.609619140625000000e+02 1.613928833007812500e+03 8.086608052253723145e-01
5.085871276855468750e+02 1.477620605468750000e+03 2.188990414142608643e-01
0.000000000000000000e+00 0.000000000000000000e+00 0.000000000000000000e+00
5.189443969726562500e+02 1.440839233398437500e+03 8.193005323410034180e-01
