1.157278518676757812e+02 8.333569946289062500e+02 8.168123364448547363e-01
3.200049438476562500e+02 9.120120849609375000e+02 6.244243383407592773e-01
3.148776550292968750e+02 9.014603881835937500e+02 4.647556841373443604e-01
0.000000000000000000e+00 0.000000000000000000e+00 0.000000000000000000e+00
0.000000000000000000e+00 0.000000000000000000e+00 0.000000000000000000e+00
3.304469604492187500e+02 9.328211059570312500e+02 7.754055261611938477e-01
4.718724365234375000e+02 1.110733032226562500e+03 9.242196679115295410e-01
2.415303039550781250e+02 1.006176818847656250e+03 8.121845126152038574e-01
6.238095092773437500e+02 1.205137573242187500e+03 4.682670235633850098e-01
6.237918090820312500e+02 1.189582397460937500e+03 3.015267252922058105e-01
3.723856811523437500e+02 1.194813354492187500e+03 2.841347754001617432e-01
4.981830444335937500e+02 1.393735595703125000e+03 6.769269108772277832e-01
6.342728881835937500e+02 1.231258056640625000e+03 6.451126337051391602e-01
3.199224853515625000e+02 1.331047119140625000e+03 8.166038990020751953e-01
5.295781250000000000e+02 1.561410522460937500e+03 8.008518815040588379e-01
0.000000000000000000e+00 0.000000000000000000e+00 0.000000000000000000e+00
1.419902038574218750e+02 8.125442504882812500e+02 9.307659864425659180e-01
0.000000000000000000e+00 0.000000000000000000e+00 0.000000000000000000e+00
2.254800109863281250e+02 8.540374145507812500e+02 8.914396762847900391e-01
4.350956115722656250e+02 1.676595581054687500e+03 7.604365348815917969e-01
4.770040283203125000e+02 1.671458740234375000e+03 6.801549792289733887e-01
5.714606933593750000e+02 1.566640991210937500e+03 8.024382591247558594e-01
5.241934814453125000e+02 1.409479492187500000e+03 2.245791107416152954e-01
5.243080444335937500e+02 1.409604248046875000e+03 2.469302415847778320e-01
5.294460449218750000e+02 1.398873168945312500e+03 6.411984562873840332e-01
