2.674470825195312500e+02 5.295591430664062500e+02 8.683252334594726562e-01
4.194455566406250000e+02 6.867852172851562500e+02 6.090984344482421875e-01
3.933758850097656250e+02 6.919564208984375000e+02 4.887640476226806641e-01
0.000000000000000000e+00 0.000000000000000000e+00 0.000000000000000000e+00
0.000000000000000000e+00 0.000000000000000000e+00 0.000000000000000000e+00
4.404567260742187500e+02 6.815206298828125000e+02 8.098012208938598633e-01
6.186177368164062500e+02 7.653087768554687500e+02 8.474339246749877930e-01
4.824537963867187500e+02 4.927766113281250000e+02 8.416486382484436035e-01
6.971511230468750000e+02 1.063669677734375000e+03 4.994644820690155029e-01
6.709226684570312500e+02 1.063828247070312500e+03 3.210037648677825928e-01
4.194689331054687500e+02 1.289092407226562500e+03 1.544255167245864868e-01
5.190433959960937500e+02 1.645077148437500000e+03 1.652213633060455322e-01
7.285389404296875000e+02 1.063696533203125000e+03 5.979189872741699219e-01
4.143171081542968750e+02 1.351791992187500000e+03 7.899485230445861816e-01
5.557384033203125000e+02 1.781515747070312500e+03 7.681589722633361816e-01
0.000000000000000000e+00 0.000000000000000000e+00 0.000000000000000000e+00
2.989585266113281250e+02 5.136965942382812500e+02 8.508290052413940430e-01
0.000000000000000000e+00 0.000000000000000000e+00 0.000000000000000000e+00
3.879709167480468750e+02 5.346904296875000000e+02 8.442489504814147949e-01
3.985042419433593750e+02 1.854744628906250000e+03 6.457787156105041504e-01
4.457142944335937500e+02 1.860081909179687500e+03 6.149581670761108398e-01
5.974434814453125000e+02 1.818112548828125000e+03 6.928430795669555664e-01
4.039501342773437500e+02 1.655864379882812500e+03 3.685039281845092773e-01
4.196330261230468750e+02 1.650587036132812500e+03 3.460712432861328125e-01
0.000000000000000000e+00 0.000000000000000000e+00 0.000000000000000000e+00
