9.017034301757812500e+02 1.152708740234375000e+03 9.182057380676269531e-01
6.709896850585937500e+02 1.220823852539062500e+03 6.642796397209167480e-01
6.865411987304687500e+02 1.236471069335937500e+03 8.395935893058776855e-01
6.027784423828125000e+02 1.514295898437500000e+03 8.277232646942138672e-01
7.809922485351562500e+02 1.304758422851562500e+03 8.317444324493408203e-01
6.500726928710937500e+02 1.189517578125000000e+03 5.865525007247924805e-01
0.000000000000000000e+00 0.000000000000000000e+00 0.000000000000000000e+00
0.000000000000000000e+00 0.000000000000000000e+00 0.000000000000000000e+00
3.620198669433593750e+02 1.566682250976562500e+03 5.128124356269836426e-01
3.567355041503906250e+02 1.577240600585937500e+03 6.410359144210815430e-01
6.920518798828125000e+02 1.597942871093750000e+03 7.105565667152404785e-01
5.400380249023437500e+02 1.912382446289062500e+03 4.937413036823272705e-01
3.724389343261718750e+02 1.545730834960937500e+03 3.372527062892913818e-01
7.284854125976562500e+02 1.566621704101562500e+03 2.799488604068756104e-01
5.348143310546875000e+02 1.823298706054687500e+03 2.961370348930358887e-01
8.910442504882812500e+02 1.111219970703125000e+03 9.209518432617187500e-01
0.000000000000000000e+00 0.000000000000000000e+00 0.000000000000000000e+00
8.019375000000000000e+02 1.121383789062500000e+03 8.541783094406127930e-01
0.000000000000000000e+00 0.000000000000000000e+00 0.000000000000000000e+00
6.709449462890625000e+02 1.839002685546875000e+03 8.052638173103332520e-02
0.000000000000000000e+00 0.000000000000000000e+00 0.000000000000000000e+00
4.875604248046875000e+02 1.823277832031250000e+03 2.839463353157043457e-01
6.446999511718750000e+02 1.865657958984375000e+03 8.959261327981948853e-02
5.400319824218750000e+02 1.912483032226562500e+03 1.623533219099044800e-01
5.190059814453125000e+02 1.912406738281250000e+03 3.302287459373474121e-01
