8.700094604492187500e+02 3.252397155761718750e+02 7.906297445297241211e-01
6.080251464843750000e+02 4.509211730957031250e+02 5.853844285011291504e-01
5.609635009765625000e+02 4.406066589355468750e+02 5.973231792449951172e-01
3.200873107910156250e+02 6.342554321289062500e+02 7.673699259757995605e-01
5.244660034179687500e+02 3.567822570800781250e+02 8.316699266433715820e-01
6.761552124023437500e+02 4.717865600585937500e+02 4.576369822025299072e-01
0.000000000000000000e+00 0.000000000000000000e+00 0.000000000000000000e+00
0.000000000000000000e+00 0.000000000000000000e+00 0.000000000000000000e+00
3.880879211425781250e+02 9.014465942382812500e+02 5.463595986366271973e-01
3.149046020507812500e+02 9.327176513671875000e+02 5.385023355484008789e-01
6.920717773437500000e+02 1.110761962890625000e+03 8.474545478820800781e-01
4.404155273437500000e+02 1.540504272460937500e+03 7.255339026451110840e-01
4.665991516113281250e+02 8.856885375976562500e+02 4.207589626312255859e-01
7.702848510742187500e+02 1.000988220214843750e+03 7.898592352867126465e-01
6.079003295898437500e+02 1.189576904296875000e+03 6.175056099891662598e-02
8.593460083007812500e+02 2.730208740234375000e+02 9.052865505218505859e-01
0.000000000000000000e+00 0.000000000000000000e+00 0.000000000000000000e+00
7.390322875976562500e+02 2.571522521972656250e+02 8.484000563621520996e-01
0.000000000000000000e+00 0.000000000000000000e+00 0.000000000000000000e+00
0.000000000000000000e+00 0.000000000000000000e+00 0.000000000000000000e+00
0.000000000000000000e+00 0.000000000000000000e+00 0.000000000000000000e+00
0.000000000000000000e+00 0.000000000000000000e+00 0.000000000000000000e+00
5.399634399414062500e+02 1.681917968750000000e+03 6.177071332931518555e-01
4.980630798339843750e+02 1.676619506835937500e+03 5.202743411064147949e-01
3.933438720703125000e+02 1.561466796875000000e+03 6.580083370208740234e-01
