2.731028137207031250e+02 5.767491455078125000e+02 8.631557226181030273e-01
4.350025939941406250e+02 7.338808593750000000e+02 7.582641243934631348e-01
3.987175598144531250e+02 7.390588378906250000e+02 6.325026154518127441e-01
4.823239440917968750e+02 9.119766845703125000e+02 1.607748568058013916e-01
3.985394592285156250e+02 9.800374145507812500e+02 2.391705214977264404e-01
4.562572326660156250e+02 7.335768432617187500e+02 8.096694350242614746e-01
6.446346435546875000e+02 8.229950561523437500e+02 9.012841582298278809e-01
5.187729492187500000e+02 5.766306152343750000e+02 8.364167213439941406e-01
6.970989379882812500e+02 1.105780761718750000e+03 5.565775632858276367e-01
6.500606079101562500e+02 1.110836425781250000e+03 4.105605483055114746e-01
4.247904052734375000e+02 1.283720947265625000e+03 3.777423799037933350e-01
9.014695434570312500e+02 1.425178222656250000e+03 1.838278323411941528e-01
7.339675903320312500e+02 1.105813598632812500e+03 6.313080191612243652e-01
3.935260925292968750e+02 1.362354858398437500e+03 8.799524903297424316e-01
5.556602172851562500e+02 1.786599975585937500e+03 7.704181671142578125e-01
0.000000000000000000e+00 0.000000000000000000e+00 0.000000000000000000e+00
3.145715026855468750e+02 5.607825927734375000e+02 9.373959302902221680e-01
0.000000000000000000e+00 0.000000000000000000e+00 0.000000000000000000e+00
3.985346984863281250e+02 5.870797729492187500e+02 8.575165867805480957e-01
4.038756408691406250e+02 1.854515747070312500e+03 6.830903291702270508e-01
4.509602661132812500e+02 1.859899047851562500e+03 6.731827259063720703e-01
5.924669799804687500e+02 1.823104492187500000e+03 7.355375885963439941e-01
0.000000000000000000e+00 0.000000000000000000e+00 0.000000000000000000e+00
0.000000000000000000e+00 0.000000000000000000e+00 0.000000000000000000e+00
9.799132690429687500e+02 1.425214233398437500e+03 1.130198389291763306e-01
