7.914779663085937500e+02 8.597579345703125000e+02 8.491883277893066406e-01
6.080262451171875000e+02 9.851795654296875000e+02 8.409928083419799805e-01
5.609092407226562500e+02 9.797076416015625000e+02 8.450903892517089844e-01
4.459099731445312500e+02 1.205290771484375000e+03 8.006655573844909668e-01
5.713676147460937500e+02 1.026930786132812500e+03 8.423174619674682617e-01
6.553403320312500000e+02 9.956662597656250000e+02 6.933732628822326660e-01
5.819202270507812500e+02 1.226099243164062500e+03 1.084269434213638306e-01
6.133671875000000000e+02 1.289063964843750000e+03 9.377018362283706665e-02
4.614743957519531250e+02 1.404296020507812500e+03 6.600132584571838379e-01
4.142295227050781250e+02 1.435707153320312500e+03 6.268399953842163086e-01
7.442811889648437500e+02 1.519397583007812500e+03 7.829242944717407227e-01
5.556495971679687500e+02 1.781499877929687500e+03 8.013794422149658203e-01
5.137753295898437500e+02 1.378117431640625000e+03 5.875789523124694824e-01
7.337435913085937500e+02 1.446087036132812500e+03 7.515689134597778320e-01
5.242586059570312500e+02 1.692120361328125000e+03 7.732700705528259277e-01
7.755928344726562500e+02 8.332875366210937500e+02 8.779621720314025879e-01
0.000000000000000000e+00 0.000000000000000000e+00 0.000000000000000000e+00
6.865736083984375000e+02 8.541911010742187500e+02 9.006797075271606445e-01
0.000000000000000000e+00 0.000000000000000000e+00 0.000000000000000000e+00
5.820310058593750000e+02 1.734145385742187500e+03 6.101640313863754272e-02
0.000000000000000000e+00 0.000000000000000000e+00 0.000000000000000000e+00
4.825928649902343750e+02 1.697692504882812500e+03 7.191618084907531738e-01
6.917459716796875000e+02 1.838945068359375000e+03 7.056249380111694336e-01
6.500285034179687500e+02 1.859718627929687500e+03 7.382620573043823242e-01
5.137311401367187500e+02 1.802276000976562500e+03 8.025333881378173828e-01
