1.105543899536132812e+02 6.813060302734375000e+02 8.843346834182739258e-01
3.148533935546875000e+02 7.703461303710937500e+02 7.119605541229248047e-01
3.148478088378906250e+02 7.546849365234375000e+02 5.188041925430297852e-01
0.000000000000000000e+00 0.000000000000000000e+00 0.000000000000000000e+00
0.000000000000000000e+00 0.000000000000000000e+00 0.000000000000000000e+00
3.199978942871093750e+02 7.706935424804687500e+02 8.364702463150024414e-01
4.821596984863281250e+02 9.694200439453125000e+02 8.926630020141601562e-01
2.727940979003906250e+02 8.542600097656250000e+02 9.204339981079101562e-01
5.924560546875000000e+02 1.100378051757812500e+03 5.985128879547119141e-01
5.662266235351562500e+02 1.074332763671875000e+03 4.438279867172241211e-01
3.304782104492187500e+02 1.126693359375000000e+03 7.759999036788940430e-01
5.033047485351562500e+02 1.378057006835937500e+03 7.447183728218078613e-01
6.082383422851562500e+02 1.110981567382812500e+03 6.703935861587524414e-01
3.305485229492187500e+02 1.320379882812500000e+03 8.589859604835510254e-01
5.296217041015625000e+02 1.561468383789062500e+03 8.057502508163452148e-01
0.000000000000000000e+00 0.000000000000000000e+00 0.000000000000000000e+00
1.420076599121093750e+02 6.499730834960937500e+02 9.415029287338256836e-01
0.000000000000000000e+00 0.000000000000000000e+00 0.000000000000000000e+00
2.255865936279296875e+02 6.866633300781250000e+02 9.249129295349121094e-01
4.351320495605468750e+02 1.676557373046875000e+03 7.799164056777954102e-01
4.770319824218750000e+02 1.671436523437500000e+03 6.969451904296875000e-01
5.714396972656250000e+02 1.566827270507812500e+03 8.248685598373413086e-01
5.189119873046875000e+02 1.404442260742187500e+03 1.966220438480377197e-01
5.244850463867187500e+02 1.404249511718750000e+03 2.140718251466751099e-01
5.245192260742187500e+02 1.398896484375000000e+03 8.385004997253417969e-01
