8.699608154296875000e+02 3.460660705566406250e+02 8.092800378799438477e-01
6.030062866210937500e+02 4.770730590820312500e+02 5.928537845611572266e-01
5.608651123046875000e+02 4.772718811035156250e+02 5.579872727394104004e-01
3.145665283203125000e+02 6.499463500976562500e+02 8.094112277030944824e-01
5.187994995117187500e+02 3.880749511718750000e+02 8.261171579360961914e-01
6.657291259765625000e+02 4.771091003417968750e+02 4.171134829521179199e-01
0.000000000000000000e+00 0.000000000000000000e+00 0.000000000000000000e+00
0.000000000000000000e+00 0.000000000000000000e+00 0.000000000000000000e+00
3.934381103515625000e+02 9.276041870117187500e+02 5.081859827041625977e-01
3.356974487304687500e+02 9.434574584960937500e+02 5.227784514427185059e-01
7.180493164062500000e+02 1.116206176757812500e+03 7.857468128204345703e-01
4.509627685546875000e+02 1.561454345703125000e+03 7.179842591285705566e-01
4.719115600585937500e+02 9.013671875000000000e+02 4.088784754276275635e-01
7.706679687500000000e+02 1.021805969238281250e+03 8.061919808387756348e-01
6.341451416015625000e+02 1.200022705078125000e+03 5.916174128651618958e-02
8.542764892578125000e+02 2.937174987792968750e+02 8.439619541168212891e-01
0.000000000000000000e+00 0.000000000000000000e+00 0.000000000000000000e+00
7.340145874023437500e+02 2.728151550292968750e+02 9.057905673980712891e-01
0.000000000000000000e+00 0.000000000000000000e+00 0.000000000000000000e+00
0.000000000000000000e+00 0.000000000000000000e+00 0.000000000000000000e+00
0.000000000000000000e+00 0.000000000000000000e+00 0.000000000000000000e+00
0.000000000000000000e+00 0.000000000000000000e+00 0.000000000000000000e+00
5.557009887695312500e+02 1.697755981445312500e+03 6.182898283004760742e-01
4.928477172851562500e+02 1.697410766601562500e+03 5.562085509300231934e-01
4.039215087890625000e+02 1.571928466796875000e+03 7.062472105026245117e-01
