9.065473632812500000e+02 1.147381835937500000e+03 8.884719610214233398e-01
6.710015869140625000e+02 1.221004760742187500e+03 6.512936949729919434e-01
6.864085693359375000e+02 1.236565795898437500e+03 8.223638534545898438e-01
6.028580322265625000e+02 1.514189575195312500e+03 8.325315713882446289e-01
7.758256835937500000e+02 1.304796508789062500e+03 8.452894687652587891e-01
6.501395874023437500e+02 1.189655883789062500e+03 5.468315482139587402e-01
0.000000000000000000e+00 0.000000000000000000e+00 0.000000000000000000e+00
0.000000000000000000e+00 0.000000000000000000e+00 0.000000000000000000e+00
3.775839233398437500e+02 1.571791259765625000e+03 4.796688258647918701e-01
3.620731506347656250e+02 1.592785400390625000e+03 5.888910293579101562e-01
6.972743530273437500e+02 1.587586425781250000e+03 7.015981674194335938e-01
5.348723754882812500e+02 1.912345458984375000e+03 5.197890400886535645e-01
3.828013000488281250e+02 1.550953002929687500e+03 3.187607526779174805e-01
7.231954956054687500e+02 1.566589111328125000e+03 2.387245297431945801e-01
5.348908081054687500e+02 1.823222534179687500e+03 3.277582824230194092e-01
8.909989624023437500e+02 1.105890502929687500e+03 9.365557432174682617e-01
0.000000000000000000e+00 0.000000000000000000e+00 0.000000000000000000e+00
8.017839965820312500e+02 1.116125244140625000e+03 8.715288639068603516e-01
0.000000000000000000e+00 0.000000000000000000e+00 0.000000000000000000e+00
6.762484741210937500e+02 1.839077270507812500e+03 1.351741552352905273e-01
6.656784667968750000e+02 1.823294555664062500e+03 1.316755712032318115e-01
4.875965881347656250e+02 1.823314086914062500e+03 2.832277417182922363e-01
5.400297241210937500e+02 1.912479370117187500e+03 1.137186214327812195e-01
0.000000000000000000e+00 0.000000000000000000e+00 0.000000000000000000e+00
5.189776000976562500e+02 1.912378906250000000e+03 3.910840153694152832e-01
