3.530679999999999836e+02 1.889279999999999973e+02 9.338499999999999579e-01
3.739150000000000205e+02 2.902950000000000159e+02 8.999880000000000102e-01
2.865830000000000268e+02 2.901349999999999909e+02 8.629529999999999701e-01
2.133420000000000130e+02 4.333480000000000132e+02 9.109469999999999512e-01
1.646409999999999911e+02 3.110699999999999932e+02 8.803379999999999539e-01
4.611340000000000146e+02 2.935899999999999750e+02 8.728550000000000475e-01
5.450249999999999773e+02 4.264200000000000159e+02 9.013470000000000093e-01
5.764850000000000136e+02 2.902350000000000136e+02 9.425200000000000244e-01
3.635110000000000241e+02 5.937670000000000528e+02 6.997799999999999576e-01
3.007350000000000136e+02 5.903029999999999973e+02 6.681829999999999714e-01
3.111549999999999727e+02 8.311250000000000000e+02 8.290419999999999456e-01
2.901730000000000018e+02 1.072029999999999973e+03 8.796329999999999982e-01
4.263090000000000259e+02 5.937839999999999918e+02 7.065580000000000194e-01
4.262379999999999995e+02 8.346649999999999636e+02 8.290210000000000079e-01
4.332250000000000227e+02 1.068420000000000073e+03 8.248870000000000369e-01
3.321639999999999873e+02 1.644790000000000134e+02 9.123310000000000031e-01
3.774979999999999905e+02 1.644900000000000091e+02 9.357910000000000394e-01
3.076460000000000150e+02 1.679710000000000036e+02 5.578020000000000200e-01
4.122930000000000064e+02 1.645970000000000084e+02 7.114329999999999821e-01
4.471990000000000123e+02 1.145279999999999973e+03 7.495209999999999928e-01
4.682740000000000009e+02 1.131460000000000036e+03 7.471210000000000351e-01
4.193349999999999795e+02 1.079049999999999955e+03 6.933099999999999818e-01
2.378870000000000005e+02 1.138430000000000064e+03 7.953710000000000502e-01
2.272940000000000111e+02 1.127859999999999900e+03 7.804759999999999476e-01
3.040939999999999941e+02 1.092880000000000109e+03 8.032569999999999988e-01
