3.529809999999999945e+02 1.888799999999999955e+02 9.363019999999999676e-01
3.704069999999999823e+02 2.936290000000000191e+02 9.014790000000000303e-01
2.797549999999999955e+02 2.936320000000000050e+02 8.604300000000000281e-01
2.098739999999999952e+02 4.333240000000000123e+02 9.212230000000000141e-01
1.610900000000000034e+02 3.146999999999999886e+02 8.606850000000000334e-01
4.576870000000000118e+02 2.936480000000000246e+02 8.677049999999999486e-01
5.415560000000000400e+02 4.297939999999999827e+02 9.181789999999999674e-01
5.729080000000000155e+02 2.901000000000000227e+02 9.296550000000000091e-01
3.600330000000000155e+02 5.938379999999999654e+02 6.989360000000000017e-01
2.972160000000000082e+02 5.937789999999999964e+02 6.770110000000000294e-01
3.110620000000000118e+02 8.277540000000000191e+02 8.378799999999999581e-01
2.901539999999999964e+02 1.072069999999999936e+03 8.904809999999999670e-01
4.229130000000000109e+02 5.938179999999999836e+02 7.010699999999999710e-01
4.229200000000000159e+02 8.346130000000000564e+02 8.248100000000000431e-01
4.332320000000000277e+02 1.068539999999999964e+03 8.209739999999999815e-01
3.320819999999999936e+02 1.645339999999999918e+02 9.139960000000000306e-01
3.740779999999999745e+02 1.645600000000000023e+02 9.363519999999999621e-01
3.041340000000000146e+02 1.646189999999999998e+02 5.991469999999999851e-01
4.054110000000000014e+02 1.646279999999999859e+02 7.273709999999999898e-01
4.472110000000000127e+02 1.145380000000000109e+03 7.330250000000000377e-01
4.681820000000000164e+02 1.134849999999999909e+03 7.491130000000000289e-01
4.193790000000000191e+02 1.082529999999999973e+03 7.114209999999999701e-01
2.412669999999999959e+02 1.138430000000000064e+03 7.922789999999999555e-01
2.273640000000000043e+02 1.127880000000000109e+03 7.939019999999999966e-01
3.006650000000000205e+02 1.092880000000000109e+03 8.201880000000000281e-01
