3.529449999999999932e+02 1.889689999999999941e+02 9.281719999999999970e-01
3.703290000000000077e+02 2.936320000000000050e+02 8.969279999999999475e-01
2.796840000000000259e+02 2.936170000000000186e+02 8.567890000000000228e-01
2.098309999999999889e+02 4.332690000000000055e+02 9.291679999999999939e-01
1.576539999999999964e+02 3.180489999999999782e+02 8.408029999999999671e-01
4.576320000000000050e+02 2.936909999999999741e+02 8.580349999999999921e-01
5.415190000000000055e+02 4.298319999999999936e+02 9.190789999999999793e-01
5.727989999999999782e+02 2.901179999999999950e+02 9.482159999999999478e-01
3.600319999999999823e+02 5.937799999999999727e+02 6.987659999999999982e-01
2.972830000000000155e+02 5.904009999999999536e+02 6.768079999999999652e-01
3.111859999999999786e+02 8.278150000000000546e+02 8.409959999999999658e-01
2.901460000000000150e+02 1.072109999999999900e+03 8.863240000000000007e-01
4.228650000000000091e+02 5.904329999999999927e+02 6.986620000000000053e-01
4.228120000000000118e+02 8.276950000000000500e+02 8.426970000000000294e-01
4.332230000000000132e+02 1.068579999999999927e+03 8.202120000000000521e-01
3.319900000000000091e+02 1.679480000000000075e+02 9.039190000000000280e-01
3.739940000000000282e+02 1.646220000000000141e+02 9.311329999999999885e-01
3.007660000000000196e+02 1.681220000000000141e+02 5.997639999999999638e-01
4.053140000000000214e+02 1.645829999999999984e+02 7.412819999999999965e-01
4.438210000000000264e+02 1.145359999999999900e+03 7.361370000000000413e-01
4.648399999999999750e+02 1.134849999999999909e+03 7.475019999999999998e-01
4.227160000000000082e+02 1.082569999999999936e+03 7.130630000000000024e-01
2.412400000000000091e+02 1.138430000000000064e+03 7.861120000000000330e-01
2.273429999999999893e+02 1.127880000000000109e+03 7.925400000000000222e-01
3.006449999999999818e+02 1.092920000000000073e+03 8.177520000000000344e-01
