3.496449999999999818e+02 1.890329999999999870e+02 9.321700000000000541e-01
3.669639999999999986e+02 2.936429999999999723e+02 8.956309999999999549e-01
2.763090000000000259e+02 2.936700000000000159e+02 8.595760000000000067e-01
2.064840000000000089e+02 4.333509999999999991e+02 9.146450000000000413e-01
1.575089999999999861e+02 3.146820000000000164e+02 8.557379999999999987e-01
4.542930000000000064e+02 2.936349999999999909e+02 8.624370000000000092e-01
5.414059999999999491e+02 4.298290000000000077e+02 9.217109999999999470e-01
5.693010000000000446e+02 2.901770000000000209e+02 9.392030000000000101e-01
3.600710000000000264e+02 5.903759999999999764e+02 7.077679999999999527e-01
2.971800000000000068e+02 5.903189999999999600e+02 6.941899999999999737e-01
3.111639999999999873e+02 8.276059999999999945e+02 8.514080000000000537e-01
2.901070000000000277e+02 1.075420000000000073e+03 8.837279999999999580e-01
4.262509999999999764e+02 5.903899999999999864e+02 7.121079999999999632e-01
4.228070000000000164e+02 8.276459999999999582e+02 8.393850000000000477e-01
4.332019999999999982e+02 1.068529999999999973e+03 8.247210000000000374e-01
3.286050000000000182e+02 1.680250000000000057e+02 9.121240000000000459e-01
3.739900000000000091e+02 1.680169999999999959e+02 9.328920000000000545e-01
3.006449999999999818e+02 1.715970000000000084e+02 6.069139999999999535e-01
4.053220000000000027e+02 1.714559999999999889e+02 7.585889999999999578e-01
4.437819999999999823e+02 1.145259999999999991e+03 7.336059999999999803e-01
4.648100000000000023e+02 1.134759999999999991e+03 7.473300000000000498e-01
4.194169999999999732e+02 1.082519999999999982e+03 7.200680000000000414e-01
2.379530000000000030e+02 1.138460000000000036e+03 7.857539999999999525e-01
2.273389999999999986e+02 1.127890000000000100e+03 7.914200000000000124e-01
3.005819999999999936e+02 1.092950000000000045e+03 8.209779999999999855e-01
