5.305953979492187500e+02 5.267625122070312500e+02 9.304760694503784180e-01
4.988971862792968750e+02 5.626433715820312500e+02 9.113548398017883301e-01
3.713354797363281250e+02 5.625655517578125000e+02 8.583322167396545410e-01
3.233122558593750000e+02 6.981569213867187500e+02 8.724945783615112305e-01
2.556916961669921875e+02 5.824948120117187500e+02 9.041749238967895508e-01
6.304018554687500000e+02 5.624514770507812500e+02 8.598873615264892578e-01
6.901751098632812500e+02 6.859930419921875000e+02 9.095931649208068848e-01
7.379831542968750000e+02 5.585358886718750000e+02 9.140578508377075195e-01
5.068228759765625000e+02 8.815332031250000000e+02 7.468578219413757324e-01
4.151477966308593750e+02 8.853973999023437500e+02 7.051373720169067383e-01
2.396208648681640625e+02 1.108668823242187500e+03 8.708140850067138672e-01
3.233283081054687500e+02 1.315960571289062500e+03 8.323484659194946289e-01
5.983878173828125000e+02 8.735326538085937500e+02 7.301470637321472168e-01
7.976624145507812500e+02 1.064651000976562500e+03 8.725268840789794922e-01
7.339171752929687500e+02 1.288084838867187500e+03 8.852190971374511719e-01
4.987628784179687500e+02 4.947693176269531250e+02 9.235271215438842773e-01
5.585194091796875000e+02 4.947323303222656250e+02 9.304201602935791016e-01
4.549370422363281250e+02 4.708103027343750000e+02 8.492742776870727539e-01
5.983128051757812500e+02 4.669750061035156250e+02 6.833504438400268555e-01
8.415281372070312500e+02 1.383631103515625000e+03 8.144490718841552734e-01
8.455281982421875000e+02 1.363807373046875000e+03 7.059457898139953613e-01
7.061212158203125000e+02 1.303887451171875000e+03 8.183189630508422852e-01
2.157828063964843750e+02 1.407587402343750000e+03 6.960967779159545898e-01
2.157689514160156250e+02 1.391762695312500000e+03 6.097517013549804688e-01
3.472140197753906250e+02 1.327912109375000000e+03 7.692829370498657227e-01
