4.824995422363281250e+02 7.546387939453125000e+02 9.170859456062316895e-01
4.877142944335937500e+02 8.385364379882812500e+02 9.197769165039062500e-01
3.671968688964843750e+02 8.279868774414062500e+02 9.102842807769775391e-01
2.728407897949218750e+02 9.484516601562500000e+02 9.318506717681884766e-01
2.781460571289062500e+02 8.436557617187500000e+02 9.228768944740295410e-01
6.080288085937500000e+02 8.438505859375000000e+02 8.943223357200622559e-01
6.709753417968750000e+02 9.694460449218750000e+02 8.795177936553955078e-01
6.814585571289062500e+02 8.804627685546875000e+02 9.284909963607788086e-01
4.772618103027343750e+02 1.016488830566406250e+03 8.966151475906372070e-01
4.037815246582031250e+02 1.011318786621093750e+03 8.310196399688720703e-01
3.514588317871093750e+02 1.194667602539062500e+03 9.249765872955322266e-01
3.879361267089843750e+02 1.404185913085937500e+03 8.792279362678527832e-01
5.505344238281250000e+02 1.016780700683593750e+03 8.369469642639160156e-01
6.185004882812500000e+02 1.194615722656250000e+03 8.984480500221252441e-01
5.870277709960937500e+02 1.393610595703125000e+03 8.482797741889953613e-01
4.665888671875000000e+02 7.285424194335937500e+02 9.401452541351318359e-01
5.087188720703125000e+02 7.286818847656250000e+02 9.424067735671997070e-01
4.301559448242187500e+02 7.338453979492187500e+02 9.340548515319824219e-01
5.453110351562500000e+02 7.389135131835937500e+02 9.490474462509155273e-01
5.715901489257812500e+02 1.466991455078125000e+03 8.709051012992858887e-01
6.081962280273437500e+02 1.456713989257812500e+03 8.422973155975341797e-01
5.663253784179687500e+02 1.398929077148437500e+03 6.911587715148925781e-01
3.827083435058593750e+02 1.472352539062500000e+03 8.882133960723876953e-01
3.513200683593750000e+02 1.461881591796875000e+03 8.719221353530883789e-01
3.986827392578125000e+02 1.414775268554687500e+03 7.997325658798217773e-01
