3.529669999999999845e+02 1.855850000000000080e+02 9.360969999999999569e-01
3.704739999999999895e+02 2.935919999999999845e+02 9.016100000000000225e-01
2.831490000000000009e+02 2.902930000000000064e+02 8.553509999999999724e-01
2.099670000000000130e+02 4.333129999999999882e+02 9.203080000000000149e-01
1.644550000000000125e+02 3.145400000000000205e+02 8.708529999999999882e-01
4.576589999999999918e+02 2.936220000000000141e+02 8.702520000000000255e-01
5.448769999999999527e+02 4.297300000000000182e+02 9.053759999999999586e-01
5.730019999999999527e+02 2.902559999999999718e+02 9.386640000000000539e-01
3.600830000000000268e+02 5.938669999999999618e+02 7.009560000000000235e-01
2.972269999999999754e+02 5.938039999999999736e+02 6.759380000000000388e-01
3.110939999999999941e+02 8.311430000000000291e+02 8.318870000000000431e-01
2.901589999999999918e+02 1.072079999999999927e+03 8.879559999999999675e-01
4.262409999999999854e+02 5.938419999999999845e+02 7.056310000000000082e-01
4.261899999999999977e+02 8.311870000000000118e+02 8.401260000000000394e-01
4.332210000000000036e+02 1.068519999999999982e+03 8.237550000000000150e-01
3.320489999999999782e+02 1.645049999999999955e+02 9.143820000000000281e-01
3.740869999999999891e+02 1.645209999999999866e+02 9.310009999999999675e-01
3.041150000000000091e+02 1.645999999999999943e+02 6.106329999999999814e-01
4.055040000000000191e+02 1.645989999999999895e+02 7.385140000000000038e-01
4.472139999999999986e+02 1.145400000000000091e+03 7.404030000000000333e-01
4.682139999999999986e+02 1.134859999999999900e+03 7.547059999999999880e-01
4.193410000000000082e+02 1.082490000000000009e+03 7.094970000000000443e-01
2.379269999999999925e+02 1.138440000000000055e+03 7.973670000000000480e-01
2.273089999999999975e+02 1.127880000000000109e+03 7.929589999999999694e-01
3.007090000000000032e+02 1.092910000000000082e+03 8.274540000000000228e-01
