3.530070000000000050e+02 1.856179999999999950e+02 9.327839999999999465e-01
3.705400000000000205e+02 2.902959999999999923e+02 8.965400000000000036e-01
2.832110000000000127e+02 2.901680000000000064e+02 8.589080000000000048e-01
2.100430000000000064e+02 4.333159999999999741e+02 9.127950000000000230e-01
1.645560000000000116e+02 3.111999999999999886e+02 8.649219999999999686e-01
4.577409999999999854e+02 2.936270000000000095e+02 8.736720000000000041e-01
5.449180000000000064e+02 4.297559999999999718e+02 9.007549999999999724e-01
5.763099999999999454e+02 2.903100000000000023e+02 9.267790000000000195e-01
3.633990000000000009e+02 5.938859999999999673e+02 7.026120000000000143e-01
2.972610000000000241e+02 5.938120000000000118e+02 6.714179999999999593e-01
3.111100000000000136e+02 8.278170000000000073e+02 8.358400000000000274e-01
2.901669999999999732e+02 1.072089999999999918e+03 8.839979999999999505e-01
4.262860000000000014e+02 5.938819999999999482e+02 7.086050000000000404e-01
4.262049999999999841e+02 8.312259999999999991e+02 8.314059999999999784e-01
4.332259999999999991e+02 1.068450000000000045e+03 8.287189999999999834e-01
3.321080000000000041e+02 1.644900000000000091e+02 9.115529999999999466e-01
3.773659999999999854e+02 1.645180000000000007e+02 9.351540000000000408e-01
3.041580000000000155e+02 1.611570000000000107e+02 5.639650000000000496e-01
4.088620000000000232e+02 1.645080000000000098e+02 7.343509999999999760e-01
4.438650000000000091e+02 1.148769999999999982e+03 7.397890000000000299e-01
4.682019999999999982e+02 1.134940000000000055e+03 7.419820000000000304e-01
4.193629999999999995e+02 1.079089999999999918e+03 7.038529999999999509e-01
2.379319999999999879e+02 1.138420000000000073e+03 8.085980000000000389e-01
2.273290000000000077e+02 1.127859999999999900e+03 7.993599999999999595e-01
3.007370000000000232e+02 1.092950000000000045e+03 8.210499999999999465e-01
