3.496730000000000018e+02 1.890649999999999977e+02 9.321350000000000469e-01
3.668940000000000055e+02 2.936050000000000182e+02 8.996920000000000472e-01
2.761720000000000255e+02 2.935969999999999800e+02 8.600290000000000434e-01
2.064679999999999893e+02 4.333539999999999850e+02 9.249220000000000219e-01
1.542050000000000125e+02 3.145419999999999732e+02 8.587209999999999566e-01
4.542559999999999718e+02 2.936100000000000136e+02 8.596829999999999750e-01
5.379510000000000218e+02 4.297930000000000064e+02 9.153259999999999730e-01
5.659099999999999682e+02 2.902789999999999964e+02 9.354999999999999982e-01
3.600230000000000246e+02 5.938419999999999845e+02 7.116890000000000160e-01
2.972210000000000036e+02 5.904199999999999591e+02 6.945559999999999512e-01
3.076120000000000232e+02 8.345900000000000318e+02 8.325510000000000410e-01
2.901220000000000141e+02 1.075490000000000009e+03 8.898409999999999931e-01
4.228840000000000146e+02 5.938869999999999436e+02 7.092770000000000463e-01
4.261739999999999782e+02 8.381000000000000227e+02 8.252399999999999736e-01
4.332130000000000223e+02 1.068619999999999891e+03 8.247309999999999919e-01
3.286120000000000232e+02 1.714250000000000114e+02 9.120139999999999914e-01
3.740339999999999918e+02 1.681260000000000048e+02 9.344149999999999956e-01
3.006759999999999877e+02 1.750999999999999943e+02 5.952889999999999571e-01
4.053919999999999959e+02 1.715980000000000132e+02 7.679909999999999792e-01
4.437300000000000182e+02 1.141890000000000100e+03 7.346470000000000500e-01
4.647959999999999923e+02 1.131410000000000082e+03 7.447099999999999831e-01
4.227210000000000036e+02 1.082579999999999927e+03 7.190440000000000165e-01
2.379199999999999875e+02 1.141779999999999973e+03 7.843430000000000124e-01
2.273240000000000123e+02 1.127940000000000055e+03 7.874640000000000528e-01
3.006070000000000277e+02 1.092980000000000018e+03 8.300389999999999713e-01
