3.530129999999999768e+02 1.888880000000000052e+02 9.360749999999999904e-01
3.738700000000000045e+02 2.902470000000000141e+02 9.020340000000000025e-01
2.866050000000000182e+02 2.900869999999999891e+02 8.566890000000000338e-01
2.133149999999999977e+02 4.333550000000000182e+02 9.036450000000000315e-01
1.646370000000000005e+02 3.111290000000000191e+02 8.730360000000000342e-01
4.578000000000000114e+02 2.935699999999999932e+02 8.667390000000000372e-01
5.450220000000000482e+02 4.296899999999999977e+02 9.016370000000000218e-01
5.763980000000000246e+02 2.902099999999999795e+02 9.415050000000000363e-01
3.634230000000000018e+02 5.937709999999999582e+02 6.996539999999999981e-01
3.006619999999999777e+02 5.903479999999999563e+02 6.713980000000000503e-01
3.111560000000000059e+02 8.276140000000000327e+02 8.364880000000000093e-01
2.901650000000000205e+02 1.072049999999999955e+03 8.818580000000000307e-01
4.262370000000000232e+02 5.937759999999999536e+02 7.026860000000000328e-01
4.228670000000000186e+02 8.277430000000000518e+02 8.339389999999999858e-01
4.332189999999999941e+02 1.068430000000000064e+03 8.284129999999999550e-01
3.321109999999999900e+02 1.644950000000000045e+02 9.131070000000000020e-01
3.773949999999999818e+02 1.645120000000000005e+02 9.378819999999999935e-01
3.042660000000000196e+02 1.644770000000000039e+02 5.087019999999999875e-01
4.090020000000000095e+02 1.644989999999999952e+02 7.109729999999999661e-01
4.438489999999999895e+02 1.148769999999999982e+03 7.375479999999999814e-01
4.682019999999999982e+02 1.134930000000000064e+03 7.380649999999999711e-01
4.193460000000000036e+02 1.079049999999999955e+03 7.019450000000000411e-01
2.379110000000000014e+02 1.138410000000000082e+03 7.995360000000000245e-01
2.273110000000000070e+02 1.127859999999999900e+03 7.885940000000000172e-01
3.007730000000000246e+02 1.092900000000000091e+03 8.178229999999999666e-01
