5.305935058593750000e+02 1.917310180664062500e+02 9.084246754646301270e-01
5.186989135742187500e+02 3.314825134277343750e+02 9.072990417480468750e-01
3.950984802246093750e+02 3.313518676757812500e+02 8.731204271316528320e-01
3.393363647460937500e+02 5.146522827148437500e+02 9.038664102554321289e-01
2.794626464843750000e+02 3.432304382324218750e+02 9.074330925941467285e-01
6.382704467773437500e+02 3.313006286621093750e+02 8.477110862731933594e-01
7.139979248046875000e+02 4.988611450195312500e+02 9.051899313926696777e-01
7.419664306640625000e+02 3.312901306152343750e+02 9.204849600791931152e-01
5.306232299804687500e+02 7.219416503906250000e+02 7.058392763137817383e-01
4.430481567382812500e+02 7.220150756835937500e+02 6.674602627754211426e-01
4.110459594726562500e+02 9.890136108398437500e+02 8.470114469528198242e-01
3.472796325683593750e+02 1.264197509765625000e+03 8.239017724990844727e-01
6.182191162109375000e+02 7.180409545898437500e+02 7.168844342231750488e-01
6.661228637695312500e+02 9.811104736328125000e+02 8.477084636688232422e-01
7.458171386718750000e+02 1.240180908203125000e+03 8.611252903938293457e-01
4.988846740722656250e+02 1.638018951416015625e+02 9.044892787933349609e-01
5.585409545898437500e+02 1.638959197998046875e+02 9.364486932754516602e-01
4.627427978515625000e+02 1.799554443359375000e+02 9.343205690383911133e-01
5.943200683593750000e+02 1.839253692626953125e+02 8.977281451225280762e-01
8.496370239257812500e+02 1.328005981445312500e+03 6.904293894767761230e-01
8.614472656250000000e+02 1.312007080078125000e+03 6.393281221389770508e-01
7.259165649414062500e+02 1.264071899414062500e+03 8.255674839019775391e-01
2.517164306640625000e+02 1.351892822265625000e+03 6.477478742599487305e-01
2.515546112060546875e+02 1.335925537109375000e+03 5.823248028755187988e-01
3.631518859863281250e+02 1.291924804687500000e+03 6.798151135444641113e-01
